-4.494187372400955383e+01 -1.318977752797290748e+01
5.764772057950777651e+01 2.372958975531506365e+00
4.506562264805356222e+01 2.953847639172982653e+01
-8.667515311764567798e+01 -6.321672239193673271e+00
-7.007062092682717847e+00 6.208664749703103780e+00
-1.580042298365978866e+02 -1.014779661157557911e+00
-1.899037216459560966e+02 -8.920161821383581824e+00
1.426035692513132460e+02 -4.599876387886869367e+01
2.261043773062067430e+01 8.157755929979719767e+00
-8.761676556517852532e+01 2.136160376667021055e+01
1.162912044553890922e+02 -1.073339192490883143e+01
3.128876033395972200e+01 9.259983137596014657e+00
4.552503635948518479e+01 -6.762716963537749315e+00
1.605468510103892399e+01 1.087757123188798936e+01
5.573953609546894228e+00 1.944339663815521035e+01
-7.153284776820426849e+00 -9.166939869026313303e+00
2.832722077183701970e+01 -1.081108318046301697e+01
-8.260370480129529369e+01 1.361461998762618641e+01
8.071293274254017547e+01 6.130136525036548711e+00
-7.220496436834731924e+01 -3.111099257517913497e+00
-1.971877826086312382e+02 2.610736575234354007e+01
4.204611984080552389e+01 1.743591229099731166e+01
-1.479437316988871203e+02 8.639744397544255605e+00
-8.950455412220557605e+01 -2.208401540582350275e+00
-1.368623950851187487e+02 5.579110991153582333e+00
7.024545053087922497e+01 4.454419491624280525e+00
-3.438480859148091895e+01 -6.570287491492329046e+00
-1.533270079887690827e+02 -2.202091646281537152e+01
1.744022267702730744e+02 4.140580686744398520e+01
-2.869622092416113901e+01 1.807035434371908522e+01
7.285025244528765143e+01 -1.218173665965421826e+01
-9.253781072002220753e+01 -6.463003808626417879e+00
-4.744917860446506808e+01 -4.583682967562276112e+00
1.651293169055527983e+02 -4.605963591058608131e+01
-1.491556811481098066e+02 2.415636704314646011e+01
-4.717665058551000357e+01 -1.062575641850262187e+01
8.946501438747273482e+01 5.607421740227579221e+00
-1.355506161385358155e+02 4.631190535640136829e+00
7.448760550589661023e+01 6.014086271598380939e+00
-1.288734927620574844e+01 -1.104122756184242071e+01
2.586140203145672700e+01 -1.707703460269736295e+00
2.404914330567410552e+00 2.961547487920678901e+00
-1.500509566592887154e+02 1.921278752301282466e+01
-3.464700879762946784e+01 4.737046181642431009e+01
-1.845889020426746754e+02 -1.956514558538309245e+01
-8.789101376047828751e+01 -6.625285974330346050e+00
-1.269318092881965754e+02 -1.844610509820187261e+01
4.144042340300156724e+01 -4.398651311774146677e+01
7.569745036941617400e+01 -2.400237994010609910e+01
-1.004990581729848387e+01 -3.728089105951908344e+00
-9.157300750813021750e+01 1.501134446346115148e+01
5.927193196362385663e+01 -9.893246138493898556e+00
3.022010508551209540e+01 -1.306830163982401061e+01
1.775878762209286776e+02 1.106390708960485858e+00
-4.619434141311303677e+01 -1.070560994921695119e+01
-4.969396350711753030e+01 -3.806250572085551909e+01
1.446638699679685658e+02 2.180704726317238595e+01
8.307196605021694324e+01 -3.233395554019024587e+01
1.871135332723619626e+02 2.656495679834881329e+01
4.726964585080182246e+01 -5.817543069099796682e+00
-3.563243616120549717e+01 1.255561182564173528e+01
8.989027319661883553e+01 -6.003092975658985253e+00
1.391225139481643964e+02 -2.706430442908323020e+00
-2.079952276162644509e+01 1.265957873533863243e+00
1.572220455655600801e+02 3.943342137873359832e+01
3.181268990631215843e+01 -3.792747945590574155e+00
-8.720914821543310325e+01 1.078041945131964496e+01
3.879786614651099796e+01 1.450906468390220105e+01
1.163880729426297478e+02 3.245013368647481400e+01
1.604889294732430116e+01 -1.000002426951543733e+01
-7.451228352293038881e+01 -6.688403400789140640e+00
4.666540017840200250e+01 3.856107596735198317e+00
-6.674817772504088964e+01 -6.035913041877915219e+00
9.202635645546891396e+01 7.910824806273513587e+00
8.092622908756028721e+01 1.963321921359004918e+01
-1.418820587301445926e+02 1.049410597357123009e+01
-2.108175041579837483e+01 -6.030722836944592657e+00
1.718249570067551701e+02 -1.999224621131567403e+01
-8.218364226819207374e+01 -3.552285923192091843e+01
-9.312849280146453168e+01 -3.831674896456465085e+00
9.815325065501964730e+01 8.473490017007703656e+00
9.582102316205604708e+00 -2.646626492617019100e-01
1.502600259185016967e+02 -2.496937207118274671e+01
-6.881732294311045450e+01 1.371945904000989369e+00
-8.782971290215483862e+01 2.103047993387378867e+01
-2.119492219165539666e+02 -5.322170366615924308e+01
1.283876084366740713e+02 3.353577461651780567e+01
6.876768107859648183e+01 -2.748067676756249611e+01
8.312235302416885929e+01 -8.284511137132689385e+00
1.616892799596250541e+01 2.277168162543518548e+01
-1.674931983862422271e+02 5.317894412233169277e+01
8.740126511511107310e+01 -3.765369971187566112e+00
1.524674612490226764e+02 -1.288673998551656874e+00
-5.376234229297460843e+01 2.322782265381394851e+01
-1.817992018130663325e+02 1.140470258604802645e+01
3.383228703880809540e+00 -3.745223524591426933e+00
-8.459335848571213035e+01 1.908290399655600922e+01
-2.012541421162979205e+01 2.830417803206295879e+00
1.551972139858733044e+02 -5.008081366758535324e+01
-2.438713585538983182e+02 -3.737715636793812735e+01
1.293686989002949588e+02 -7.896369251943245793e+00
1.366311937519728659e+01 7.152552234808096099e-01
-7.694783573831784906e+01 -4.865459643053166694e+00
2.412217746890442438e+00 1.370652494773739249e+01
1.915765876079026384e+02 2.574072340822109695e+01
-6.349648213045960432e+01 2.031865945416329566e+01
1.942843169622150299e+02 1.516294719334248420e+01
7.756298413532077518e+01 -1.557882211060873656e-01
4.681213735551649791e+01 1.736224300982763324e+01
-4.455642806348964058e+01 -1.644061210566854569e+01
-5.676262234246252980e+00 1.497481640033897854e+01
1.653292284353628077e+02 -2.007828818165548479e-01
-1.249266515225548204e+02 1.062530555219895234e+01
1.738716778887221039e+02 6.429325514562294064e-01
-1.134920975790970061e+02 4.271785303393848210e+00
-4.793644914361354381e+01 1.512010584696152726e+01
1.432682521925180765e+02 -1.490830298402246612e+01
5.541332927658496743e+01 -1.677661495504277767e+01
-2.108704226686244354e+01 1.281559548943960403e+00
-6.926074580452548446e+01 -4.664824287866486507e+00
9.687195360746854078e+01 4.838376060386164745e+00
9.142882218818846241e+01 3.674952754359746621e+01
-1.955584310792448548e+02 -2.822443399211318749e+01
-8.958704409852369110e+01 -7.570746747424868417e+00
-1.976256939488643738e+01 1.288920299755844212e+01
-1.790148289918914486e+02 1.058098553603327119e+01
1.960034658902851845e+02 -1.524703876460018037e+01
-4.783768762820808718e+01 -1.504156146059802168e+01
1.262903100668046932e+02 2.365018643953502320e+01
-1.109374745610390391e+02 9.434030053944058025e+00
1.638160917940787158e+02 -5.228355441893216948e+01
1.362590204558646860e+02 2.025359562047159834e+00
1.251101688635852156e+02 -4.395971720544395112e+00
1.044712399252709645e+02 2.103753275561298963e+01
-4.611307573684991112e+00 -1.397525515191116874e+01
-1.169172012855824079e+02 -7.287803520916520839e+00
-7.027926930569937269e+01 3.112049552527528817e+01
-1.002685932159333930e+02 -2.422430404509467294e+01
5.128315646725175014e+01 3.009834180129487891e+01
1.534942230659808331e+02 1.272065122232832124e+01
-5.696868820207203044e+01 2.772590808137892537e+01
1.319753867546237416e+02 2.135797658455664205e+01
-8.163145331103461899e+01 3.022870000385657718e+01
-1.991759171106859228e+01 -9.910653804005571388e+00
4.867867583470516735e+01 3.910164322677251647e+01
-1.237174586156877041e+02 -7.504409648136826760e+00
1.876673851229028003e+02 1.037507511723825537e+01
-1.672391399747766343e+02 -8.514472137064631463e-01
6.065015442096939324e+01 1.788081035682879127e+00
-7.507862537685188897e+01 -2.195181245461503394e+01
-1.150503228148943009e+02 1.112172076682342770e+01
-3.864304233756412543e+01 -1.139569399120247795e+01
-1.192765481317151313e+02 -6.334448992041292748e+00
-9.763499158411093504e+01 -1.014067262502702071e+01
1.103933863711669972e+02 -2.044553345691122459e+01
6.459015570449351173e+01 -2.589071275836578323e+01
1.104208543286279109e+02 9.505707641516867312e+00
-2.633811699515553784e+01 5.533652572894689481e-01
1.142041837573808891e+02 -3.836191068672111903e+00
9.064287515192229705e+01 1.597818971787574682e+01
-6.878788626225444602e+01 8.465717340940162927e+00
-1.378642490105318608e+01 1.155171682392317756e+01
-6.838371505052036525e+01 1.258269850036069570e+01
2.359950406213370755e+01 -1.349001953885799843e+01
1.870158586311142983e+02 -1.164923010396365655e+01
1.462085314898561137e+02 3.440738859002094330e+01
1.599850718362392001e+02 1.518731723477765305e+00
-1.297951041495214213e+02 1.516654746809422960e+01
-1.573822472944665662e+02 2.044323935188213426e+01
-7.335779812475520600e+01 1.464297367390445714e+01
-1.068821763834574945e+01 2.515170149720492887e+01
9.797115090389617365e+01 -3.293955039298466225e+00
-1.494974713681129996e+00 9.703084057654510985e+00
-1.281274827467242972e+02 -2.063069503064362209e+01
1.981030381719899083e+02 2.137001864739408319e+01
6.688224683524083503e+01 4.806404781104865798e+00
1.766195076220085127e+02 1.845948092722120748e+01
-1.598216763562704728e+02 -9.569344714723587941e+00
2.331640329722357308e+02 8.993923485124714290e+00
-1.802846537856090094e+02 1.950826800426061780e+01
9.671168251997566756e+01 1.076551408955961264e+01
-1.158738255988453858e+02 -1.662380910036878845e+01
-1.633330678962691707e+02 -7.974609155927177007e+00
-7.043670733642204596e+01 1.066216624947802316e+01
7.590579132125682804e+01 -7.781172625513987917e+00
-1.196943207610366988e+00 8.497560828972671843e+00
7.031490399374476397e+01 -5.020934655430906446e+01
-7.241053741251953113e+01 1.145861555803056708e+00
-2.927103516719930099e+01 -7.186886837586436094e+00
-1.080730703555829422e+02 -7.478087419410407222e+00
-8.857726422132222410e+01 4.275087824647292223e+01
-1.379473232496852688e+02 8.483401756334311372e+00
3.819144216701429784e+00 -2.545161517066650170e+00
2.009889336993851749e+00 -1.152402675812551003e+01
3.449470267444685767e+00 -1.079344186054195021e+01
-8.866074016713088213e+01 8.092208898534613226e+00
4.560491329742019673e+01 -4.785727588943819555e+00
2.014050384105920966e+00 -5.275297041150236232e+00
-1.645396112171032428e+02 7.873485985259491393e+00
-1.679775240414502662e+02 9.087657849693403733e+00
-9.907476890151103532e+01 4.328079554525454853e+01
-7.994720567784406740e+01 -3.670434629275640237e+00
9.375940560047245853e+00 -1.875969027322532057e+01
-1.171018427632665464e+02 3.210882139943996183e+00
-7.261113620560895754e+01 6.996552965502081278e+00
-1.052323836824757279e+02 -1.842127184830874898e+00
3.692030649443753276e+01 -3.204514448568344420e+01
8.484691330708409396e+01 -2.130972381034622387e+01
-1.636907128711452231e+02 -8.042118828509604356e+00
1.234695615700442595e+01 -8.290424992206713029e+00
-1.922003189221330501e+02 4.874547917509936212e+00
-1.704857060998378699e+02 5.140179570443798696e+00
1.963050968857512757e+01 2.544136333066060018e+01
-5.341805800025721140e+01 -9.714025705855487303e+00
3.064745860676052658e+01 -2.018318135913697731e+01
-1.793629443031740323e+02 -3.099786363749612050e+01
5.172697091670065106e+01 1.451190251539287779e+01
-1.300954516118270590e+02 -4.859728233032393874e+00
-1.514453198520282911e+02 9.610163303319771089e+00
7.656334731980942365e+01 -1.000101537619962144e+01
5.293374988409127013e+01 1.218268029374589778e+00
1.473135625773524851e+02 -4.112406442538689255e+00
3.014645950086343973e+01 -1.335509337272846042e-01
-7.388080272139542615e+01 2.228986717561205921e+01
4.548455502998803723e+01 1.030617508243051539e+01
-1.496542717752175804e+02 -2.604731564201388494e+01
1.516773550585317842e+01 1.994449858738255443e+01
-1.323589247493792342e+01 1.380277108301506317e+01
-3.961303867167312376e+01 -1.876539262909205519e+01
-6.707946163916984972e+01 1.358620068977702999e+01
-4.733242209992188521e+01 -1.081081059507256548e+01
1.503404351495144056e+02 5.487493057877882308e+01
-7.679469330280909389e+01 -4.656893438828328513e+00
-1.265758025175504287e+00 -1.599271903820572049e+00
-1.473243802305340466e+02 1.764196534277179751e+01
8.304660614925927575e+01 -2.734458484693065827e+01
-6.054885871838291855e+00 2.395470982033958141e+00
-1.919178257403497412e+02 4.848905374739391760e+00
5.783957470318403438e+01 -3.622707468323510227e+01
-1.490461232335122190e+02 4.664161220568926680e+00
5.147318000280814232e+01 -5.318464242930053842e+01
-1.827011444247970076e+02 1.088393302167695254e+00
-2.100831588555760732e+01 1.318622633013053758e+01
3.493989430517595451e+01 -7.188940748212648657e+01
-1.860598538416696091e+00 8.118898131578262678e+00
-1.174024002706387932e+02 -2.063675861493127073e+01
1.301675570357081995e+02 -1.861811907081056461e+01
-1.541198247532026642e+02 -2.051072141022822493e+01
-1.728768327706991386e+02 9.231740501165684731e-02
-1.678691623023331658e+02 -1.182587666077873045e+01
1.866461793555359634e+02 1.127545972716614209e+01
-1.751431663825055978e+02 2.432686242770378726e+01
1.000409626362445152e+02 -9.879606394636581967e+00
1.020932927865235484e+02 3.399764688901039023e+01
1.049176440857973063e+02 -4.697566402464145341e+01
6.336610814685137427e+01 1.687694744705298788e+00
4.498070380184130812e+01 -2.347782873483211219e+01
1.386120639912591059e+02 8.217082632075209503e+00
-2.619377597665636159e+01 -3.241997333468993325e+00
1.667538515982429601e+02 1.617732222871484549e+00
-1.039690571000619599e+02 -1.550963395580904880e+01
-3.061093161110947136e+01 7.882434394215593443e+00
1.192405957760530271e+02 -1.717985610551421516e+01
6.599972107328105153e+01 3.539705709906832709e+01
-2.007990283092894686e+02 1.270230115455699504e+01
1.122482342180533124e+02 1.033472739275227781e+01
2.295824188230761465e+01 1.911109663136948811e+01
-1.336470396201897017e+02 1.701900633828699583e+01
-4.567601720923592978e+01 1.205838974726413682e+01
-1.190295182599016783e+02 1.616107630917466409e+01
-5.668262262998565504e+00 1.431954054387906794e+01
5.983140015471460771e+01 4.791056218315978832e+00
1.510207972673224504e+02 -1.696470895108754817e+01
1.908451659785123695e+02 -2.628262608366448205e+00
-7.979263421168622017e+01 1.333175931669541470e+01
-3.329166145527656795e+01 -2.204696567732470136e+00
1.534010700014898418e+02 2.791580526673068885e+00
-7.467269664527253781e+01 1.753395128039635509e+01
2.834444518810867066e+02 -3.966992898693581537e+01
1.597408354382889968e+02 3.923810007660008647e+00
-2.849142540861893380e+01 6.561211813076568866e+00
-1.035237750372144063e+02 -1.245154097673621152e+01
8.838460974760182864e+01 2.656119979781224671e+01
-1.282270064294131373e+02 -2.814706911836020353e+01
1.032265006159484813e+02 -1.992612902223176663e+00
1.047399767948168261e+02 1.870100359082878416e+00
-1.975317751845292946e+02 3.034300625612669933e+01
4.656304724211143053e+01 2.166144054364933513e+00
-9.899762740204430145e+01 2.533926670206502862e+01
1.352541779058748546e+02 8.572136254386171217e+00
-1.338472360626441571e+02 -6.234538492126381115e+00
1.336732729502640815e+01 -1.055445164213432818e+00
-8.750197243018990889e+01 1.278784955826925618e+01
1.379295147375845829e+02 1.705626440944571343e+01
-2.046596112360393604e+01 -2.452887277793573517e+00
4.153707628017836839e+01 9.221548880198971787e+00
-1.952738513604062689e+02 1.276935034443669537e+01
-1.068024514512902101e+01 5.236816222020829192e-01
1.024491169936134582e+02 2.079480047827055955e+01
-3.393585928190913847e+01 -2.385323189219220197e+01
5.684187292816219639e+01 -2.788407080306805952e+01
1.844916779151239439e+02 1.440662284040139518e-01
1.438951509588249280e+02 -1.683341216226438064e+01
1.000997870463756527e+02 1.584800847781321798e+00
-1.838577003360711331e+02 4.707225374894009917e+01
1.431073915177130971e+02 1.797144265600175217e+01
1.146685199049208279e+02 -3.930338151743455882e-02
1.979981518684492698e+02 6.911294033238185364e+00
3.824669146664437847e+01 -1.101782208973369315e+01
-6.149848186895739843e+01 1.346763744468075563e+00
-1.136263832244744236e+02 1.337154986192647144e+01
-1.832190019876753411e+02 2.220936667157135602e+01
-1.269238973831604085e+02 -2.605262590643731357e+01
-1.429219351010491721e+02 -3.064344098589510779e+01
1.484972234574774674e+01 -4.551611646616186846e+01
-1.504665825878052203e+02 3.786825032681173298e+01
1.101098173366511475e+02 -5.339627365410070325e+00
-1.432532237588538351e+02 -2.427325018348544527e-01
8.351668524262763071e+00 7.718455427030624705e+00
-1.341306965815032584e+02 -2.160938856688999365e+01
-4.746050941563798631e+01 2.016846484416993590e+01
-1.760087851888270052e+02 1.632376491418874664e+01
-9.761124645519404908e+01 6.040190776157550800e+01
1.875874103764505563e+01 -1.071718633765832074e+01
1.150042152842638927e+02 -1.356405867483376149e+01
1.439914098971767942e+01 2.372485749041504022e+01
8.890524025750356429e+01 4.098283793502761796e+01
7.735144477805927288e+00 2.063048690427730314e+00
1.341727370313222139e+02 -2.011629945645238138e+01
1.018410202457686253e+01 -1.720416917925038547e+01
2.023392281581342331e+02 5.853031202886851858e+00
-4.187681725265520782e+01 -1.878401866048845648e+01
-1.073275957250999255e+02 -4.203759744363988204e+01
1.768073596101568512e+02 -5.909445642355911588e+01
-1.813922231027518350e+01 -9.203245356538241495e+00
-1.238079761556448277e+00 1.240952413182986191e+01
9.106269125538676690e+01 -3.577820663722862893e+00
-1.535096691687153907e+02 -4.039012006857525705e+01
7.414907263899435463e+01 1.083357327320052832e+01
2.110688021962684786e+02 -6.195433518564118280e+00
2.054159451144308264e+02 -1.805273736753206748e+01
-1.736829976862134401e+02 3.741126442268377872e+00
1.792117171053957847e+00 -2.811443516248866459e+01
1.074275807449063791e+02 4.291514132346975430e+01
3.080221203353798032e+01 7.091201944887126629e-01
-9.693200471528540163e+01 -1.566040567224555424e+01
9.464100557580223949e+01 -2.681407203895170710e+01
-1.524819126809112788e+02 -2.589223691897388946e+01
-3.077364080186852036e+00 -2.572367717565293077e+01
6.072595716245607633e+01 -7.866265152763156188e+00
-3.937284173844197710e+01 -7.717698668599684453e+00
-4.992847930536910184e+01 4.596157834221209271e+00
-9.339512555046609066e+01 1.585033143059275318e+01
-1.083167228368699853e+02 2.140611941918951988e+00
5.957789897795328216e+01 -6.597047703895279724e+00
1.706435769503143263e+02 -8.033612472574915842e+01
-1.150503662147750106e+02 6.446398893405530295e+00
-8.185383601959600242e+01 -3.679773389667871442e+01
-1.075133505417258561e+02 -1.623847539954133667e+00
-1.217727830824796769e+02 1.163749746707859956e+01
1.264891566023031899e+01 -9.109927508462613233e+00
-8.664835929452443963e+01 -1.447670064400920431e+01
1.567983254493687468e+02 1.193180313722619790e+00
-3.089414298088242106e+01 -2.284707077930764285e+01
-3.277425329409222599e+01 -1.156652033401925195e+01
-7.815371728546539032e+01 2.678767769627935635e+01
-1.888209687958448342e+02 -7.542222319397192898e+00
-1.114724922645342104e+02 2.161722293709380693e+01
6.308061233982754601e+01 5.282603933233373183e+00
-9.084748265185575633e+01 -4.827806163912298132e+01
1.291298217934728427e+02 -2.872198888832634367e+01
-8.673670249445943625e+01 -6.607104096614149213e+00
1.610515368711772624e+02 2.722076225268740934e+00
-6.790043763514519526e+01 -2.994079021630380311e+00
7.504803808682994770e+01 -7.448592797293822620e+00
1.745205949925048117e+02 6.608306707690172033e+00
-6.148346573897208600e+01 -3.399305376348659991e+01
-5.657804853629941277e+01 1.266320429677231241e+00
-5.586631824404378222e+01 6.946789382452361217e+00
-1.374618259086424814e+02 -6.463007289129621413e-02
-1.260468190813186311e+02 -5.194572855030630620e+01
7.501965561992865617e+01 3.398896408259398783e+01
1.089511890906871230e+02 2.351303438950464564e+00
1.503544397949562494e+02 -2.349901876198693884e+01
8.217686795481628792e+01 -1.552289563546067619e+01
-2.949170901964069103e+01 2.659592751971398883e+00
1.087476430997658241e+02 1.010789608634488523e+01
3.030738889927465252e+01 8.326178656671253009e+00
1.721218883508694262e+02 1.653762116921410197e+01
-1.992437149845870863e+02 -4.784448216286847355e+00
8.876930511100455590e+01 -1.268087209703800688e+01
7.638899515718406974e+01 1.946017685656842300e+00
6.204696117633711339e+01 3.706363988441918877e+01
1.596192950136177444e+02 -1.628162485093999079e+00
-1.849485031515921563e+01 -1.173835088127307458e+01
1.576424696298920480e+02 1.314510113391545998e+00
-8.928720726140802810e+00 2.891508241068284590e+01
5.331938722167479483e+01 8.745879434784995965e+00
6.348936941124573252e+01 -2.897252280705153638e+01
1.648223623527534016e+02 -1.073290831830321679e+01
5.416682055686796815e+01 -4.012071451001832401e+01
5.722683226961028424e+01 -9.226615676581873871e+00
-1.146899448017948799e+02 -4.418627956120950273e+01
-1.044836636216051176e+02 1.257931137888447282e+01
1.842157267205936932e+02 -1.910241586771828537e+01
1.737460052007087654e+02 -4.125505947978203025e-01
1.458147073542044154e+02 5.592888351417482085e+01
3.564975142543534758e+01 -5.244396286693400633e+00
8.639313303205069872e+01 -7.250992158824286271e+00
1.093915135010269921e+02 3.236817624784645853e-01
1.825641630410680705e+02 2.742796505706605714e+01
-7.581203243690244165e+01 -3.410264318768898306e+01
8.597068883519395399e+01 2.803439225001069346e+00
-4.821803356622933734e+01 -7.374911812441673931e+00
1.600612195143155958e+01 1.207372828359343941e+01
1.562006901094189004e+02 8.916404825414673496e+00
1.079526123206999273e+02 4.085175875952005953e+01
-2.285877813338325026e+01 2.052588944038241792e+01
-6.359698916928699930e+01 -1.413602872187664561e+00
-2.202919326523278869e+02 2.711135619007457009e+01
2.719901679941256845e+01 5.499844787860388884e+00
1.699310413147038545e+01 -7.773425179795016682e+00
-1.665019538596444875e+02 2.463011443668420597e+01
-1.221620729264815850e+02 -1.124163944933957815e+01
9.849304454934400610e+01 2.448602867032053965e+01
-1.628114800056428351e+02 1.981385598496228440e+01
-7.797763278587642333e+01 3.149485737436061861e-01
1.111485352989388957e+02 2.545230899669862623e+01
1.600254952120994005e+02 -4.347923794644207618e+01
1.436485913983350216e+01 1.998192669364464491e+00
1.336341866042684217e+02 3.005424960308450011e+01
-1.883030767314410241e+02 -1.228598594371581809e+00
4.254616387684544065e+01 -3.823820520758341335e+00
1.417857718784205758e+02 -1.307768016071699257e+01
-9.678170315715664174e+01 -1.751296462783771490e+00
-3.144346622737497654e+01 2.071470585142989052e+01
8.509406480756537405e+01 2.006549368277414658e+01
2.573508475657645178e+01 -1.092836960643380095e+01
6.270153928963012646e+01 -4.010968315861519073e+01
1.193149737425952708e+02 -1.935470745137035564e+01
8.136774384677752892e+01 -2.360526127817792030e+01
1.193066939546691856e+02 1.332630356377348946e+01
1.181706476836152859e+02 -1.789606084656846718e+01
-1.251565232219563484e+01 2.306492524791802623e+01
-1.634305267320279995e+02 1.592033053729216796e+01
4.803279584019682602e+01 7.954788684979037683e+00
-7.798768763849773222e+01 2.776994037116773839e+01
-2.700325723002538325e+01 -3.471231598510122751e+01
-1.521265557410222016e+02 -4.187373914001143049e+01
1.539902546114998927e+02 -7.594308637788306449e+00
-6.562927150221747752e+01 2.219278896691594838e+00
1.882837457617853829e+02 1.573059291925691738e+01
-1.076062671053482234e+02 -1.279096669331451830e+00
1.372310306075330004e+02 -1.246582017023843925e+01
-9.704018335905733039e+00 -2.405108650345157972e+00
7.136935280974947560e+00 7.653650630056078263e+00
-8.289076476392708059e+01 2.271299714879033971e+01
3.774849892068323243e+01 3.774556531245195856e+01
-6.917648850577405994e+01 -4.926799286353498175e+00
1.651785448552857360e+02 -2.152453112061716922e+01
-3.967232707295130467e+01 -7.994007668325268767e+00
-7.689437558845281728e+01 -1.632190201032014443e+01
-1.105589368863550970e+00 -2.962237436412759273e+00
-6.778454893919814150e-01 -1.326470256351337440e+01
-1.557825236204792247e+02 3.252369757964660835e+01
3.444330449500273517e+01 -1.416152757094287828e+01
-4.661551568824834391e+01 -1.406455776505252997e+00
1.342240814845635839e+02 4.322166173614272466e+00
-2.161530444819727279e+02 3.128010877881003182e+01
9.787289739028813074e+01 2.028528927163512563e+01
-2.924070340942899549e+01 2.858554008481679531e+01
1.745249096924399907e+02 -1.100778877559609192e+01
9.838090688822072138e+01 2.009095965768198866e+01
1.681292386353233042e+02 2.507069684390833686e+01
-9.193111979386702615e+01 -2.068024078310727987e+01
-1.005022018739045251e+02 -4.470774398771110469e+01
1.696704211918344924e+02 -8.470497676937044362e-01
-1.747628040527469580e+02 1.525217774165757945e+01
-5.237145622942265710e+00 1.648711769760054935e+01
7.013484624997224159e+01 1.403193658462823734e+01
1.490142277094260521e+02 -2.333406897212273279e+01
8.523468504501676080e+01 -1.300738117161726137e+01
1.605994446369389550e+02 -1.473612572334388915e+01
7.320572197394973557e+01 1.501285754284519847e+01
-1.230823215884646089e+02 -2.133038928899344100e+01
1.535135962583603657e+02 2.840674191670635196e+01
-1.237617844781308492e+02 5.687615377694285712e+00
-2.817223333921977613e+01 2.338070224620510373e+01
-1.481230917144789032e+02 -3.131731787810002388e+01
-1.647630563066837226e+02 3.261120263519512896e+00
4.801981833158831847e+01 -2.382667942188792409e+00
1.185899707604679350e+02 1.390714424132890770e+01
-1.293401844369648934e+01 1.369893227095451849e+01
1.843473092747505291e+02 1.002076776273793079e+01
9.166597888200476518e+01 1.950442175996353100e+01
-1.307190321576663052e+02 -5.322901286174936786e+01
9.203830645558798551e+01 -1.637889991590000704e+01
5.871703280250725498e+01 -4.306122374311892820e+00
1.717160187219097907e+02 -1.136600947572562958e+01
-1.331115992122769853e+02 1.451977305270874297e+01
1.008211084980917320e+02 -1.738051794968930608e+01
-8.126991739323290176e+01 -2.734817271118260962e+01
-1.929856969641317477e+01 -1.141620982050999267e+01
-6.079599680076506019e+01 -8.523305516055524222e+00
1.731961718360344094e+02 1.562430872485374422e+01
1.647043281952771849e+02 -2.247326520364054048e+01
-1.790412291614833862e+02 -2.549809004465594775e+00
-4.365646766680603719e+01 -2.412811909593469295e+01
9.615355671677117755e+01 -8.687625331986989607e+00
7.075131511045449884e+01 -4.406030474293870469e+01
-4.706752896246610618e+01 -3.259821640509098728e+01
1.389131520623085692e+02 -3.486923371047824016e+00
1.219634090147136334e+02 2.061087299968703945e+01
-4.397037899808681516e+01 1.937136855550615522e+01
1.540875673411448759e+02 1.641091328547656047e+01
-1.267734806421805587e+02 2.569248741906297084e+01
4.079442066460316596e+01 -3.729371489112130433e+01
1.279180362583814343e+02 -1.526192512543951096e+01
1.067876397831327893e+02 1.037623482330863567e+01
8.823569132930298053e+01 -3.681721533027834337e+00
7.685658254054682459e+01 2.458561410383804713e+00
-7.850534713192850234e+01 -9.294171610279953200e+00
-1.977238995009920473e+02 -1.688050218384520917e+01
1.257531828628924941e+01 -2.418410284009380185e+00
-9.819728519640237607e+01 -8.736668410528277917e+00
9.553791529342191780e+01 -1.220164228911779070e+01
4.278308852931825612e+01 5.120069016843920906e+01
-3.448454167076620891e+00 -1.064745229127802340e+01
-1.341009174520342810e+02 -8.912180886592780737e+00
-2.006002575800082184e+02 3.779002814994218085e+01
-7.040092722491566235e+01 8.508937540140964373e+00
5.423198192280829488e+01 7.652131496917760067e+00
-1.640896945248697492e+01 1.850381242859301878e+01
-1.027391966542114119e+02 -2.343149677961791255e+01
6.959574136352317453e+01 2.239371160173978126e+01
5.421223725093145163e+01 -1.018788205307303585e+01
-2.166494802671550417e+02 1.511387274991633722e+00
1.501083546254026828e+02 -1.877389939749198078e+01
9.390602450445743443e+01 3.622778755409272122e+01
4.436508295917810329e+01 -9.560150762764829224e+00
2.066413895267702827e+01 1.545328010629036086e+01
-1.248438716095754053e+01 -5.462955830001538615e+00
-8.121086950608852817e+01 2.091652614353061068e+01
-6.296473758093394935e+01 -4.658344091516927676e+01
-1.373132390243333418e+02 -8.814418775484382351e+00
9.771368646696849680e+01 -4.862070058670608930e+00
7.885662019675790191e+01 -6.796760437386611287e+00
-6.586799494357951801e+01 -9.268312453652661986e+00
1.250395156449330525e+00 2.355841033493787151e+01
-8.041340631975799624e+01 -2.626374655028241634e+01
1.004043463729781216e+01 -1.534636665972443081e+00
4.264037900264582248e+01 1.720903784600805508e+01
-1.196360900229315689e+02 6.948187940949242858e+00
-3.032326299557445282e+01 -1.781264842556016248e+01
-1.553197178216295242e+02 2.324405051471676487e+01
8.517751333236117262e+01 1.561322141532770758e+01
7.892908042115362122e+00 -1.997644703765134011e+01
-4.225550294582886579e+01 -1.548563495658694888e+00
1.797289317804440145e+02 4.795269011020034000e+00
-6.460546986072160713e+00 -1.706227057190561780e+01
2.059067546993777853e+01 -2.127754222544649565e+01
-1.078886144326462926e+02 -8.624750452103155496e+00
-1.644553159766955730e+02 9.854988219827150786e+00
5.413985713176454340e+01 -1.412292191740857916e+01
7.531674950249467315e+01 -1.884457776057866241e+01
9.002340861404142913e+01 -9.931548970135256837e+00
1.190417945632972696e+01 -9.799316131617814563e+00
8.187832758666696975e+01 -2.750629377575248924e+01
-1.263158180326115598e+02 4.960126098636572500e+00
1.579672123526925986e+02 1.258467330131222894e+01
1.730715882062272328e+02 -1.724180576794562114e+01
1.426559694913065641e+02 1.555523162583695829e+01
-8.780341732449412007e+01 -6.688053573523824902e+00
3.396649202045275473e+01 -7.896274187804655398e+00
2.677860436829741531e+01 2.529005536461724191e+01
2.463895023742480106e+01 -7.164526928991925558e+01
-1.065953028445524353e+02 9.401256683429522809e+00
8.648335503839379612e+01 3.501254384305563860e+01
-1.412092294812768216e+02 2.039916836837293967e+00
-1.647546603556482125e+02 1.312668111486236988e+01
-1.896903749533234134e+02 1.499926718987191343e+01
-6.233096006563685165e+01 1.094636318514031181e+01
4.327987136368751209e+01 2.184472757067956294e+01
7.603741219609679547e+01 4.874091191679442936e+00
-5.354016508647840311e+01 -1.147507625097716399e+01
4.239744825644006454e+01 7.725590096013038810e+00
1.646596778769698517e+02 2.341642950144932556e+01
1.056678822021891762e+02 -1.794653763099428900e+01
-9.670342572070835274e+01 -3.089500721306059461e+01
-2.099375146025389682e+01 7.752601562447821948e+00
1.288455999790396618e+02 -8.492329787431547317e+00
-2.396940312248488691e+00 -4.424008879233421787e+00
-1.716901852779428168e+02 1.919461909897180618e+01
8.832388253056246086e+00 -2.449284861285795856e+01
1.195391450348321882e+02 5.068885194903847946e+01
-2.514485022634389466e+01 -3.044939993492877051e+01
5.298959334849362079e+01 -7.571306837928506894e+00
2.398700596501184350e+02 4.044966548600450462e-01
1.791600435383213608e+02 9.790451804540017733e+00
-5.334593011834032694e+01 -4.535836159153860514e+00
-1.137882546362073413e+02 2.423233529832198840e+01
-3.192651630900494197e+01 1.007000143346845178e+01
1.834210649209462929e+02 2.736222245935089337e+00
1.593501835365897534e+01 1.941320430846180223e+00
3.205913558225528703e+01 3.320361025730099502e+00
7.478360326902489419e+01 5.301941938616177019e+00
1.701399035102240873e+02 2.001341645468823316e+01
-1.264450901707152468e+02 -1.918214528430207455e+00
8.213315081339445101e+01 -3.372839527604626397e+01
1.491063394568622300e+02 -2.860474954049981022e+01
-1.875441372465276402e+01 -4.314829433994433572e+01
7.349018177472585478e+01 4.745122319327196436e+01
-9.428094593081375763e+01 -2.434262579271029292e-01
1.357322221456805096e+02 -3.464578715044160706e+00
-4.197598341705302971e+01 -7.571483909356585329e+00
-9.844256343629349715e+01 -1.078890384421325876e+01
9.240560660523685499e+01 1.582943326100182979e+01
-1.475520481299827225e+02 6.054012628565237364e-01
-1.628326926237571968e+02 -9.716986184527600656e+00
-8.130786274189244978e+01 -8.590634512160317371e+00
9.930683835713806218e+01 2.300416909152047396e+01
9.156743753378685824e+01 4.255514457100363046e+01
-8.362200733926982821e+01 1.282722086503853198e+01
-3.128669777488876491e+01 -9.939651098487926717e+00
1.129768752434181067e+02 1.624487399453000336e+01
-4.789426907735377270e+00 8.834414887403186256e+00
-4.425384853848075295e+01 1.531363795509751213e+01
1.743210276464912170e+02 -4.157096337507663719e+01
4.134811210971664508e+01 3.227718502970356695e+01
-6.799232406592878419e+00 3.761408998956460525e+00
-1.096289311220555476e+02 4.805265238355048041e+00
1.358486300252014303e+02 -8.705387390104677436e+00
-1.079005182195748773e+02 3.686646825942009542e+00
4.761596997077431581e+01 -1.444648822865585203e+01
1.753658793821202977e+01 4.516185344510141420e+01
-1.510906117225913192e+02 -5.676980454314689339e+00
1.220679663714952881e+02 -2.338187151627416327e+01
-1.367896360949855250e+02 2.189879852498154378e+01
8.690665336944795172e+01 -8.494937293292265323e+00
-8.030998036435880394e+00 1.966796671345851877e+01
2.153154602322169637e+02 1.344438774150264493e+01
-6.804575255697760383e+01 8.302515296780311971e+00
-1.700393753815394859e+02 -5.155771856357610261e+00
-6.948125889616497375e+01 -4.519307190969953325e+01
-1.270508343929565598e+02 3.055750265741120941e+01
8.713500712089283695e+01 -1.838258183560980186e+01
-9.499085984656711901e+01 -7.158244790439989735e+00
4.661361225728677482e+01 -4.398405851683613754e+00
-1.566997692676286249e+02 -1.369299923190783019e+01
-9.032942767622495595e+00 1.120890118621003140e+01
1.731474117538239454e+02 -2.066619371925476401e+01
7.952689618551758599e+01 -4.331995675127257073e+01
-3.250636122815278384e+01 9.608098407452155598e+00
8.827208411789639797e+01 -3.563645560992164896e+00
9.804575399581176498e+01 -3.334443847945914641e+00
1.060278638374811635e+02 2.271097988706425852e+01
-1.390431124071261308e+02 2.468669506188257756e+01
1.497370427918938844e+02 -1.134860950595511841e+00
1.714070680839696195e+02 -8.848239747735862082e-01
7.325853317045354629e+01 9.082243011541720756e-01
6.608957280330595552e+01 1.646718677567942990e+01
-3.060358240975941513e+01 1.390410550638626574e+01
5.960035068019392313e+00 1.183457017944507506e+01
1.845597915570136394e+01 2.349176142789435318e+01
1.228316981141858690e+02 2.752151077214382013e+01
2.673087131688008000e+01 -9.673216847284246356e+00
-1.102728627486090147e+02 7.305539717882028938e+00
2.450285245973199366e+01 1.033428172997460509e-01
4.091389383427118531e+01 -2.720239055501884096e+01
-8.800407098984875631e+01 -2.385210447051483840e+01
6.935923903484379593e+01 -2.024570489031200893e+01
-1.719557650214915725e+02 2.094599930125419718e+01
-2.234860264051582135e+01 -1.531605076517279329e+01
8.729282592245741768e+00 2.387874205298711772e+01
1.634815170033101595e+02 1.514631388174015747e+01
4.686394516125676546e+01 -2.515674811766987062e+01
-1.324182367637889399e+02 2.822313577879191016e+01
1.315805824741461265e+02 1.921761782088964310e+00
-2.094128675623914049e+01 1.595676016139219611e+00
-1.865938884795399133e+02 -2.110007715505062365e+01
1.043758609821340286e+02 -1.869116358978311254e+01
9.216523583062161151e+01 -2.329673775968623062e+01
1.042747874193593560e+02 -1.251940731608727475e+01
8.799785312854793062e+01 -1.329777547382735925e+01
1.134477003865998412e+01 8.677654213208464640e+00
3.298154479495841684e+01 1.010042456586308290e+01
1.802552344785469174e+01 1.669842407975767173e+01
-8.652580475268831606e+01 2.860448361220607438e+01
-1.252573083682484310e+02 1.126967459078164779e+01
-1.631605883010877847e+02 -2.017271650845436692e+00
-1.759356246876110141e+00 -8.180154601230704259e+00
1.369602216102567240e+02 7.257965190667816646e-01
1.269995215238882764e+02 3.623449886252311813e+01
-1.263628035206389910e+02 -1.998293950709426170e+01
-5.734213561230729539e+01 -1.026854179682989532e+01
1.332415286188984567e+02 -7.065782278061728761e+00
9.123662220994988559e+01 -1.897380377811777663e+01
-4.567909849920765453e+01 -5.988808496612592513e+00
-1.360016097659340062e+02 4.608379980076446003e+00
-1.207851608591739101e+01 2.163486687764924454e+01
9.583563094076716027e+01 9.909664808294696314e+00
-2.016690524413380672e+02 5.324335628076151128e-01
-1.890564582063300634e+02 -2.098038396814586815e+00
2.228195422534829362e+01 -7.355005528038685014e+00
6.956060762840040468e+01 -2.254957477115324949e+01
6.892300683787388493e+01 8.181450915855443817e-01
5.860313403991388981e+01 -1.852321856268426004e+01
-1.288825559687882389e+02 -2.741632315740957893e+01
1.632850938129661245e+02 4.031235074270161789e+01
9.491439218969981084e+01 -2.176706450761755729e+00
-4.474847286794448209e+00 -4.381655002171597602e+01
-2.133758390798832494e+01 8.324981790922066693e+00
-9.864940951248942724e+01 2.028741807421856080e+01
-1.610298873503281314e+01 -6.089335470158501629e+00
-9.374675606280483464e+01 1.062023943279346661e+01
1.297770348932385218e+02 1.312850994847272013e+01
-1.747385075489864903e+02 8.638764604452806140e+00
-1.791198758730683949e+02 -3.104170978894400790e+01
-8.528638967121082715e+00 -1.520284409658493097e+01
1.880449047943240544e+02 -7.683140133800661964e+00
-7.302171919392284494e+00 -5.891015005567955853e+01
-9.248641621384420475e+00 -1.248338317005534037e+01
1.139990154731765415e+02 1.356970441394470939e+01
1.542372129592564818e+02 -2.736058180967664910e+01
3.390429112163543834e+01 3.565422944032445862e+00
1.719045834507583947e+02 3.223935067408401522e+01
-2.145845098476367525e+02 -3.271740812709013824e+01
7.859284595098550597e+01 -6.035306188679495421e+00
5.841035976562557863e+01 -5.446187921209079796e+00
-1.242231764828178058e+02 -1.790445399008667593e+01
-1.212436886215210166e+02 2.086757078781205266e+01
1.507424019866949436e+02 -6.653504617235723728e+00
-9.035749891535635925e+01 -1.105048122939898469e+01
3.389395569840713307e+01 1.555668374458135084e+01
1.272598445931901665e+02 -1.849089564056405166e+01
1.305194767225808903e+02 -1.988396011610945990e+01
-1.391836200931769270e+02 2.010884760022980799e+01
1.270345070693382468e+02 -5.929525518504628501e+00
-5.355430305937428415e+01 -5.009408054680857703e+00
1.229783523443836089e+02 2.197723676495300538e+01
1.350839492692241492e+02 -7.844844628748533222e-02
-7.457909638338345815e+01 3.019632601524604443e+00
-9.392702890323889164e+01 4.511525299364397057e+01
5.023728243015128214e+01 -1.596861066119852524e+01
1.817171788396498471e+02 3.611720653847749318e+00
-2.429285327839158271e+01 -2.401902588837950159e+00
-6.441014388257777057e+00 4.897948408699363654e+00
2.750795693519074714e+00 1.280130109346119838e+01
-5.380996948657330137e+01 -1.719799565565531196e+01
1.603539041295821335e+02 2.240334845785799089e+01
-1.076594851853734411e+02 2.925169547753200661e+01
1.833335132258196154e+02 -1.929664898447441601e+01
1.535694714013967257e+02 6.080591328482019442e+00
-1.838940660113510432e+02 -1.314205067888032730e+01
-2.239426941078982338e+02 1.060052775246233736e+01
5.836671992918454066e+01 -1.812890476195594758e+01
-7.019244565128960289e+01 2.951412792418211861e+00
1.455981322929426938e+02 7.202095044517569100e-01
-1.312442277498570888e+02 -1.060229585830732013e+01
-7.130840997896132194e+01 -3.246238524017725613e+00
-4.621127331844967046e+01 -1.446014715281343044e+01
3.529256638204262231e+01 -1.441978616703690896e+01
-1.512764199967149921e+02 1.958707174297747855e+01
-2.622671556021103711e+01 7.282523284182163437e+00
-2.114869069222104656e+02 6.673200072551752626e+00
1.125846078050870318e+02 -2.142506432404658767e+01
1.605064994871356276e+01 2.855004110462168398e+01
9.105809075269252162e+01 -1.944405477912658275e+00
-3.812357289496824819e+01 -4.675539135774818611e+00
9.532828628434754137e+01 3.775140553062616533e+00
1.267441164685079400e+02 1.240067607141788919e+01
7.946547008309730131e+01 -9.408138626463655729e-01
-1.099190090928484267e+02 -4.287626191022638977e+01
-8.416846615822863953e+01 -2.429757765450125362e+01
1.444324126361498770e+02 5.995328453271107527e+00
7.969133820445772187e+01 2.391443371200186618e+01
-8.957351049915975238e+01 -2.025733519388272441e+01
5.777522797386450293e+01 1.195381403677223675e+00
4.594150434303720942e+01 -1.539424319153570764e+01
1.711990031179587959e+02 7.192997818910473740e+00
-8.188559232015784062e+01 6.598114375054684011e+00
-5.425490353535155208e+01 -2.531409588231703367e+00
1.893617122998284401e+02 -9.992610423661911767e-01
8.115288624026933917e+01 1.005488363512504080e+01
8.571194805666360139e+01 -8.265169524000022250e+00
1.583638475399606307e+02 -3.767482825372174204e+01
-5.723958980821765863e+01 -4.144989543444294355e+01
-4.784268209960190887e+01 1.490756040332813370e+01
-1.033966074115593443e+02 1.832249895926618777e+01
-1.549048575491300994e+02 1.029170212316491195e+01
7.658995162860684047e+01 -2.447710811163327804e+01
-3.331963367377953489e+01 1.172683421788596608e-01
-1.951525998883125510e+02 -1.162103362162093134e+01
-8.650803475424291378e+01 1.151005097597304605e+01
7.335338471131152005e+01 4.898024027568165195e+01
-1.732911957504737472e+02 -3.648353143761261919e+01
1.517590480078107760e+02 1.333017181116537309e+01
-1.172243393629055248e+02 8.041217707426588035e+00
-1.070056398059812608e+02 -1.501159737238817726e+01
-1.398853803589303801e+01 -8.853803151513423231e+00
1.578348181934455496e+01 2.085378938029068863e+01
-1.115235567036745934e+01 3.431704365833646797e+00
5.168028226924218416e+01 -1.097219426657992081e+01
1.357748258912184554e+02 8.643769246293159014e+00
1.175607238694885268e+02 6.321952697388754316e+00
5.890701057512444550e+01 -2.255745425476255051e+01
-1.426106244542764045e+02 -2.877477577741762005e+01
3.669948403444318075e+01 -5.864693874162049347e+00
5.458312465792740653e+00 -1.485144298105802285e+01
6.960644823724609864e+01 7.395546239541729960e+00
-1.081171664406712267e+02 7.006678902395854003e+00
5.926497968515302972e+01 -2.728226400595024614e+01
8.023000018558586532e+01 -5.688106024817000161e+01
-3.868469353424094948e+01 -5.208548955480307718e+00
-1.354654411418455595e+02 3.846338186185107588e+01
1.490474194793854110e+02 1.688881199412276146e+01
-1.921966954017458420e+02 -6.543835474763835869e+00
3.409680118738466348e+01 3.663325079747155932e+00
-3.051974107444757056e+00 -2.351710329751602657e+01
-2.028418565602470949e+02 9.564788411464011375e+00
6.978609178290275850e+01 2.660992307817782887e+01
1.397535675795226195e+00 -8.503718418383080291e+00
8.761414250945615834e+01 1.281731335020667473e+01
-1.886538044116354627e+02 -4.653972415536284934e+00
8.032927121613309396e+01 2.500435666565194737e+01
-9.665968863387719878e+00 -1.712715325080661088e+01
-8.231151526787894568e+01 2.314241716845482344e+01
-6.088195487836407693e+01 -8.229178440161952324e+00
1.708749641726788582e+02 2.384277389457651353e+01
-1.754240721250108663e+02 2.307583572172805120e+01
1.548296429440715087e+02 3.065622365971093188e+01
1.245969143232630074e+02 -3.996980580685910667e+01
7.545451589375981882e+01 6.827147971583009678e+00
-8.358008518636711415e+01 1.793752857912819465e+01
-1.066497571387174759e+01 -3.231736843637586620e+00
6.479758362556940199e+01 1.133382270852390933e-01
-7.034438670995366749e+01 2.593345272130454404e+00
-3.390281316514676035e+01 -7.547518990055594656e+01
-4.252858629593579565e+01 1.091461269540338286e+00
-2.771965439625365946e+01 1.326188463800643191e+01
8.779114600234336763e+00 4.860507259657237000e+01
4.097231029146618653e+01 -1.413333508621548518e+01
1.162939240236041059e+02 -2.819981513595280376e+01
5.491166589888506877e+01 2.770870479667943087e+01
6.930529524862918400e+00 2.293891376843844654e+01
-9.380330267499395802e+01 1.817859021279099707e+01
4.062912180994823785e+01 6.352278824390117151e+00
-1.274233449036204320e+02 1.655788937279210771e+01
-1.522620316022607483e+02 4.883371914291308968e+01
1.895550131246773446e+02 2.091617449960813246e+01
-1.278001209554682447e+02 -7.259715919470154155e+00
8.293190322668588976e+01 -1.010617455199290404e+01
1.696021840236356297e+02 -1.662884239516834839e+01
1.167099688687744674e+02 -1.336994217068975921e+01
1.278296505720974352e+02 -5.754594722299427367e+00
5.946548503408360631e+01 5.842409542645865983e+00
2.183878488635842814e+02 3.673280351834824842e+01
1.404403643701686519e+02 6.579072316823938671e+00
4.001247892012412422e+01 1.586298567021824368e+01
7.080784804615992023e+00 7.145302454622775912e+00
-3.235290726261240479e+01 -2.527125829732003393e+00
-1.941251610268024876e+02 1.646613802962928474e+01
-3.805848094779210555e+01 5.921291873261625760e+00
-1.846170950417553343e+02 -2.163084572941099282e+01
-3.882063766398401583e+01 2.235518868968087247e+01
4.285773318053295355e+01 -6.056803285944810655e-01
2.394973975509579702e+02 -2.804669575322776254e+01
-5.568273208493375392e+01 -1.815212994965778748e+01
2.058657696499321332e+01 -8.280577710881027897e+00
1.629721047654698225e+02 -3.503316994160296360e+01
-1.816878030573541025e+02 7.273205540686357828e+00
6.231504796665946344e+01 3.748212319544546745e+01
-8.692799743545447200e+01 6.414881671225370674e+00
-1.514604007552522944e+02 -1.371036319562414185e+01
1.819803039136383234e+02 -1.026485429713531339e+01
-2.900712929244869187e+01 -6.634594910385834154e+00
-1.456276279257282340e+02 7.818571528120480707e+01
3.286246506168042458e+01 -1.692833756617228147e+01
2.404320572866843619e+01 -5.152265178055775330e+00
1.260786053753965952e+01 3.858125563423949522e+00
-5.929253569744485475e+01 1.649957559222900727e+01
-6.970128945594678882e+00 3.232751391146596376e+01
4.073860440910224412e+01 4.759874478199814263e+01
1.140068921937274666e+02 3.610756605977720746e+00
-1.734197812961518537e+02 7.032641780185370450e+00
-1.346500291779856013e+02 5.912914543402406631e-01
-3.157107890052987642e+01 -1.258545619342010013e+01
3.253851935397964468e+01 -6.380146191114772769e+00
1.146847038870817812e+02 -2.529607014733487347e+01
1.341811805160402571e+02 -1.231803648680159569e+01
2.111296307692160497e+02 6.649022110131056706e+00
2.115231327607644971e+02 2.400788078233346390e+00
-1.295817964196358503e+02 1.339288443085927227e+01
-1.934284635147352915e+01 -1.039308719630436428e+01
1.262018842103224614e+02 1.313976605208932646e+01
1.708500918633092454e+02 8.273578978282474239e+00
-7.627933050857937758e+01 -2.282595834255724654e+01
-1.129204356134828373e+02 5.587546110370145414e+01
4.076384197646193286e+01 2.955546947269362690e+01
-1.540963329419109300e+02 5.154474249808484565e+00
-6.357710924873551761e+01 -8.736908730536059764e+00
-1.520332355332839569e+01 -2.573195884668534106e+01
1.403472105731039505e+02 1.117652091567414629e+01
6.892604606723345739e+01 -7.103481536145976882e+00
1.197090263414241491e+02 2.486057811477034107e+01
-4.817112225816986282e+00 2.725098553749679198e+01
-2.106336967260151880e+02 -1.438694087743150662e+00
-1.852414507292766928e+02 -3.740093766099086725e+00
1.704745682002030378e+02 -9.138670638345223196e+00
8.729274471320051987e+01 1.833647279350452663e+01
-1.310404903952282751e+01 -4.454146312838506105e+01
9.209635955684400699e+01 1.041722766489148100e+01
2.024986060488139969e+02 -3.120153121658467654e+01
1.075484132664364125e+02 -6.817470001568659121e+00
1.281422717253564336e+01 -1.109221357673122910e+01
2.872303202064091110e+01 -9.000410549036123697e+00
8.767575069806601107e+01 -1.805277898289678973e+01
-1.795769545039046591e+02 2.499023598586966344e+01
-4.155192554301681440e+01 3.148886413155028308e+01
8.760931407243253943e+01 -4.661201071049815958e+00
8.158588719110336740e+01 9.077582411104629045e+00
9.470616634176485604e+01 1.710785544947096426e+01
-1.127112471461292103e+02 6.075153049036553732e+00
1.958310268201396198e+01 2.848828706292128032e+00
-1.908250354538232898e+02 -1.294377245243756391e+01
1.514373320263007088e+02 7.917117408761614961e+00
2.609241701273959535e+01 -1.280312274622485980e+01
-1.424392595816764242e+02 -6.288697895691711004e+00
-9.797684261426395835e+01 1.720143007965581816e+01
1.204979926151853675e+02 9.769369275951047982e+00
6.972969128314013609e+00 -1.547002544468933483e+00
1.604661916551880836e+02 1.927449546992309592e+01
-1.509448567183819989e+02 1.825116402167090968e+01
1.819511803824170215e+02 1.004467109415262271e+01
2.348745313616482022e+01 8.746846663112926024e+00
-8.400288263734093164e+01 1.072382082547622240e+01
6.163813419629585155e+01 1.178055916221495281e+01
6.100755038900287985e+01 -3.037483635168509366e+01
1.133453517051843740e+01 -1.587707593681491502e+00
1.010305626963629919e+02 3.579130888957507750e+00
7.231993387892622138e+01 1.747585955989960693e+00
6.655047548204255747e+01 1.172335864814431794e+01
-2.372508047864470981e+01 -1.726025137739972237e+01
1.655114880274544475e+02 9.721355441200657310e+00
-1.054110822859690586e+02 -6.391921767016697231e+00
-1.057585190462523883e+02 -3.331216532131118679e+00
3.807524374199331163e+01 -7.503800409575739572e+00
9.141108244490128243e+01 5.448962822273677453e+00
1.599971108722972986e+02 -2.107439856606540474e+01
-7.446744218459299702e+01 1.791625561717049342e+00
-1.575228123793164912e+02 2.724378587975857258e+01
-1.242135024601828661e+02 2.718729176623924459e+01
-7.557559997549904551e+01 4.820588502027876920e+00
-9.375375156232514939e+01 -1.059980300238005135e+01
-3.419548907703178742e+01 -1.575545981726443401e+01
1.648989739884021333e+02 4.214009255618513805e+00
1.502227365752347339e+02 2.322847776145048115e+01
-1.407516466076092954e+01 -1.613238514517133737e+01
-5.842775797181431585e+01 -1.331613360066693508e+00
7.334818680233017574e+01 1.030517971824126988e+01
-1.470323797429221599e+02 5.951243533123732554e+00
1.005696678091315164e+02 2.103674023078507460e+01
8.283816167322008539e+01 -7.265519509393358888e-01
-3.537416789291192742e+01 1.836985510325202853e+01
-9.798247509483194051e+01 3.447629731710851075e+01
-3.211870981532194236e+01 5.648216901556918579e+00
-1.378561617179224719e+01 2.395002236842714538e+01
1.854194961395766228e+01 1.060424303540529323e+01
-1.248938038911368267e+02 -2.452996375311909105e+01
-9.756245305944678137e+01 -2.175119210824238891e+01
-1.303119680743344588e+02 -1.916773712755483583e+00
-1.088981928904570680e+02 5.131519368432639894e+00
1.611600705458507719e+02 -1.386383748055031795e+01
4.200747898461812468e+01 -1.008791179731993637e+01
1.105769161890947743e+02 4.279538916482241007e+01
2.567813476026937103e+00 -4.587076920124111723e+00
-2.289490009850252932e+02 -2.517135249048169321e+00
-6.670840822482723809e+01 4.613882637539549414e+00
-1.352492321864402243e+02 9.934511582938798213e+00
1.782902792439498398e+02 -4.829861450467656425e+01
1.876995336214779115e+02 1.472812049951072400e+00
1.222055119124713656e+02 1.303485562378912199e+01
-1.418059276419184300e+02 3.205464684916231022e+01
-1.417233013684365517e+02 -3.074027972262313391e+00
-1.383239538418310417e+02 1.040595598882579331e+01
1.121580803949293248e+01 2.468510933241401517e+01
2.225362339208399209e+00 1.798165995415950746e+01
-1.016053391037100795e+02 -1.195572315490184501e+01
-8.715045790234391632e+01 1.399075924468927212e+01
-4.198118909879278959e+01 -1.829131238324417907e+01
1.884616392594324736e+02 2.559161776355478679e+01
1.413249996937941546e+02 1.226400427842760515e-01
-2.318840772429213715e+01 -1.861637188995131709e+01
-1.082092463849757138e+02 -5.066550527275597737e+00
-7.361151109168606599e-01 8.240245284354712041e+00
-1.271476039065488521e+02 5.957578370876150053e+00
-1.090225949331987323e+02 2.016243556751172505e+01
-1.944409169232133081e+02 1.748509650928695436e+01
-1.404536782251180682e+02 -3.925861604895489521e+00
2.889027993942158545e+01 -4.995349721041829838e+00
