1.199829901994022379e+02 -9.215214487199807181e+00
-6.595903360225449319e+01 -5.947847246900965956e+01
-4.564969756705576032e+01 9.362739851200181818e+00
-1.308945207812180911e+02 -1.028545974768202242e+01
-1.439941826062640473e+02 7.344703921091586096e+00
-1.893614085518724153e+02 2.239288519429830870e+01
-1.430235454088887082e+02 3.434634301041439386e+01
-2.353317978168918501e+01 -2.758324618854230437e+01
-1.713027409510063137e+02 3.570320446042498652e+00
-4.119636808151180674e+01 1.351937849009143022e+01
-1.508560379397342999e+01 1.545505848673085936e+01
-9.778496673764838931e+01 3.803974418446539607e-01
-2.172706131963811060e+02 -9.537772472649713507e+00
1.846523776674849557e+02 -1.777724038318896405e+01
1.145618326758668530e+02 2.926485723722301202e+01
-1.088554114999719644e+02 2.098127392380685308e+01
1.244735177221565010e+02 -3.188011896025727765e+01
1.423564938584476991e+01 -1.234612767753125517e+01
1.126427168162936283e+02 -1.138931709452785945e+01
8.107963807574047621e+01 -1.579102839125367197e+00
-8.356917925513030809e+01 8.110798693730593811e+00
-1.570561322092409284e+02 1.861553337442446221e+01
3.691233660323272403e+01 1.001930275474493826e+01
-7.129239100743005508e+01 1.604389605969381805e+01
-9.761141235762693213e+01 -3.802628107238052735e+01
3.796819051191943828e+01 6.226427150698311763e+00
-7.317896639352228760e+01 -1.498205389707961999e+01
-4.452954519780914211e+01 -1.031331817084505664e-01
1.452206076973965665e+01 -2.542135422168630043e+01
-1.669061757269102202e+02 8.049948009960454343e+00
-1.875233201153529308e+02 1.165518958878033695e+00
-1.111229477179206100e+02 -8.290032900929207305e-01
-1.208891878228632493e+02 -1.367960506568838275e+00
2.790839059779117903e+01 -6.981914415542687102e+00
2.930036518327888118e+01 -1.024036241516572909e+00
-1.779348594102674213e+02 -5.480989292502598431e+01
-1.830386969148727587e+02 4.230348941875841007e+01
1.150836188697105058e+02 1.225340438704939494e+01
1.484293687431182889e+02 -1.530234047256399776e+01
-1.022338189880220369e+02 -9.060308708589053239e+00
-1.838262925511470200e+02 -1.948772672477671719e+01
1.858976043407778533e+01 -1.562903107297111305e+01
9.021651222664254988e+01 3.839633782311966570e+01
-1.646020998791135241e+02 -3.326724044978077277e+00
6.647331350263887373e+01 1.081791319507837024e+01
-2.109248164413594111e+02 -4.913943326459722094e+00
8.161682319200237146e+01 -1.037344297938478732e+01
3.684315912633012857e+01 -3.021368025461254803e+01
-7.450533335805914703e+00 2.050473907691462205e+00
-1.550806177616406956e+02 3.449560327321398745e+01
-1.740823306778146957e+02 3.009985207844611210e+01
4.007054269652996226e+01 2.452571536692221343e+01
-2.124434152574418420e+02 1.959473278197334878e+01
-7.920421159757631813e+01 5.134690640944150175e+01
-1.012941999209448080e-01 1.220305086922620497e+01
6.564290622994177227e+01 1.442869019405586428e+01
-8.216475287293630458e+01 2.464679831241753405e+01
-1.961448701130599659e+02 -3.653727004087733210e+00
1.294470411386352104e+01 -3.646975517757913288e-01
7.819345521753612616e+01 3.412351648615202038e+01
7.730964326004799148e+01 1.844044274361187874e+01
1.165111421130953744e+02 3.409418625982162609e+01
-6.103386093978696891e+01 -1.206257360353167662e+01
-1.967548956163090850e+02 5.218861457793602199e+01
-1.807257509987047115e+02 5.638437952379017126e+00
-1.174375745996300147e+01 -8.994356200704686444e+00
-1.526257314923881268e+02 -2.623582096054620294e+01
6.644220456624410076e+01 6.509446668146097181e+00
9.551570604549310417e+01 1.205303042755650589e+00
1.276304049438362114e+02 7.208191933782210015e+00
-1.868282213062968538e+02 2.101019765745827073e+01
-1.932716811916547783e+02 -8.377441354520525962e+00
-1.174514468341052975e+01 -2.239752184399602886e+00
-1.366974545740634142e+02 1.662733672872132829e+01
-3.419497631084085754e+01 -2.075493275462086729e+01
-1.682415298961290659e+02 8.743573371466949462e-01
-2.031550088115389201e+02 -6.104125216523386133e-01
5.176037133325757100e-01 1.353898020535617253e+00
-1.616084492064988751e+02 -5.778180637298740985e-01
-1.153105065654594199e+02 1.828891400314184779e+01
1.173778930011109622e+02 -6.480860779214516754e+00
-1.535139866067192997e+02 -5.292838727550018163e+00
1.372719351637526870e+02 2.252835379112319814e+01
1.358894975525190318e+02 -1.682352782729033436e+01
-1.657345682044369255e+02 -1.075915122918901723e+01
-1.724543727964790207e+02 3.782929644548170245e+01
7.392344832863881265e+01 -5.031966344736416019e+00
-2.161559690998974190e+02 -5.566447282016850906e+00
4.209505982591883111e+01 -1.774196811116483730e+01
-3.947037306752668684e+01 -2.875468393193395755e+00
-1.165373235360417112e+02 1.068327692261176765e+01
-5.063704777570142568e+01 2.402355221011312381e+01
-1.960300985884825309e+02 -1.330314750917686473e+00
-1.616014101021658860e+02 9.998637343261560062e+00
-1.432421884787501369e+02 3.408965423002307915e+01
-8.573258749140291002e+01 -7.651247723842128146e+00
-7.964299038887548932e+01 1.517265068547115092e+01
1.585139743669393297e+01 2.120056987600510112e+01
-4.225058279363834934e+00 -1.150063070365149365e+01
9.163485240846311441e+00 9.543602865652708545e+00
7.660505613343747910e+00 1.284000984902382791e+00
7.540248237839655587e+01 5.436547186629058892e+00
-1.505257725885004731e+02 -1.314199410748837415e+01
-4.255188530236312516e+01 -1.416742940228573744e+01
-4.771759017191884311e+01 5.523714375200771132e-01
1.987461613017419282e+01 -6.342269697939864948e+00
-1.934172503588195582e+02 -4.056334343735273684e+00
-5.206741276611268177e+01 -3.824816748283810597e+01
1.068729490392992858e+02 -1.009009421068387802e+01
-1.630362930294578803e+02 5.222414749126779299e+01
-1.584237356459015018e+02 6.336931364347814366e+01
6.418035293229084459e+01 -2.017722432916277597e+01
5.050516810098650922e+01 -1.128621723489911588e+01
-3.005556662397856371e+02 -1.552515574944524346e+01
-2.101314794918688449e+02 4.657178524879773818e+01
-6.851632963909282559e+00 -1.105011927359470469e+01
-1.180734087981734888e+02 -2.591604175205354110e+01
7.193982154613613034e+01 7.240468091146634144e+00
-1.481703752261112754e+02 -1.424689412196731730e+01
-6.204440646554171268e-01 -8.430528959173692050e-01
-5.735335768774809395e+01 8.848597146066978780e+00
-2.071692069958770048e+02 -9.494394634641063480e-01
1.968061145153940372e-01 2.628641931515955044e+00
6.184169230672716822e+01 1.897078238664849437e+01
-1.888917679304307455e+02 -1.161475651523147246e+00
-1.904259563324790463e+02 -1.269032418114938165e+00
-1.533019854236929014e+01 1.902945843338491017e+01
-2.368202007390969044e+01 -4.146209438210200382e+00
-1.604849064376429340e+02 -3.250985307815052039e+01
-1.514896887064267901e+02 -2.973777573613949698e+01
1.320485298951462596e+02 8.637721418292231945e+00
-7.310195010749599476e+01 1.543128543450306012e+01
2.630921473871293159e+01 6.612844699682967509e+00
-1.971430839842542184e+02 1.051353976231945708e+00
-3.031408907718425993e+01 -1.375443376935783890e+00
-7.000601025443830849e+01 1.033766934133485194e+01
3.820943414118466563e+01 1.023638196335655870e+01
-1.333772799011480288e+02 2.340944522490638846e+01
6.448242429200455206e+01 -1.074873448251632979e+01
6.626115478846004692e+01 -2.629572543591402223e+01
5.116098698698467473e+01 -1.998979503166050264e+01
-1.122840532991563123e+02 -2.510485774276358484e+01
-8.471471301465408033e+01 -1.025194595575913610e+02
-1.281627524922307373e+02 4.931809368086064183e+01
9.462934662550721043e+01 7.319358973760435205e+00
-7.626776446295049539e+01 -7.539335424457444645e+00
-8.327452290702295201e+00 -8.473935998992473628e+00
-1.707584742948237988e+02 1.096357967828778968e+01
-1.983610454277057329e+02 -1.851084643448315248e+01
-1.863719080819070939e+02 2.875297886814958126e+00
7.793169749323520534e+01 -1.322957369753954993e+01
-1.480326711209033874e+02 1.689722422390384438e+01
6.128370930183976384e+01 1.051011306654210564e+01
-5.517420697342866021e+01 -8.584610403018569924e-01
-1.886362950890051593e+02 1.089336225506022870e+01
-8.253321443341617680e+01 -2.554878018970817877e+01
-1.148572655004598602e+02 9.125655446484024935e+00
8.207022612621717883e+01 -2.822819135721411499e+01
-6.464724715790994480e+01 1.094963017060736377e+01
1.001577016937902869e+02 -5.474711317574557512e+01
6.876869746273098372e+01 1.436254995927338207e+01
-1.804426603497868484e+02 7.623472949860265580e+00
8.393266345744999057e+01 4.279411221434477142e+01
2.718737279853472089e+01 -5.717144196982157034e+00
4.037856404431447288e+01 -3.873705652061997995e+01
-1.249644113935193133e+02 3.391552227817213438e+00
1.236565291676065499e+02 -2.027946360113191560e+01
-3.071207047502990406e+01 -1.297113322439063410e+01
1.114273248452781928e+02 -5.482722689295584928e+00
-1.438940813681931274e+02 -5.659552285730114818e+00
-1.827002172245829570e+02 -1.783387317073046674e+01
-1.926787996632293982e+02 -1.121535274783554925e+01
2.844177285813253420e+01 -6.377244923238809982e+00
-1.412453030009362465e+02 -8.285512991120070225e+00
-1.981247911498855387e+02 4.715426814391931742e+01
-1.805650461317387112e+02 -2.989518648825972491e+01
-1.363722163444996056e+02 -6.753233453729206914e+00
-3.153819359641224906e+01 -1.482483682109714351e+01
-1.830597160560540999e+02 -1.716781319328549316e+01
4.937124098318469123e+01 -2.495400436137952482e+00
-1.402141679779040260e+02 2.213483378217868491e+01
-1.604206199866534917e+02 1.155475634897926440e+01
6.809712261719690218e+01 -5.386223300836664407e+01
-1.013120865224286149e+02 -1.469071533960642739e+01
-1.233416195173381453e+02 1.935443403141855612e+01
1.296674546689961005e+02 -3.958983202667084367e+00
-2.017188866044339193e+02 -3.414135895965993317e+00
-7.194918197485706912e+01 1.417455899860076762e+01
-1.265929701353260697e+02 8.978217258666315592e-01
9.882653595575810357e+01 -1.999280575592328191e+01
1.067657339584737741e+02 -3.841909048274832372e+01
-1.988854482932733276e+02 -2.693572847963551098e+01
-2.027785346695514761e+02 1.353419891495555660e+01
-2.617409607864164300e+01 -3.130437110270740675e+01
-6.505975804171831101e+01 -1.156781711766578624e+01
-1.773996943812660447e+02 -1.596981435799617444e+01
-1.189415404453086609e+02 -2.618550045785063318e+01
1.352790290932913990e+02 1.293983987024433802e+01
-1.873396419126693502e+02 1.897521591591875989e+01
-1.683020824030437268e+01 6.533246758418131961e+00
-1.959066010834634710e+02 -7.843277872550279639e+00
-1.407142673589371213e+02 -2.638128990597218504e+01
9.058691198585745497e+01 2.064149502508837486e+01
-1.600034549485098125e+02 1.688506411889786918e+01
-1.770326451293166485e+02 2.533707296330454994e+01
-2.033959270956533771e+02 3.030389248804209146e+01
-1.561686275830113004e+02 8.956832051057585176e+00
-6.985133383812984675e+01 3.704171016000481931e+00
-5.630033755703978926e+01 -5.100671122790679135e+01
-6.494628705046605432e+01 9.679369398540112357e+00
4.414820255481271971e+01 2.548593811594632541e+01
-1.616151603164401251e+02 1.572654158117889089e+01
9.621452895575762909e+01 2.077524891977303168e-02
-1.366822936924234284e+02 4.275642238687770202e+01
-1.099985473497776098e+02 2.964761577421226146e+00
-1.841075852959082511e+02 -4.636359039201757293e-01
-1.468900921547279097e+02 -3.547427122673992272e+01
-1.665414502047301255e+02 -2.785501951578897817e+01
2.935715040217920091e+01 -4.252735765502217902e+01
-3.227473733787586951e+01 -1.497894054296655497e+01
2.392709517759930460e+00 4.679353672704909428e+00
3.365905890064331629e+01 1.325924197843263430e+00
-4.981939954563218720e+01 -9.351892840173011479e+00
-8.608763780492898832e+01 1.861015635250377498e+00
-1.684904512464353843e+02 7.093457833341286545e+00
1.587833884838603105e+01 -1.318738715254482585e+01
-3.926692585545283976e+01 2.235443835007192348e+00
-2.455361729392173231e+01 2.876123304392432090e+01
1.626671024194853743e+01 8.140160797710672469e+00
-2.195517805188038380e+02 -3.688241485390509666e+00
-6.623958699445260834e+01 -1.705942702610927597e+01
-2.007086452261426928e+02 7.470091808539771172e+00
5.768442317304042888e+01 2.885722398110231524e+01
-5.237278694589011963e+01 2.852151510506202570e+01
2.210623839497975496e+01 -2.842857502667406777e+01
-9.544400852936936985e+01 -4.686855174071322239e+01
2.103406402822874810e+01 1.260972199908747626e+01
1.935146395077196146e+01 -2.085056581542292342e+00
1.584828885478975380e+00 -1.817083415667111268e+01
-4.613605747298451298e+00 1.449012610370842324e+01
-4.052279913007842538e+01 3.638505035549844990e+01
8.085995612669746890e+01 2.618614644281043269e+01
8.868363565764951773e+01 1.045548218498623072e+01
-1.810962411887612120e+02 2.952867028490948620e+00
-2.193577282184567991e+02 -4.195425372205772874e+01
-1.557440063309787490e+02 -2.110873009546015666e+01
-2.004511883295311350e+02 6.842241464988616073e+00
-1.582277523559169481e+02 2.203986868083310213e+01
1.231155813790886810e+02 2.458577420728387608e+01
7.400579620928397162e+01 -2.726101290936394417e+00
9.033325789420899810e+01 1.252870134405469393e+01
-1.830849468007245378e+02 -1.443390795172161489e+01
-1.971463658092680475e+02 9.676304728904790764e+00
-1.186215655600143464e+02 -1.401716719988229976e+01
2.236077205395300638e+01 2.505717654490433599e+00
-1.108653005411712371e+02 5.538188458744524034e+00
-1.092931653292852872e+02 -1.600207024152262747e+01
1.008164023333768426e+02 7.333922241332732073e-01
5.301479602005200320e+01 3.023588559922728436e+01
-7.253911824616672277e+01 3.823022066556464704e+00
-6.371299739487310632e+01 -2.390951297389543129e+01
-1.674172097014481722e+02 7.276049343859940066e+00
-1.824089553476331957e+02 -7.078032127400857298e+00
-5.334458373297475475e+01 -2.561423519341738064e+00
-6.912826007846531695e+01 -2.147273811106337504e+01
-7.116927790275251198e+01 -1.444430327468788278e+01
5.556228923347229909e+01 -1.494581475451124497e+01
-1.540044605673963929e+01 -1.436759422667190478e+01
-2.033495377868697460e+02 4.291488168868091257e+00
-1.027068341812020833e+02 1.776874980802691084e+01
-1.299574051661866463e+02 1.069540950537507662e+01
1.221393200601074511e+02 1.600874821878150556e+01
-9.222653960153330388e+01 -3.356897589560116302e+01
-1.434960281732514318e+02 1.690889590451044100e+01
-2.033702015484588443e+01 -8.930202545829230232e+00
-1.955159236092956689e+02 4.256470058221073494e+00
3.326084291178616326e+01 -3.034322158914673651e+01
-1.714312297822222888e+02 -3.374029618169939937e+01
1.162795567897751425e+01 -8.870747239028867526e+00
-1.944733585640216234e+01 1.263486957131007138e+01
-1.563115107382581925e+02 -5.251194598781486178e+01
7.830376441456205328e+01 -3.103238988849218671e+00
-1.787897887786685374e+02 2.144711672955222781e+01
-2.020318518243015262e+02 -9.362336044548500880e+00
-1.979405923089583439e+02 8.391754949171223998e+00
-1.329525918067722330e+02 7.175369820733436654e+00
-1.826859003196056506e+02 -1.282868399463670483e+00
-1.271796425459129267e+02 8.098531497343219865e-01
-2.729660207027724539e+01 1.973800728753423783e+01
-8.653664098082902001e+01 -5.656338753889747495e-02
1.129198833162791971e+02 -8.725487276052623642e+00
-1.670912914839007897e+02 -2.143435906472280550e+01
-2.048386542520895262e+02 -2.216835687123341891e+00
-1.047440600880680250e+02 3.234045970798324987e+01
-1.947611331348945214e+02 1.206426364999076029e+01
-7.837587312390040495e+01 -4.031447958509147611e+00
9.394112230180094514e+01 -8.755602022108741167e+00
1.375352110823465068e+02 -1.840628129450430350e+01
1.031060475631138473e+02 -3.456091386811351640e+01
-1.933343197115588907e+02 -9.104452485182356725e+00
1.284085161155047388e+02 1.306298247955027314e+01
-6.354891050543996300e+01 3.497702346499904280e+01
1.337355393165725559e+02 1.868314835944415364e+01
-1.791890332312143528e+02 4.841338145921672442e+00
8.055928777883254455e+00 -1.538931759910477304e+01
1.143816250045475726e+02 2.859384587224044338e+01
-1.080714122094414620e+02 -4.854239432025158862e+01
-1.785842547033149597e-01 -7.576833880184245196e+00
-2.602460177369130179e+02 -4.511191327047895072e+01
-9.048230417576895945e+01 7.019637199724625631e+00
4.066082174643846692e+00 3.511104005238521353e+01
-8.224953440187805143e+01 -4.114552797162527753e+01
-2.196467513900203699e+02 9.440478767515497083e+00
-1.971777340573827360e+02 -6.484865684435586530e+00
1.782675178067454524e+01 -1.764611016653675790e+01
7.729969387801035907e+01 -1.099534930394783672e+01
-2.494897462822247860e+02 -3.323668799497611559e+01
-3.571549332630397799e+01 1.720657314167427643e+01
-2.245926208493685010e+02 1.584057566852924648e+00
-1.615324540151569863e+02 -1.430752048076931437e+01
1.475739974345835037e+01 7.183476308298724966e+00
1.461024144944656769e+02 4.712241780802109758e+01
2.607986626716345668e+01 -1.736279267985024077e+00
-1.787005785619961671e+02 -2.757281193413871989e+01
-1.837671779497781017e+02 1.611816032566904511e+01
-1.533797810452535941e+02 4.241116898753042541e+00
-8.559377442298253413e+01 3.016238736005087162e+01
-1.273374907212968594e+02 3.735951273179013299e+01
-1.859209042089643447e+02 8.333292235192608644e+00
6.485519433677825418e+01 6.217771164403849582e+00
-5.773970155339928567e+01 -1.759771038694958634e+01
-1.289894133530996783e+02 2.089066712036888873e+01
-1.663714167261916543e+02 -4.721022607801430127e+00
-2.110986474803829367e+02 -4.343489583591226477e+01
-1.380864686625421598e+02 7.238744364286530342e+00
-1.394577981185173243e+01 -1.986823414023173129e+01
-6.389112744337210614e+01 -1.271225567031350145e+01
3.205526066644902272e+01 1.339847262627624325e+01
-4.857018707316770190e+01 -2.282699617169784645e+01
-6.518200513527435191e+01 -1.453177464615623693e-01
-2.219840473852895286e+02 2.570555185703950229e+01
1.055652508032957826e+02 -1.965952602191513421e+01
-1.975513940560532546e+02 -1.649037974433786147e+01
-9.759699852071106818e+01 1.332675327087473427e+01
-1.165461303526199544e+02 -3.362137987627642133e+01
5.685852300447483998e+01 1.976114937491318102e+01
-1.598724800742321008e+02 5.108436415347217974e+01
-1.334822149556652562e+02 1.457705065979565973e+01
-8.354523793110416818e+01 1.739971274560672754e+01
-1.299301005998698315e+02 -1.414839887703874144e+00
2.557887305672828759e+01 1.902803718051169490e-01
1.291884220192222443e+01 -2.187705027852640427e+01
1.590526035031833807e+01 -1.663643515969025044e+00
-1.509255871750685287e+02 2.110797565279130428e+00
8.174142186444370850e+01 1.467190829269572383e+01
-9.146308851391324879e+01 3.099827662742678314e+01
-6.559321885534949104e+01 5.750312114375559780e-01
-2.689372635808411260e+01 1.058027233145876167e+01
-2.568874937555118620e+01 -7.244771799968489745e+00
6.330990048851632679e+01 3.807908206685507224e+01
-1.619270751096377410e+02 5.730010508825131410e+00
-3.087692595238238269e+01 -1.482529620242416257e+01
-1.108174176099968093e+02 4.366368045382876595e+00
1.156287723130283212e+02 2.802158558993358639e+01
-1.570420964737532756e+02 -6.972141379400726535e+00
-1.817090292459858176e+02 1.235861100923570888e+01
-1.501778598963537092e+02 5.752233107477702223e-01
-1.660510600481163124e+02 -2.596008583772056455e-01
-1.768972401547779896e+02 -1.879391850948078257e+01
-1.869290360688278554e+02 1.358844538042144734e+01
-6.618495410154028491e+01 -1.626172953483805728e+01
6.535159577273066134e+01 9.715527805038549403e+00
-1.337877734981115374e+01 -3.535451009257759125e+01
-6.178177866987368816e+01 -1.034550479218043506e+01
-1.614415335745122206e+02 8.848001579850180320e+00
4.079778970007991035e+01 1.707389103807427810e+00
-8.621757767750831647e+01 1.427957802295845013e+01
-2.289688864517461298e+02 -4.162351517643017473e+01
-1.044240551626570408e+02 -2.480465894654054981e+00
3.681194721423864991e+01 -9.079173790882466122e+00
-1.162270745056003420e+02 4.242105162666464091e-01
-1.772156414580252317e+02 -1.680887326844652563e+01
-1.376040791830028240e+02 -2.311642003409603419e+01
-9.796663149351087441e+01 -2.279534037406407521e+01
-1.930391233204673824e+02 4.331579154903734974e+01
-4.346959583346660594e+01 -1.326235659603652373e+01
-9.645436023042339002e+01 5.082556484483058412e+00
-1.305738881054601563e+02 -1.133016772693816065e+01
1.474006096778457788e+02 -1.194346808687117623e+01
1.253737404977594707e+02 1.261219800080036180e+01
-6.915105159948932112e+01 -3.000271647888721560e+01
-1.094861990248793973e+02 2.002208784548128051e+01
-5.914946883713432157e+01 -2.178126686539574308e+00
-2.098694228639476194e+02 1.260868770263769179e+01
7.514985324095943042e+01 -9.405879885538555030e+00
-2.093275568571800136e+02 -8.436637617770411879e+00
-1.635962809822633517e+02 2.389448742495409661e+01
-1.795967441089656234e+02 -3.733939412094754573e+01
-1.972653253623317937e+02 1.820258826828449017e+01
-9.898278528249294084e+01 -6.619355573341659138e+00
-4.261354613888239840e+01 1.471125821951384527e-01
-7.157514209263626981e+01 2.273493864375949514e+01
-1.441503024203785799e+02 -4.380612405379113028e+01
-1.188620578385675657e+02 -1.469909449334025631e+01
-8.027410277622534807e+01 3.600422372157155593e+01
-1.641079017531533850e+02 -2.516099998738388166e+01
-1.434149422194064982e+02 2.012214893725954212e+01
-3.805680140502346376e+01 -4.561069448643638680e+01
-1.287202982853139304e+02 -3.087428422211208456e+01
5.289623154128436511e+01 -2.518229493456021650e+00
1.178122502943632810e+02 2.514071987384712159e+00
-2.810644177151979761e+01 4.286992639338426159e+01
-5.774740738464136314e+01 1.535049570639906946e+01
3.019817318956158303e+01 9.442761221535302951e+00
-2.115144171719009023e+02 5.411527608911256060e+00
-1.605010645952358175e+02 3.415663868108821788e+01
-1.933489901922326055e+02 -3.446009288077637933e+01
-1.924729216256101552e+02 6.542455592486803306e-01
-1.648852508978433775e+02 -4.997426776874743837e+01
-1.822353854376886204e+02 2.539581628308682060e+00
-6.619302837221019331e+01 -3.177830348122730086e+01
2.111442227705558672e+00 -4.749949401788040149e+00
1.584239703757909545e+01 -8.282446842243738061e+00
-1.127325779522237781e+02 -2.748277929306346934e+01
-2.046243590488809900e+02 5.989765698860708198e+00
-1.831431196711090479e+02 -7.784350827978605558e+00
-8.531431293491858980e+01 2.044260619606968277e+01
2.795660600402261409e+01 -1.222260431721701579e+01
1.591661759632575581e+02 2.907203155631174241e+01
7.553576976076519145e+01 -9.398057247757263255e+00
-2.284564691871702280e+02 1.216813037850023482e+00
-1.438116662886197048e+02 -3.241899187308471397e+01
-9.672777338984045059e+01 8.231071648942883456e+00
-1.160457604776635065e+02 3.154023135923515042e+01
6.974056808980236610e+01 1.519406366089270488e+00
1.127419473799374288e+02 -3.356868577592484115e+01
7.640453384641695322e+01 2.302961656612022168e+01
-4.721792967706837629e+01 -1.113463183685587055e+01
2.496345758523389691e+01 3.303966250934747251e+01
-5.947042290681176979e+01 -1.150323642636506349e+01
-1.500408382379330590e+02 -3.947684314975162589e+00
-6.056708958026965917e+01 1.388132230478770879e+01
1.032426681853070960e+02 2.781928864255973011e+01
-2.139141305824504968e+02 -2.944092923831793485e+01
-1.334829600897696764e+02 -2.542406124532135081e+01
-2.247857697594077138e+02 2.766136881552657556e+01
-1.765626889542031392e+02 4.513169467374364530e+00
-1.295973401786680483e+02 -1.201515330594099851e+01
-2.688970777204486140e+01 6.029647949229263837e+00
-1.828714157180902475e+02 1.422609278161993451e+01
-1.812038711774070805e+02 -2.059132245217393375e+01
5.750009677969396193e+01 -2.447179571578888435e+00
-7.164673937236887724e+00 -8.367566639259536032e+00
-1.957219177033514939e+02 -6.307085616861214383e+00
2.468205229306992976e+01 1.507680572076358416e+01
-1.169845077623622842e+02 4.839152569400983595e+01
1.373134374871551415e+02 -2.683445574412289503e+01
9.439603459918778583e+01 5.473005647664372475e+00
-9.873602181979116210e+00 5.596314368974225850e+00
-3.335341485794582184e+01 -3.078419377068345675e+00
-1.769752108456873145e+02 2.941037628543993065e+01
-1.465935381145699239e+02 -3.521864604942919641e+01
-1.775967311784791605e+02 -5.965130231471778899e+00
8.509872502699652230e+00 1.828320081725210855e+01
-1.251252429628885920e+02 2.039893126906630627e+01
6.475141497024593207e+01 -8.962978998271950104e+00
-8.358044405735398641e+00 -3.312698906126643195e+00
-2.089775069469547191e+02 1.643034035075223542e+01
-8.046748486237146381e+01 -2.317110710965102349e+00
-1.857742096497894408e+02 9.611464737471765218e+00
-1.531801144468993812e+02 -4.751370140650267304e-01
-1.524728523629694443e+01 -1.433296828019191871e+01
2.564516190733764489e+01 5.542506766668827467e+00
-1.880864343859710459e+02 -1.049870965769520881e+00
-1.049723965355480573e+02 5.417895584843249068e+00
-1.145972035568912917e+00 2.065243219147725284e+01
-1.631095778554683307e+02 7.248636489577086195e+01
-1.886305502682034785e+02 5.076617703963726136e+00
3.361273320676625076e+01 -2.162308401536499858e+01
-1.239962107814465782e+02 -5.824180504765832378e-01
-8.001814961247202973e+01 8.577092227674498304e+00
-1.519945549066026729e+02 -7.322758048896830019e+00
-9.015790354726141231e+01 -4.374920130062642443e+01
-7.632943465702726371e+01 -8.775257367110087969e+00
-1.382817046773411391e+02 -1.356173738751143665e+00
6.661229412601329614e+01 -2.089219835039538786e+00
-1.303936516622096917e+02 1.443143965198635570e+01
-3.309372467303984422e+01 7.883391712845411625e+00
1.286857644556524178e+02 -1.846907903596580880e+01
1.082740741452742981e+02 4.695294412556501129e+01
-3.759173839651730020e+01 -1.482419398830868262e+00
-1.748951514610086804e+02 -2.292922754783976913e+01
-3.302348532079874843e+01 -3.692198390172524114e+01
-1.709734606609257241e+02 3.017731451868535686e+01
-1.064679986226316259e+02 1.401711225225064972e+01
-1.105711024593628480e+02 -6.164954730656950765e+00
1.649466512274462673e+02 -2.314123737200340258e+01
-2.106841668118859445e+02 -2.373624376417817672e+01
3.695985112596153499e+01 8.058132531728569248e+00
-4.769250870253533492e+01 3.776463084836607198e+00
-1.059540816846401583e+02 -7.545604742000659115e+00
-9.055034821673262968e+01 1.602670483473393404e+01
1.041078356377257919e+01 2.457977650794533631e+01
1.941192655507198994e+00 3.482792004858138313e+01
-2.135346307740196892e+02 9.180143353117632188e+00
2.130173614758866663e+01 1.265391329290490852e+01
-2.012270725153454691e+02 -5.145402302092135116e+00
-2.839396465551367932e+00 -8.837880692597833487e+00
-7.633379002414413605e+01 2.854428359803449666e+01
5.476452479838383880e+01 2.329230546746177666e+01
-6.430146559418226104e+01 -6.202647681183139916e+00
7.726170488759265709e+01 -1.552318004687207953e+01
-2.598747236339077205e+01 4.985110627536710304e+00
-7.956309382528412755e+01 1.478697879537515902e+01
-1.648172050576369827e+02 -5.705109398944449239e+00
-4.224882083787387721e+00 -1.019525288231468174e+01
-1.187161410124593601e+02 4.526050885892393794e+00
3.296954421676997526e+01 -1.282523503948412191e+00
-8.195506039163014123e+01 -1.222256423225010735e+01
-8.192536884868155767e+01 3.610991626105247043e+00
-1.715838459301835428e+02 -2.926667426445434117e+01
-1.927106245471030945e+02 2.001607733294763847e+01
-7.749405716008713796e+01 4.157682982910223046e+01
1.409352383394552248e+02 8.062946760665528956e+00
-1.581601780237822652e+02 7.020643154454207391e+00
9.019119773267551921e+01 -4.620118299054215072e+01
-2.361786903934549997e+01 1.216824029719072442e+01
-1.394782246688665737e+02 -1.891155762716800837e+01
3.494428945947587550e+01 -3.420749057416140460e+01
1.490518843201226389e+02 4.174502275138843288e+01
-7.025997250524486049e+01 -2.851009618106428611e+00
-1.745300011610661102e+02 2.216120053807460621e+01
-1.678699409275743335e+02 1.369458111746604878e+01
-1.666651758363823177e+01 -1.303016264594732299e+01
-1.879850155993655108e+02 5.658236128284079314e+01
-8.462247794981935556e+01 8.948251385757391319e+00
-2.035155601331762227e+02 -1.250422771553544266e+01
8.613332577861645234e+01 1.100683468997844550e+01
-1.388389046078904414e+02 2.436327383006916758e+00
-9.419551162203518402e+01 -4.493853368987713282e+01
9.789793853622680331e+01 -1.570035537391675673e+00
-1.396099725338292217e+02 -1.730112123518658862e+01
8.168974537837667071e+01 -1.561413095384017780e+01
-1.306266311200719770e+02 2.120656481883238698e+01
-1.301687086000329145e+02 -2.513706710845950809e+01
-1.647168668131990614e+02 -2.966722692838243347e+01
-1.905250464730536351e+02 3.660136943035716683e+01
-1.403893403839556697e+02 3.240319283268372175e+01
-1.938033622807817835e+02 2.909003254997199139e+00
-1.626042252732864029e+02 2.342428333670657992e+01
1.628246826780201317e+01 4.361729455550513279e+00
-2.620157779633454354e+01 1.952506185758675628e+01
-5.477635789422765811e+01 -2.330199750019815141e+01
-4.720453331021404608e+01 4.647707505739224843e+01
-4.113467556625507626e+01 -1.205065864052536817e+01
-1.253008875317410684e+02 2.845674327476205079e+01
-2.591087544690045874e+01 1.721726044943934442e+00
-5.619510390747149842e+01 5.747678817982333044e+00
-9.477558786781271749e+01 -5.669979496612636893e+00
1.140603252287905320e+02 -6.237778846891640860e+00
-3.923631513730015286e+01 3.213991815954901909e+01
-8.461105387607132400e+01 -1.444840858224210933e+01
-2.029416395803071396e+02 4.842357784029091228e+00
9.465469043440677410e+00 -1.954648958232102274e+01
-1.289164578244797497e+02 2.629909308492957454e+00
4.564944798402701309e+01 -2.081796847992526267e+01
9.570853681934437418e+01 -2.033609836621022282e+01
4.637605432244391146e+00 -6.611497431292366223e+00
1.412465820261082570e+02 -2.027118821575376018e+01
-4.031485105559573157e+01 -1.340010774385209658e+01
3.245616225153188594e+01 1.707034191046624017e+01
-2.809549990655964180e+01 3.861755069314232713e+01
-7.532791163349105545e+01 -2.088992441017713730e+01
-1.755415950147773003e+02 1.497681929774229026e+01
-4.445223951885624558e+01 -2.846705582746799479e+01
3.944982614500070639e+01 1.076244047376236779e+01
-1.823815932066164009e+02 -2.820592808517416117e+00
-5.511762755294464000e+01 3.127559194427691480e+01
-1.943221672694460835e+02 1.352772546710530044e-01
-5.145600804311758480e+01 -7.961701520149387257e+00
-1.892823560972759083e+02 -9.970844579480049319e+00
1.362963303698010691e+02 -2.881951288368501096e+01
-1.254343391769266702e+02 1.052207279250582239e+01
-8.504643240838919382e+01 -4.882531375971951348e+01
1.076426077147420557e+02 -8.734402631846654330e+00
4.070442370697384860e+01 -1.155676188651060343e+01
1.141778587336209050e+01 -1.581347021415067999e+00
-1.625840489785561545e+02 -8.215732990507307321e+00
-1.934268637875907473e+02 8.583149998538603498e+00
-2.221869548740343419e+02 2.135475053869720341e+01
-2.014910689462367088e+01 7.470221349408528999e-01
-2.183884834219687932e+01 -4.830134459958271842e-01
-7.238044947354954850e+00 -1.056458625575491439e+01
-1.337891886648739046e+02 5.959816202609412805e+00
-2.136433657703418021e+02 -7.891444312491193713e+00
-1.275836002547566039e+02 1.835016574603314865e+01
-2.362827782171204660e+02 1.828994476985902295e+01
-1.839161622037201766e+02 -1.197527138096323895e+01
4.740740350849409701e+00 1.013229676364749032e+01
-2.084047924730572987e+01 -1.304167568096871932e+01
-6.711643951265156716e+01 -4.451957576401022187e+00
-1.775002810603595265e+02 5.789892702836669791e+00
-4.055459161845892879e+01 -2.773795860915533851e+01
-1.081170571793294641e+02 4.952423189938233605e+00
-1.977129883713779179e+02 9.857042953557490605e+00
8.596483879671349371e+01 -2.906354541306518868e+01
-1.877514307184345057e+02 1.608175527689021322e+01
-5.370292106346278871e+01 1.641621730607825214e+01
-1.157615879958689504e+02 2.000728398534573671e+01
-8.848962757729154305e+01 -7.095572663956307480e+00
-1.715968591646611969e+02 -3.303240198683845819e+01
-8.713870717910793928e+01 1.398021485987744583e+01
1.183681875613127374e+02 -4.392758432812110536e-01
-9.066174484226733910e+01 6.183576100397430331e+00
-1.692747248557152489e+02 1.907433834179398957e+01
1.383621212176864219e+02 -3.397699639826291929e+01
1.557074135888951503e+02 1.592532761936857888e+01
1.078015611650666017e+01 -1.356108256860761330e+01
1.393984640218593363e+01 -2.102544044598578310e+01
-2.192706681162619589e+02 -3.835811960623835404e+01
-7.877835033459663805e+01 -2.077540754579328919e+01
-7.134403031069214762e+01 7.290338356864644709e+00
-1.951157433176481106e+02 2.505499916619492851e+01
1.019226359387546381e+02 -4.576913418519946708e-01
3.257343459957605347e+01 -1.374331881725555071e+01
2.223146168227861352e+01 1.097707216650745554e+00
5.661430430693155103e+01 -1.586598229337606547e+01
-4.857916897794466848e+01 -4.366534591576282764e+00
-1.823540424012628307e+02 -1.285426177689292615e+01
-2.029061000590395736e+02 -3.189860744504473189e+01
-8.007483599839551403e+01 1.638472392720708726e+01
-6.510079340059293429e+01 4.333130055412138404e+01
-2.780702088630731055e+02 5.906018715049314416e+00
-1.536804890336912308e+02 -1.564786592590857239e+01
-6.751897788205614859e+01 2.024412072029081955e+01
-1.581829848173705102e+02 -1.680982647860692936e+01
-1.987089722238774243e+02 3.727149584795982662e+01
6.416882123224397105e+01 -7.990651883064530558e+00
-1.871048177848640535e+02 -6.178598040741624331e+00
1.758022723770666218e+01 -1.012875735038199387e+01
-1.716310935805769304e+02 5.795096835121539058e+00
9.467541910813118022e+01 2.332654309563977790e+01
-1.054260299772620755e+02 -1.188427774279497529e+00
-7.944820106340509369e+01 3.720291065832702859e+00
-1.313794682366105917e+02 -1.622978634528703878e+01
3.548257665766254121e+01 -1.769016726495975433e+01
-1.677638725190095670e+02 -1.332267495838735094e+01
-9.575603360696345323e-01 1.079990604865424686e+01
-9.429124717701395753e+01 5.107363741431259818e+00
-1.060882151466817902e+02 -1.169355829910361599e+01
2.283182304198213686e+01 3.697895482715178872e+01
1.181244055003062243e+02 1.405157047881184162e+01
4.934433166399226423e+01 5.434309741057906429e+00
-1.113937376125219743e+02 8.240294945362148127e+00
-2.194972390825310811e+02 6.098188884781515995e+00
-2.648399846973912730e+01 2.845089418383150104e+01
-1.067209384533749272e+02 1.925878592852274451e+01
-2.016870050590753465e+02 2.375683458088451516e+01
1.057350558280257644e+02 1.351661670345318811e+00
-4.069549128789685710e+01 1.467444794158570431e+01
-1.788284740205049843e+02 1.328948141034396713e+01
-7.068516341096066746e+00 3.920230916216002726e+01
-1.677392512868797780e+02 2.834549016424797951e+00
-1.688255388352195610e+02 4.270219612255514363e+01
-1.534403218756219189e+02 2.041670577655403207e+01
-1.535020838814473336e+02 -4.475283660732088009e+01
1.159104324714806182e+02 -2.466259050516820750e+01
-1.939721187332940531e+02 2.274450010311395598e+00
3.948937549444705297e+01 7.004261513241957005e+00
-1.730886538453182482e+02 -1.359416933939874461e+01
1.004813489614786590e+02 -2.858715338395930416e+01
-1.393857275644438971e+02 3.482080983207030300e+01
2.164497730477183168e+01 2.681553419502178315e+01
-1.299628933705107769e+01 -1.785121205303160252e+01
-1.415786682776266900e+02 2.290251764115548205e+00
-1.941298575203369410e+02 1.267304200935399372e+01
-7.269086735421235801e+01 -3.905789634372113017e+00
6.845067506250421729e+01 1.509659778947940545e+01
-6.691275004531877357e+01 8.339076376430941684e-01
6.953874249773018335e+01 2.233873693241758218e+01
1.301684405615371531e+02 2.101649921975700330e+00
5.252832775380036168e+01 3.386154747117257102e+01
3.238623645502817538e+01 2.571303065950969469e+01
-1.323644881422606261e+02 3.203248852625974052e+01
1.873312161333663184e+01 -3.187477700711383122e+01
-1.573394534700022405e+02 -1.943128428895659709e+01
2.844243809989890348e+00 1.021445426619044028e+01
-1.511476073956976229e+01 1.086373182785511871e+00
-4.112421951385997687e+01 -2.210971259187448368e+01
-1.066383506936857231e+02 -1.111614548271935732e+01
-9.441797118459821547e+01 9.497948283995910401e+00
1.842362462867031070e+01 1.786066701260124734e-01
-1.668685818655294213e+02 -3.854933386728851730e+01
1.898881188750749800e+02 1.469252677974685639e+01
4.551740510189222277e+01 -6.208049299089768880e+01
-1.472634197268722858e+02 -1.644078507748992779e+00
6.608458361774893319e+01 8.866746509063728965e+00
1.119586988840873261e+02 1.008219816434946653e-01
6.120262260347068661e+01 1.284403345855851342e+01
-2.196864356898602111e+01 -8.478406418161396729e+00
-3.717625664251828965e+01 -3.333333135942401881e+00
-2.013346989338191122e+02 -2.130916497857570846e+01
-6.810536510595306936e+01 2.532307864796814556e+01
3.019311444501027708e+01 9.226918862200935934e+00
-1.526949649896812957e+02 3.886500805216484622e+01
-1.893875874722443697e+01 -8.562777048110175926e+00
5.708825910831045292e+01 2.549532871512363030e+01
-1.541918435742062172e+02 5.602282266660810528e+00
9.894621829329302898e+01 -2.963158449405994332e+01
-9.088308316631467676e+01 1.235758061165914024e+00
-1.475575611087247978e+02 -7.906760270593860440e+00
-1.528964219955183523e+02 4.127576593083210810e+01
-4.349917879709868629e+01 -3.323844729340784454e+01
-1.044880193265199324e+02 2.516231080981708601e+01
-2.648598014840590764e-01 1.288260404966751693e+01
-7.948241012097710723e+01 6.900413773737736456e+00
-7.432981457818574711e+01 5.976505627180597457e+01
-1.368951405199789235e+02 9.001955591673606705e+00
-1.239344726234449752e+02 -1.083567626882010160e+01
2.248789290462355694e+01 -1.174316147422109680e+01
-1.254354177605928555e+02 -2.318935006064991811e+00
-2.315301697062113817e+01 -1.805038085177807616e+01
-9.233315382206090050e+00 -7.583427876178672200e+00
-1.615013148088302444e+02 -2.580971240028843994e+01
9.288550052827224590e+01 2.404710625076849340e+01
-2.117767906511222407e+02 3.910830650838051525e+01
8.280752494189414392e+01 -5.146640958470923977e+01
3.240295891978305320e+01 1.025858558872764803e+01
-1.544460526664984741e+02 3.308410483734003549e+01
-9.143648365702063074e+01 -2.186029474553639673e+01
-1.590706674196502775e+02 -1.819809382774397122e+01
-1.012744348974343040e+02 -9.061246522122049285e+00
-1.066950541292092396e+02 5.022838115920887248e+00
1.182798005149390708e+00 2.163460580671532441e+01
-1.782798173304304328e+02 -7.546433342613239503e+00
-1.575916162278161323e+02 1.044624334334440130e+00
-1.910320572463957092e+02 -1.289845398869557513e+00
-1.642413108958027124e+02 2.607723648739357714e+01
-1.053387830773842069e+02 -3.050150230451703592e+01
1.544727843903463906e+02 6.078800181332371544e+00
8.959666390400904845e+01 1.300375672339092681e+01
-2.192952598902902395e+00 -1.975505898066648314e+01
-2.239445884551089421e+02 -3.037059844445680312e+01
-2.057939948784275259e+02 4.561611958826289559e+00
-1.717652407317902714e+02 1.337612821336864322e+01
1.033404652880842001e+01 -3.366094227733522359e+01
-2.659744194994238953e+01 9.748883226490203668e+00
5.612653419254656484e+01 2.187019436940596506e+01
-2.062772585874340052e+02 -3.589681512405842767e+00
7.244925901056420514e+01 -6.536492087014734054e+00
-1.581161247790125230e+02 -1.769854007814540253e+01
-2.037746174938687815e+01 2.731610714661965034e+01
-1.655979526560447823e+02 6.120081518201179627e+00
-1.280371678350131504e+02 -1.353155514303053408e+01
-1.396063721231425063e+02 2.948294809867311628e+01
-2.748376201124913010e+01 -2.094334806379248626e+00
2.661230961505705928e+00 1.937785842137242653e+01
-1.617331718761131185e+02 3.716329928843884023e+00
-1.835655965948238872e+02 -2.602125849277292602e+01
-2.068829548760973296e+02 1.616054458493818302e+01
-9.076141200123294084e+01 1.604481893205376508e+01
2.340796291258521222e+01 -5.898949047873663254e+00
3.483622238789772396e+00 -3.811070476323988210e+00
-1.678997998368313631e+02 -7.629433213348004728e+00
9.034369149753088024e+00 1.711538043878370985e+01
-2.087426890721160930e+02 -4.459889272136909710e+01
-1.132630195897736627e+02 4.162203750994589768e+01
-1.612591005279881244e+02 -3.238214936198216543e-02
-1.827829782005949824e+02 1.992361000427454343e+01
-6.673795413555512823e+01 2.236068917009689017e+01
-1.898091799580234351e+02 5.317985844217457125e-02
-5.728122321209300338e+01 1.806564564158656694e+01
-9.730115782176100936e+01 2.405836776471461036e+01
-1.199676384130703042e+02 -1.899665666805329067e+01
-2.646102940560613348e+01 8.654271055337416030e+00
1.056201514401677457e+02 8.801725440236106479e+00
-1.042355206894931996e+02 9.619252603177873340e+00
1.880890449019254262e+01 1.134696420684659657e+01
-1.659190320065928859e+02 6.777734554392486288e+00
-1.362706820435302006e+02 -1.899025932204506617e+01
4.531445668311601338e+01 -2.285261935825569690e+00
-1.978027779931000794e+02 -8.624671932952624687e+00
-1.962189966387429365e+02 2.274775629022981693e+00
8.265243295416861713e+01 -1.775025852427014073e+01
-6.481347838061628863e+01 -1.594363926728574121e+01
-1.597002490588074863e+02 -1.212035446595177923e+01
-9.307254382533699300e+01 -1.697406191020606414e+01
-2.070063387552948484e+02 -2.365059785354196720e+01
-3.530820217472020772e+01 -2.147348895662775092e+01
-7.245103893905751136e+01 1.065702361780658869e+01
-1.672300965441461358e+02 1.941401336623530982e+00
-6.310963340756900664e+01 1.209095675461025809e+00
1.227558309068324505e+01 -1.236050938589868409e+01
-1.584620699477164294e+02 -9.466865690661711596e+01
-1.210181211233195455e+02 -7.935166403814307934e+00
-3.814656244148174125e+01 -1.518884913902708966e+01
-8.286650825320283786e+01 1.140083597057676457e+01
-1.754649345287263884e+02 3.811421819813860079e+00
-2.070242184510338745e+02 1.761626278621086428e+01
-1.678850339430332497e+02 1.931733125661939710e+01
-1.253443614636791494e+02 1.284502934184449785e+01
6.790536097761520296e+01 -3.532784257899036362e+01
-1.536857146931933187e+02 -9.230755353134506791e+00
-1.661691393819571374e+02 6.108007006916678527e+00
7.441174157194478944e+00 3.510341696211946783e+01
6.759135105142062727e+00 4.190990651089609287e+01
-1.778716575995009919e+02 3.073138148930962643e+01
5.775652708026017024e+01 -1.994856642007633907e+00
1.097327350013911484e+02 -3.303860340406628637e+01
6.513147733285890695e+01 -4.880411731083167126e+01
-1.802608435298146219e+02 -2.517936066522231897e+00
-6.195737240827322978e+01 -1.843427590185924458e+01
-4.117814954490618362e+01 4.059931182259080629e+01
-1.886663809099057687e+02 1.764924420325843357e+01
1.298258295938612719e+02 1.216002982648820563e+01
-1.056949861645663020e+02 -3.335510046613403112e+00
-3.568453538716055817e+01 -3.232339139466263944e+00
-1.700708208255527154e+02 -1.646623627479486984e+01
-5.073326002338352936e+01 -3.340562378981981606e+00
-1.454614922786714430e+02 -1.322720783751105067e+01
-1.488530095291896771e+02 2.166138671249277792e+01
-7.660756414692112060e+01 -7.783930857025759265e-01
-9.887727080317382899e+01 -1.552957612918701358e+01
-1.185504210174195094e+02 1.843672800976096537e+00
-1.974926352837780996e+02 -6.382996573800385320e+00
-1.057077415037685171e+02 1.720035103898646778e+00
-1.328418527196658658e+02 -1.399216823374850982e+01
-1.678901851083099075e+02 3.906139538277731305e+01
6.752380861464281736e+01 5.878962413328949310e+01
-4.465946900100240669e+01 7.827844091652853109e+00
-1.816289639168049774e+01 1.422047638656317226e+01
8.158188989535227620e+01 -2.284480030986262733e+01
-2.628793642939929853e+01 -2.267085962150766409e+00
-1.970126623772973176e+02 3.502661512565114066e+01
8.549505706594769094e+01 1.074084435014562011e+01
-1.158805704269974086e+02 9.137113571669361889e+00
1.633501568276411220e+01 -5.915985004865080832e+00
-1.068101906688186205e+02 -7.430019509263098954e+00
1.760496142984974810e+01 2.377417003268021034e+01
-3.312364605366391146e+01 2.875684513358871985e+00
-8.175186368529109870e+01 -2.882677745880488729e+01
-1.068585892761880842e+02 2.164711101104353119e+01
1.807272392770397857e+02 4.144584190009240388e+00
-1.564008647038414779e+02 -8.596280744449603661e-01
-1.567554574361687969e+02 -1.004569853279633662e+01
-1.547929971417740376e+02 3.159427285980816791e+01
-2.619234686160712613e+02 6.536854260955864504e+01
-7.173151564770712696e+01 -5.704018745904220644e+00
-2.455682393847079226e+01 -2.036381330539720480e+01
-8.869354903004068547e+01 -9.112896756369170959e+00
-1.635737973036802657e+02 1.422827458367709141e+01
-1.577635758643538999e+01 2.054122589496585860e+01
-7.810247122454325108e+01 5.693849942553712573e+00
-1.308502524653593468e+02 -9.987027759666867510e+00
-1.563161648558862282e+02 -4.684550301029054964e+01
4.247596731384860647e+01 2.975479067241590059e+00
-1.968490839039062621e+02 2.591319707419324558e+01
7.003166181687864977e+00 -1.835469847631383900e+01
4.288965830141032853e+01 -1.613854916348692603e+00
-1.590468621997258367e+02 4.387326913240244153e+00
3.085595556746939039e+01 -1.579418407324089557e+01
4.320424040883009020e+00 8.381309754830787995e+00
1.573003371176344558e+02 1.192341410044226890e+01
-5.245075597843942461e+01 1.801534808569098756e+00
-2.101668435616194017e+02 2.015970480157519162e+01
-8.764115067898696054e+01 9.179702780549515495e+00
-1.425301891920997264e+02 -2.101356527057810908e+01
-2.182144659417598689e+02 -1.298646648077614252e+01
-2.311875923359345109e+01 -1.121345609759923256e+01
-6.378152343742570451e+01 2.594289712066386855e+01
-1.257495855784609660e+02 9.578977694359874562e+00
4.773478570493363549e+01 -2.558730135009432249e+00
-2.095130886069058533e+02 -2.491519368204592855e+00
-8.390119370814315403e+01 -3.792091478790087233e+00
4.616938866452437651e+01 -1.435120994872492162e+01
-2.162999237800486441e+01 1.055832803403853326e+01
-1.936565409484721272e+02 2.238349702078268066e+01
-2.006044920880985956e+02 3.351520970573792368e+01
8.418174234120737509e+00 6.222812205379619321e+00
-1.963713000191928870e+02 -5.203938445868346641e+00
-3.771718375269773560e+01 2.196992958441870414e+01
2.837887442413487804e+01 -2.884017823372291645e+01
-1.312486008282608054e+02 -2.865398333074988813e+01
-6.315423357022325490e+01 5.274716560385726893e+00
-1.026389722828300251e+02 -4.158650227937207688e+01
-1.812304344288872642e+02 2.274023996264242342e+01
-8.560457141917747492e+01 -7.408547839246469202e+00
-6.978443984343350337e+01 -1.207098923317399874e+00
-1.096885477808308593e+02 2.769472882544823378e-01
-1.515567197149435970e+02 -1.361971355650131343e+01
2.339851003720901303e+02 -4.346578821536309079e+01
-2.274830179409730491e+01 8.646719325115302723e+00
-5.105283783090940375e+01 -1.410297040294205750e+01
1.184832135204080217e+01 1.815831273979624427e+01
2.598819989446612766e+01 -6.092671405805524465e+00
-1.346428752994273736e+02 -2.326350547055412932e+01
1.490326409186772310e+02 -1.312477263162440799e+01
7.245642656623672906e+00 1.559854947628035760e+01
-2.534339737183153218e+01 2.667959792715388190e+01
-1.156488838898409455e+02 -8.315767114618834555e+00
-1.959554113563414433e+02 1.847827885920918334e+01
1.155875857821870056e+02 -1.940608269159563548e+01
-1.860411771014275644e+02 -2.690795752390262763e+01
-2.001486071918422169e+02 -1.728680330337297377e+01
-8.870568337539991433e+01 5.986057306981805048e+00
-9.071098872565912075e+01 3.457188208493036541e+01
-7.408043903633677019e+01 -4.064677135884440418e+01
-7.385693923330093469e+01 -1.540930643984096804e+01
5.399432333960071873e+01 2.098234308610920351e+01
-8.675986417627601099e+01 8.523898940893413823e+00
4.539316482582174928e+01 -3.906551846041567444e+01
-1.736133971186084182e+02 -9.617161872947589174e+00
-2.008769877227080940e+02 1.692980085315015160e+01
-6.475753031060712317e+01 -5.144030148243472489e+00
-1.785456279442610139e+02 1.668461368199325723e-01
-1.274724224633997238e+02 2.292470701344385731e+01
1.274271028368168430e+02 2.017815090028769021e+00
-8.010202293338768698e+01 5.986951466279471390e+00
4.098072856275226172e+01 1.251865658072869003e+01
6.235185299975850626e+01 -4.930306592590730119e+00
-7.721464825996365278e+01 3.562511345850215605e+01
7.388753315262444232e+01 -1.514557368144304750e+00
-2.476390809702795437e+01 -1.367849635560689947e+01
-9.705509854953490390e+01 -1.721733680195681515e+01
8.761686736441994583e+01 1.286281842928389452e+01
1.658871889637950403e+02 -1.865021801065835305e+01
-1.908470952972207044e+02 1.455663639587837643e+01
-1.356381833800830918e+02 -2.507577034796383586e+01
-2.951021816639456219e+01 -2.501436776115987470e+00
-1.148438384864951161e+02 -6.313336389168338059e+00
1.750877906481038906e+02 -4.856997971293189664e+00
-7.043526229219696688e+01 2.102997694631289605e+01
-1.413646229467462945e+02 7.451505402845189918e-01
-1.909170429244032334e+02 5.317226522917481546e+00
-8.713344641018538539e+01 -2.277261396113950731e+00
-2.022012185313178065e+02 -1.485466582629476484e+01
4.565552220727322208e+01 -4.875073895269359525e+01
-1.169239381387193930e+02 2.984915433639701021e+01
-1.904306504954699903e+02 5.560897006479989102e+01
1.231729231521494654e+02 1.174933412938194977e+00
-1.622379528561738766e+02 1.311632553064459827e+01
-8.028240480101159093e+00 -1.056378747859670320e+01
-1.553580255057436545e+02 -2.156396030934463326e+01
-1.759039894745813015e+01 4.070182109706490081e+01
-1.170165010706101754e+02 -6.637752120053570515e+00
-1.577391116502224406e+02 5.619320835837409334e+01
-1.896432690088542188e+02 2.327458841612846996e+01
-4.044907875762449123e+01 1.602044526493129695e+01
-2.289807336139125837e+01 -4.272126693768935723e+00
7.981387679632788945e+00 -2.029970887370471644e+01
-1.229922065259497401e+02 -8.532046261332531856e+00
-1.803517354342280399e+01 6.878501512649052074e+00
-2.393749256844898241e+02 -9.602531059854424456e+00
1.005073423765077365e+02 -1.877355177655079288e+01
1.064046724271092899e+02 1.045754718280491957e+01
-1.984693889102711069e+02 -6.547105948746521520e+00
-8.045391360639088418e+01 -7.258701021853680935e+00
-1.352847846084414414e+02 -8.840631966238582606e+00
2.581074503109627827e+01 -2.094789999053257645e+01
2.036800224357531874e+02 -5.775799540576183055e+00
-1.430941631865935051e+02 -6.375700731712496960e-01
-1.186021949741727610e+02 1.203152186858746120e+01
-1.881273119947740611e+02 -4.601864462377333709e+00
-4.150081506404275444e+01 -3.160438973079002878e+01
-1.387648166251747917e+01 2.228570576493406818e+01
-1.735757111535589274e+02 3.190960225425635244e+01
-3.598928916185616345e+01 -1.466951281916876049e+01
6.224994249609163433e+01 -2.076713065502430666e+01
-1.902527402794600562e+02 1.759207041184789322e+00
-1.509165152305522213e+02 -1.815129326255765108e+01
-3.185120126563888121e+01 -5.950484968464677671e-01
-2.066383123065407403e+02 4.156799418744866692e+00
-9.662814486716244744e+01 2.418575373468225465e+01
-3.243739248821730570e+01 1.548793349972289946e+01
-1.068937459317930774e+02 2.082676437040784023e+01
-1.127178344578244662e+02 -2.698438932141577595e+01
-1.431208015523310735e+02 -1.498824054170112952e+01
-1.488232679538006380e+02 1.774180761022974284e+00
3.241122039235686536e+00 -3.578008184216368193e+01
-1.507273304747090208e+02 2.087946527249249229e+01
-1.046701922979397636e+01 7.761683713896684544e+00
-2.188740585593579908e+02 -1.201584613338164331e+01
-1.444074893203861798e+01 1.498777373446221262e+01
-1.944580658315402957e+02 -2.486756305063822481e+01
-8.923729167331767087e+01 3.951649723441978956e+00
-5.797524494933163020e+00 2.884623886215929645e+01
-1.615771853883200606e+02 -8.067400923109751432e+00
-7.476855695443633465e+01 -1.179114315618423880e+01
4.330255002793420793e+00 2.655197448321178655e+01
9.282501346920446395e+01 1.694062693125142260e+01
1.954440275388414960e+01 1.216490069572931354e+01
-1.956062587377975603e+02 -1.455682261091713592e+01
-8.927404424990456278e+01 -4.422474496535163668e-01
-2.940837617866440823e+01 4.269183320230239609e+00
-1.426164108727643907e+02 -1.807082085208227795e+01
-1.040552456982720742e+02 1.772829414576130347e+01
-2.199558592941152142e+02 -5.114858933680958586e+01
-1.830157118926848909e+02 2.395590784946800511e+01
-4.247841193245760394e+01 -1.361546364755191441e+01
-3.657031088465582513e+01 -1.039768874515309349e+01
