-8.713965121983166284e+01 1.291621040757390304e+01
-3.445764140887413163e+01 9.018277406498778959e+00
-3.645577459601933867e+01 3.234430150452268116e+00
-2.115549384911306063e+01 -3.130148258457912291e+01
-5.510370835657375466e+01 -1.855449588185538445e+01
-2.520093408237934085e+01 -1.850828236586903586e+01
-5.042019839746703980e+00 -4.542402003736078342e+01
4.127680706155649659e+01 1.905615088705246052e+01
-3.897264773527568593e+01 4.789496964583324967e+01
-1.247354170089207201e+02 -4.728938700195800315e+00
1.637021974885833231e+01 -2.046659702685232318e+01
-7.243162043792887417e+00 5.895437557417995578e+01
-1.172015587991879073e+02 -1.548583921813959563e+01
-1.374307046853888608e+02 -9.684869585774745104e+00
8.975547419116946912e+01 2.831292867281306869e+01
-8.430836629975934216e+01 1.703101852242481229e+01
6.544687605772419658e+01 5.367032856107971384e+01
7.940988114219836191e+00 -1.205896368343743497e+01
-5.042517702483259256e+01 -1.855312497554765727e+01
-1.233058618642313462e+02 6.288033509809269006e+00
2.086165237967424346e+01 4.923349652280454336e+01
-9.005169707284336766e+01 -2.421277314098778888e+00
-3.197734702754596015e+01 1.996039261235834061e+01
-1.541404008719835304e+02 2.009878585506628923e+01
-1.154669816311849644e+02 -2.088113635454564587e+01
-1.116219826636545491e+02 -2.009748689230783114e+01
-1.239209130471523110e+02 -1.679675577211757309e+00
-1.173561839969477347e+02 4.237183073082711360e+01
-2.076788773275612243e+01 2.163043352512335460e+01
-5.216785694469796653e+01 4.191822343689378272e+01
-5.266904019288639915e+01 3.622199552745087203e+01
8.817560842739214877e+01 1.296517813033235278e+01
-1.859677741974034149e+01 -1.404019565667788605e+01
-2.140076766932943286e+01 -9.390681693947209752e+00
-1.097648195623723666e+01 9.834269113245497351e+00
-1.070037660712751943e+02 -1.739516693556410942e+01
-1.329306266805567134e+02 -2.711308410598605789e+01
-9.345462373721186111e+01 2.011099970718409580e+01
-1.590965006461082396e+02 1.356866007578239497e+01
-5.062756773980041913e+01 1.420082446984002011e+01
-1.904707764651945823e+01 -5.001270616149356130e+01
-7.133614232291603230e+01 1.015567292495510721e+01
-1.594195173224613029e+02 -1.968799284482986067e+01
-5.422208079398307490e+01 -1.409510610100279671e+01
-1.744512123141680604e+02 -9.245942276140144855e+00
-1.398837508722160692e+02 3.817787796390704536e+00
-1.158896494318545649e+02 5.024276748162947115e+00
-2.235488861406828960e+02 7.935966364443282295e+00
1.104356146629662163e+02 -2.154717734038789700e+01
-4.056670708698352712e+01 -6.551355882167912092e+00
8.080591622813496144e+01 3.834918141343118236e+01
-7.266036951633105900e+01 8.677651996091464426e+00
-3.518772948332552630e+01 3.592794509124519919e+01
-2.531548937767087892e+01 -2.343587914653121373e+01
-1.287417754984210774e+02 1.381281979104113056e+01
-7.074453119570858917e+01 9.243225720446872629e+00
-9.036384345798617801e+01 2.968243712072377605e+01
3.015011980852975526e+01 -2.103646581526268378e+01
-8.230960410560163609e+01 -2.839557427523190114e+01
-1.683550892990413388e+02 -2.269096260362254469e+01
-1.120166291755798085e+02 -1.353646363647190221e+01
3.327998488594376880e+01 -2.171232212681868035e+01
-1.764966452605635538e+02 -2.846251066553201525e+01
2.868810157762499369e+00 1.726011818735252135e+01
-1.778284546454164428e+01 -3.659559460270927644e+01
-1.066662040705262200e+02 -1.171436748480300105e+00
3.223391627834464401e+01 -3.435894799990604298e+01
-1.091197503055657023e+02 -4.343075147799616786e+01
-1.590977009997389757e+02 7.413592566004443718e+00
-1.887869044492667285e+02 2.467631258918178805e+00
-1.463931645006783810e+02 2.428383387369999724e+01
-2.277927445367818393e+01 -2.247407035379485407e+01
-1.064741968333396898e+02 4.041536568121306772e+01
-1.470354528787617596e+02 3.141889806114585681e+01
-1.489171371014655278e+02 3.308231698618183003e+01
8.696285813018128863e+00 -3.921912416143420010e+00
-1.071198551846354974e+01 -1.536350479336485186e+01
-7.345431615037756501e+01 -2.175107914292923184e+01
1.641091678669631548e+01 2.353415495796695112e+01
-2.962525328439523165e+01 1.520149789749607372e+01
-1.304111097797581920e+01 1.738630075460042690e+01
-4.872774753954074356e+01 -1.622409462086673670e+01
1.596976780436271213e+02 -2.915956381137750242e+00
-1.077174168992387422e+02 1.939075303511190995e+01
-1.057978737586979037e+02 2.057688115376774718e+01
3.937119022539670965e+01 1.673048206632103785e+01
4.357941901444662136e+01 4.875622488642303409e+01
-1.167714442114959894e+02 -5.081790771592935840e+01
8.293353743365246089e+01 4.306299135358413466e+00
-1.129418100803836040e+02 -1.182647516522821007e+01
-2.413189694119102668e+01 2.249010699114461165e+00
-1.208505080818758017e+02 -1.729013940667397664e+00
-1.136799484930112527e+02 1.249595493460141205e+00
-3.525134563611096894e+01 2.921483883655498381e+00
-2.917155951000195202e+01 3.860071199408576792e+00
-7.211432872752109313e-01 -2.016199873905365081e+01
-1.104731675497580312e+01 -2.643786946291032169e+00
-1.897443211823273543e+02 2.047595076205452358e+01
-1.319594792054842003e+02 -4.846051870791696103e+01
-1.586148497269060726e+02 -7.236318734985163204e+00
-1.275132081679333282e+02 7.052212457246815802e+01
-9.472483774977668247e+01 -9.788565122989126621e+00
9.979000782771844769e+00 3.912725370863942231e+01
-1.021330901632141774e+02 -3.425178229764187421e+01
-4.719359957069055156e+01 -5.602516616264689553e+00
-4.010783473688903911e+01 2.731373412373172727e+01
-1.632436632591630712e+02 -2.031909371595732594e+01
-1.439648729423450106e+02 1.495780829332660922e+01
-1.171759042526772419e+02 1.731758396993136984e+01
1.807979124955579664e+01 -1.176403677961234528e+01
-8.945147502852286436e+01 -2.784539251351630540e+01
-2.618635844991421280e+01 1.752750228530828025e+01
-6.314934039419620859e+01 -3.446821908950021651e+01
-1.847253690809982345e+02 -2.664024299142407060e+01
-4.453557578982283616e+01 -9.082090019015772953e+00
-3.624211198537891221e+01 2.050603574787387728e+01
-2.963105824485915818e+01 8.458476239718615730e+00
-1.316524477971211411e+02 -1.280038971353902255e+01
-9.739518990721992964e+01 -5.057423926625550337e+01
-1.027710041824252585e+02 -3.144846023059537288e+01
-7.235523318044968732e+01 2.797432819722164865e+01
-1.796329891501271447e+01 9.204960142750966412e+00
-1.348224833522095594e+02 2.267572956143502694e+01
-1.216141213628656459e+02 2.219880238725600918e+01
-5.510441716042971905e+01 1.772667495585820774e+01
-2.351724481694214575e+01 -2.487554188755380036e+00
-5.505017363372758865e+01 1.324878377147241215e+00
-4.963415793465032699e+00 1.241038266821713698e+01
-9.932642364320260242e+01 2.240096918377065194e+01
-1.311132174675886404e+02 2.428506405658740874e+01
-1.016657112747663376e+02 -1.253615966630970568e+01
-1.402313735718893213e+02 -2.553994687173617706e+01
-8.674971907726916243e+01 2.036321881789928412e+01
-1.271469402740911825e+01 -5.403019729880332278e+01
-1.464485068715771661e+02 5.845521988105925004e+01
-1.389638893956520178e+02 -4.974387249057370042e+01
-1.669027202458433408e+02 4.901490540009544872e-01
2.393558719351940667e+01 -5.911284447807872766e+01
1.690597748867542549e+01 8.835497789218605291e+00
-6.197265004646128261e+01 -3.763917384430083501e+01
-7.682472330135129823e+01 2.920381709816261306e+01
-1.181749616833144678e+01 2.495710952225295820e+00
-1.912351827330186040e+02 -1.146329320950248665e+01
8.051526190926841764e+01 -2.189683436070811240e+01
-4.378015536430089583e+01 -4.741907427282103527e+01
-1.092296648018577656e+02 -8.451702337337487769e-01
-2.059797378818590019e+01 1.499652777031878870e+01
-1.516899950604061473e+02 -9.596984715602930649e+00
-9.028612059848174454e+01 -1.404064603789572452e+01
-8.257575719605421227e+01 1.253210360267326173e+01
-1.154646920964102748e+02 -6.505414265918302519e+00
2.276547056434140259e+01 3.670957264381038954e+01
-3.901529077413746904e+01 -3.548699594489529119e+01
-2.048275534481936404e+02 5.112196906245687344e+00
-1.101762093282499819e+02 3.585078669827112208e+01
1.235091293753299624e+01 2.457299346927418782e+01
-7.391552482851437844e+01 -6.584627512235208258e+00
-3.385752374902843798e+01 -5.582898162558688426e+00
-7.650090865300443355e+00 1.143025618274767297e+01
-3.691992106454265610e+01 -2.415926917546591213e+01
-1.651460705851697810e+02 3.136554339178950812e+01
1.089509030190669137e+01 -2.164287323013377673e+01
-6.186748160168973953e+01 -5.411820658121551730e+01
-1.980421587981427223e+01 -3.983519279318569772e+01
-4.470435049666601657e+01 -5.527602776616515889e-01
-2.215936419019887538e+01 -3.061210210298317591e+01
2.152099004256800008e+00 2.726409789075536239e+01
-2.464313909974036676e+01 5.330057164073519482e-01
-7.546547038403633678e+01 1.692879483637615223e+01
-2.615717735048216497e+01 2.536358502388753422e+01
6.444905100058002745e+01 5.963224049915206848e+01
-1.086619779860069599e+02 1.329422408127119049e+01
-1.446129354936169307e+02 -2.620276331265996461e+01
-9.790790987524235334e+01 5.579149890807232737e+01
-1.947028548188364994e+02 -7.775942446696405774e+00
-1.253877857920674188e+02 2.836707624324167654e+01
-3.626496612995330082e+01 -3.365192574778700418e+01
-7.702647101567458776e+01 1.686889567782458954e+01
6.695313409036959484e+00 -2.470087389159502322e+01
-2.835912231716947574e+01 -4.853965849154538859e+01
-1.016893755112108693e+02 1.185403695829476689e+01
9.799302130631552643e+01 1.023749841009842854e+01
8.531582651986962418e+00 6.308629723471947415e+01
-6.070477489549417527e+01 1.491005690592149513e+01
-5.780856487607875493e+01 3.392835915869843433e+01
-1.811685020206754757e+02 2.927514397599786378e+01
-7.387193429937650535e+01 -1.186241027320744656e+01
-1.288589153748970375e+02 -2.281926607559410769e+01
-1.456136189489455433e+02 -1.854489791819546873e-01
-4.030753371667951512e+01 -4.920042453239955371e+00
-7.814652521100420302e+01 1.205000268190268287e+00
5.573132370487855702e+00 2.964582119546363259e+01
-1.273416268721191926e+02 -4.140574543207145908e+00
3.248672190188906939e+01 3.326167508559019126e+01
-7.562380207447230873e+01 4.638001223772398163e+01
-3.071471656153499374e+00 -2.609449045104974552e+00
-3.719431553624065145e+01 -1.849308583657642657e+01
-4.765087523410296200e+01 -2.355255351440095346e+00
-8.385424588390716849e+01 -3.103773633523892173e+01
-1.613214823872983743e+02 -4.118219923927219916e+00
-3.771598684983680272e+01 2.897226197528777192e+01
-1.037406918967461849e+02 2.943756446449932085e+01
1.025182192370612881e+02 -1.243521407157702008e+01
8.817431003485590679e+01 2.748644170182334179e+01
-3.363941547592056214e+00 2.391346160005812393e+01
-2.574718089374836794e+01 -1.180024610830347243e+01
-1.706687428555556778e+02 5.816846896019603363e+00
5.210397251514331884e+01 -4.620582036812282212e+01
-4.932492132019278586e+01 -3.456492296227389005e+01
-3.056062982759652868e+01 -3.550139959727917471e+01
-1.313233424807999086e+02 -2.009171348696604653e+01
-1.565106112717285214e+02 -1.145057553426475216e+01
-7.002272045309746318e+01 2.773135740547413874e+01
-6.110015640878626897e+01 -7.600695525378878159e+00
-1.183754357527525798e+02 -6.500919608492812252e+00
-1.189652685014333713e+02 1.109007137030384804e+01
-1.065205533138301206e+02 2.149982987899604936e+01
-1.208133738271503859e+02 1.839695545579947122e+01
-9.036165565999677085e+01 -3.481889080002989090e+01
-1.569926160458790605e+02 -1.441765326457670682e+01
-1.451423849622968874e+02 4.167786854539104979e+01
-1.440215928854789418e+01 -4.736488137866364667e+01
-4.285081724744065212e+01 -2.190450059979008302e+01
-5.551823838928233812e+01 2.289482223075905054e+01
-1.517143681057049776e+02 -1.304152753634638673e+00
-4.852042364822705878e+01 -2.786756699148455141e+00
-5.235779103431797665e+01 -1.936028100458038637e+01
4.646741817191089297e+01 -1.321572602940908059e+00
-1.425486314405888777e+02 -3.244246763293854485e+01
-6.081469065376026606e+01 4.325933215412297805e+00
-3.979426035954470819e+01 -1.670163341878452812e+01
-1.096309368930236019e+02 5.667548577605523263e+01
-8.941902272343079972e+01 1.266310779717063539e+01
-1.427563354814036813e+02 -4.069863185501630198e+01
-1.197548348643943967e+02 1.446911402579267225e+01
1.837481615958279590e+01 4.814748349624287016e+01
-2.604378888227406375e+00 -1.080483594379718149e+01
-5.638476313141452323e+01 1.209254520010354383e+00
-7.753367653918586200e+01 2.480174071878705533e+01
-8.860383153186302252e+01 9.168856031777838211e+01
2.981356446202538280e+01 -4.103455397521653936e+01
-9.632593697189621196e+01 -4.545184744519287889e+00
-3.503071045920886917e+01 3.663189233553210045e+01
-3.855085787718143564e+01 2.998969435952610496e+01
-3.110677515693554440e+01 1.503037543193684833e+01
-9.641977165206361633e+01 -3.576933323974999107e-02
-9.935612883409189067e+01 5.486902109063886535e+00
-7.136814044265774726e+01 -1.802740824006790632e+01
-6.176484571137217472e+01 -4.777423214745819280e+01
-9.356612781340241725e+01 3.110034641663178689e+01
-5.448554209405010340e+01 7.779935554433628830e+00
-9.934627635520307365e+00 8.631225243337018682e+00
5.966378758949283378e-01 4.249667693191578444e+00
-1.163849610344844052e+02 1.256651238109730784e+00
6.485028426855338068e+01 -3.454749187321222159e+00
-1.356826363054654507e+02 -1.177818530140101139e+01
-9.585342628709649659e+01 -1.810432142163937330e+00
-1.668519485107651974e+02 5.876377764068495324e+00
2.836121872347851891e+01 -2.438136632402647308e+01
-3.370280479639785653e+01 -6.242515330964135956e+01
4.132950306657627948e+01 1.075318950134726315e+01
-1.356025792061559514e+02 4.049667312792064422e+01
-8.876574144143758360e+01 -6.452408397611985258e+00
-9.969739833759582837e+01 1.740044232978195993e+00
-1.331186687063351997e+02 -3.032868212845583500e+01
-7.267642056150273788e+01 -1.610594892568907710e+01
-7.787017136681501484e+01 -1.340261550342714258e+01
-1.513524894056201902e+02 -3.698543720698879156e+00
-1.596004056550322616e+02 3.157693461486087827e+01
-6.937920798440492831e+01 -2.225431019380243569e+01
-6.796659397474481068e+01 -4.776952941596911018e+01
-4.710278183057292978e+01 7.122343921255014365e-01
4.485965925861310666e+01 4.122813356271639407e+01
-1.269320868642276707e+02 -2.065690939249602565e+01
-7.030219355782321600e+01 -9.426474874287658068e+00
-1.308171940176908379e+02 -1.131022823153779910e+01
-1.068324543273929237e+02 -2.055697425088602159e+01
-5.624974310774480557e+01 1.921019952714951273e+01
-2.998502343857980534e+01 2.121234997472575401e+01
2.126900536428242816e+01 1.349046902738004228e+01
-4.769849725037940402e+01 -4.899437972995636770e+00
2.810478584753382947e+01 -3.015873968065296040e+01
4.957662590773389333e+00 5.344843217140325953e-01
-1.286681960370826800e+02 4.503500746350641570e+00
-5.285104604462072331e+01 2.073260067616323354e+01
-8.548093630043544522e+01 -1.061507049469388342e+01
1.764547757580246312e+01 7.631257242040289768e+00
-4.989338819227382515e+01 -3.993782906788960219e+01
-3.566036427353852645e+01 -2.211575131689392393e+01
-1.082788574059476900e+02 2.492928461056736111e+01
-7.130138007428550395e+01 6.004922462474422673e+01
-1.522121296567057982e+02 1.450202083161087785e+01
1.811868653655180950e+01 -1.215254678430391522e+01
-5.684953031910485777e+01 -5.809875317825841989e+00
-1.410252125087472450e+02 4.575856954256328102e+00
-8.442138162865164475e+01 3.390455322442328878e+01
-1.554857876662228762e+02 -6.404696479877422632e+00
-1.976194964536644250e+01 -1.516998152987005133e+00
-1.396764593561643153e+02 6.996580146833220226e+01
-1.618767974576894630e+02 -1.950422994304883062e+01
-5.905502591467589468e+01 -2.611341048757770977e+01
-1.344116293909287947e+02 -5.296676942770880636e+00
-7.991893872912085328e+01 4.079103797481242744e+00
1.333268465064669561e+00 -1.326625063815161276e+01
-1.731655785033066763e+02 4.748761895630376983e+00
-6.584586606507754425e+01 1.200173659731920850e+01
-1.426351545615196130e+02 -1.759922205888360125e+01
1.412261235092203648e+01 2.166780704942483027e+01
-5.441075272293774390e+01 1.125364094492186240e+01
-5.858046790801908266e+00 -2.104143461604841647e+01
-9.404950740404882481e+01 -1.557630348144812871e+01
-5.030697397799708170e+01 1.248502001959632679e+01
-1.175813170417926159e+02 -1.949904549657077268e+01
3.744382689993919655e+01 -3.634331887192298893e+01
1.139933283822502119e+01 2.380295527908108966e+01
-1.214817401282557938e+02 -5.709988272058812431e-01
-3.646653867115190195e+01 -3.055459017668351862e+01
-9.777720075751197726e+01 -1.478804689700382191e+01
-2.476218722124336225e+01 2.630442479984191095e+01
-7.715515389188874451e+01 1.618833952082044192e+01
-1.068564395501661402e+01 6.066974386407854070e+01
-1.089257942729952333e+02 -1.240725009269823431e+01
-5.648952594056468968e+01 9.817528491681306591e+00
-6.909130360231015011e+00 -3.107083597020820598e+00
4.040559970175147342e+00 -5.053379698873510506e+01
-1.255037427949482662e+02 -1.072086509099431595e+01
-1.301868188362297474e+02 -3.017149972771604993e+01
4.349398531499621967e-01 -4.084988457930597150e+01
-9.216382007645551155e+00 -4.356873726203794206e+01
1.631084831488596762e+02 -2.320786472349665175e+01
-4.657203627488755160e+01 -1.113026947918599419e+01
1.078048573969585000e+01 3.776938234959160212e+01
-8.985196904728020684e+01 4.577259759788097959e+00
-1.741843849920479101e+02 -5.246320538635872444e-01
-9.928752055321049852e+01 1.329298837797465893e+01
-4.263012486830793080e+01 -3.085300618525775818e+01
2.078112787647310356e+01 -3.274941537767278277e+01
-2.454348781911577504e+01 -8.976090464463315044e+00
-1.541451923836595483e+02 -6.711629063792553751e+00
-4.674894350777814367e+01 -3.838104887368276597e+00
-2.056627243807339767e+01 -3.158003160866734405e+01
-2.121939602940418723e+00 -4.187096136193230933e+01
-1.066687197890933305e+02 5.731297474601779385e+01
4.707733871959027283e+01 -8.557353396378315935e+00
-3.839710439932812136e+01 -1.896406562054286127e+01
-6.474935279865590587e+01 2.925367880353831040e+01
-6.246712710119732037e+01 -3.640244619958015448e+01
-3.706913484499107625e+01 -2.337421550893581923e+01
4.651545866452514133e+01 -5.461901503541227498e+00
-1.634456342068040868e+01 9.474123791034195108e+00
-2.629920539466481699e+01 -2.358450401966999621e+01
-8.662288192553306487e+01 -1.086082765301896202e+01
-1.237072057479472846e+02 1.571049583079940426e+01
-3.253867245690985044e+01 -3.484267104297906315e+01
-3.514175462508738690e+01 2.150173572614317408e+01
-9.934654948597422219e+01 -2.911837715887571321e+01
-1.753786124693652368e+02 -2.026038141391691383e+01
6.191314710060427018e+01 -2.473509508749390129e+00
8.806877092399039952e+01 -1.312733737653365829e+01
-8.487253555765181545e+01 3.922736393755054252e+01
-1.926570102310739117e+02 6.888558518453064217e+00
3.160329949725208465e+01 -1.433423610104047086e+01
-5.394200225450101271e+01 -9.547909838598162224e+00
-1.016673734421534050e+02 -2.731016578233546710e+01
-6.648083530905803684e+01 -1.898748057840848347e+01
-1.374148982908769199e+02 -8.573870774203804501e+00
-1.292207766899823298e+02 -2.259477845152052744e+00
-4.829783041429306678e+01 -2.085502217164518868e+01
-9.445673799578793250e+01 1.867480754952600464e+01
-1.389600193813636793e+02 -1.469951421090000743e+01
-1.545035838924940386e+01 2.424097377086998151e+01
-2.446507192132056829e+01 5.620707421940352333e+01
3.625836264809316134e+01 -7.305500317866600035e+00
-5.890036395111135192e+01 1.238552100076026008e+01
-1.307138549158025569e+02 -4.076989837268332195e+01
-7.347264823567813607e+01 -1.237373345814768122e+01
-4.505934669715971097e+01 -1.793724844061026857e+01
-6.741771575744294864e+01 -4.443145866184085691e+00
-1.007649086710424058e+02 -1.058084501432476365e+01
-3.633310092589848495e+01 -1.120938848862995307e+01
3.736359536993901109e+00 -3.922145295767677897e+00
-6.277905425982404353e+01 3.158064367996043842e+00
1.998660548750044441e+01 5.664910501857293923e+01
-8.197256431676652255e+01 -3.841160527912836642e+01
-3.946625837853422070e+01 1.512218843781351296e+01
-7.073244211702697726e+01 -3.187908223300100730e+01
-1.509931047512613134e+02 3.468708107928269335e+00
-8.698481163785804426e+01 -3.243838066855641955e+01
-1.294669647852388694e+00 2.488283829390093160e+01
-1.563158565938732636e+02 -3.017719392752546170e+01
-7.915103799995907252e+01 7.674931862369527735e+00
-3.626296889081128683e+01 3.039858736797445360e+01
-1.338340031089592799e+02 -3.743273966986197365e+01
1.513116629077303266e+01 -3.563805800620894804e+00
-1.064590866980319390e+02 -1.193577843355187618e+01
-5.225844459323251101e+01 5.730955649431378873e+01
-9.797192251173099109e+00 -1.222406219353429790e+01
-1.762036436459253252e+02 1.690505047286240625e+01
-1.529468292947234431e+02 -5.656333653833040209e+00
-4.220824176777330194e+01 -7.948909628906848379e-01
-7.333823145618238470e+01 1.154185740519731951e+01
-3.687338199128030425e+01 -1.620755145197229519e+00
-2.113549976463938833e+02 -6.009405525973052420e+01
2.449035871050910362e+00 -1.259153037995386981e+01
5.770228975126064341e+01 -9.648972373876654629e+00
5.909104868598828375e+01 8.615141758985605236e+01
-3.716359804385521670e+01 -5.187347151840979720e+00
-7.859980034941651184e+01 -3.379205008257348197e+01
-2.237513416060711435e+01 1.223151273631956570e+01
1.696128511821887130e+01 2.397950445317512891e+00
-7.141056584394141282e+01 -1.787895662282322817e+01
-1.117919848799170666e+02 -2.182368871024381463e+01
-1.041047324180737803e+02 -2.532004110955518428e+01
-3.280333541627468463e+01 7.369848993046607788e+00
-5.722238502305528129e+01 -5.786711545868479689e+00
-1.142023157011024352e+02 4.472236232203365525e+00
-4.827739434698818144e+01 2.724398242199376430e+00
-5.924916419300171100e+01 -2.836691317409673729e+01
-1.366993703341456410e+02 -2.226070888063780373e+01
4.424132560028605354e+01 7.234339447882887519e+00
6.934607893125318334e+00 1.215158393727528008e+01
-1.564897143807499447e+02 1.009954120493933694e+01
-9.220304342692590183e+01 -6.152291321812779046e+01
-2.642950506470691963e+01 9.339877543285465933e+00
2.049206895143613494e+01 1.337577152427558858e+01
-7.584468169312445696e+01 -8.262645410419796832e+00
-1.090598335620638437e+02 1.853037352549009853e+01
2.664780725209890733e+01 2.374986350567333915e+01
-5.999494567858822514e+00 3.551004189086751239e+01
-8.662671623777312391e+01 7.464206051560286603e+00
-4.267597368914627509e+01 -5.790235484401792121e+01
-1.127411596749431624e+02 3.027726346664999113e+01
8.204941722668803550e+01 2.344142862287467466e+01
-7.147737513475649962e+01 1.608087604456400399e+01
-6.371814375971785438e+01 -9.090586192083989658e+00
-8.832889034758831315e+01 9.457262635448479671e+00
-6.951546207519388076e+01 3.491440643293825019e+01
2.932468595531118183e+01 -4.670267698174177085e+00
-9.352425905949604612e+01 2.047337245254993832e+01
-7.776781577292672409e+01 1.936137163295718056e+00
-5.286438965307910109e+01 -1.957088210262046601e+01
-4.705468831057635271e+01 -1.590259714815538139e+01
-1.547415759729209412e+02 8.701442000543606170e+00
-4.321933874350986571e+01 -3.497153321782587909e+01
-2.992519484625072934e+01 -5.448071844814354847e+01
-1.901898359856230343e+02 -9.471911182245492000e+00
-6.609762536075076866e+01 1.214735116955384697e+01
-1.723157710346852696e+02 4.416642027696044437e+01
-1.639465240996714783e+02 1.032083680020191352e+01
-8.478845945871630363e+01 -1.008933652622449095e+01
-9.274749189958093609e+01 6.210056251846971520e+01
-1.087294045206366349e+02 4.573767476880357918e+01
-3.912764403189462570e+01 -3.312684527650728938e+01
1.252684197161685908e+01 2.592344976297321413e+00
-4.615407848448150929e+01 -6.743051148168916598e+00
-6.791306738504380291e+01 7.198503073843957623e+01
1.114949880955032313e+02 -2.927264634629416662e+01
-1.104775596600112095e+02 4.903077969301824623e+01
-1.622756337325464528e+02 -2.378163726848651294e+00
-6.198524709402167154e+00 3.963949556641097161e+01
-5.648618435267012217e+01 2.432080272008188260e+01
-5.408064338372694735e+00 -2.936469803233586262e+01
-1.830911015981951451e+01 -5.309470054843397691e+01
-1.137823406927490844e+01 -8.806027258395380031e+00
-8.362113566977720325e+01 4.043960751286749478e+00
-7.392666601614935473e+01 -1.639906806070149869e+01
-8.091329268958496357e+01 6.056118409306156281e+01
-3.317677669655576977e+01 -3.984829433177528557e+01
3.048302498375147707e+01 1.325999337011086610e+01
-7.531234093797355911e+01 1.273515126363716909e+01
-1.137943541291578100e+02 -2.297816168121125457e+01
-1.209077419088694683e+02 -7.470329006368032765e+00
-1.080984886116205672e+02 -3.537656426474242721e+01
-2.138703127107643525e+02 -3.107978760134009732e+01
-7.315566098604480771e+01 3.306716212584860592e+00
-1.074794562060480558e+02 -5.375889189544136748e+00
-6.620302720420598064e+01 2.624795003332130605e+01
-1.707286895828236695e+01 -1.605095964573792955e+01
-3.201663281976727404e+01 -9.125379967601489284e+00
-1.632382262859844957e+02 1.556989708030405595e+00
8.268882406989966682e+00 -1.267571361811123687e+01
-1.195620022673349752e+02 -1.399995525119963347e+01
-8.437191579787329943e+01 5.409776620628443311e+01
-4.794546050419809546e+01 -7.994657151549033003e+00
-1.355266595862723555e+01 -6.702289507074443264e+00
-2.774348670981401810e+01 -3.640175238004680125e+01
-8.870992579982959114e+01 -5.074470566566690621e+01
-1.559742023674975826e+02 5.077783865732004465e+00
-9.449923722307762830e+01 -7.407702702474186829e+00
-2.065547050517101368e+01 1.332280792356277743e+01
-3.401638043582514825e+01 5.300966669966732070e+01
-7.967314549208322205e+01 1.420237924107130212e+01
1.618692512516557969e+01 -2.788332850209923919e+01
-8.636167589151267521e+01 3.136895842082453356e+01
-1.788016029845309731e+02 2.876095128304800497e+01
5.209188394325902038e+01 -3.378542909344710665e+01
-1.049807569230919029e+02 -2.215079056536236024e+01
-2.413311462033085419e+01 8.881198683942429284e+00
-8.001755596469540421e+01 -3.102998713118774887e+01
4.580502507384217381e+01 1.445073137361129056e+01
-1.912638592701005535e+01 2.895999414741016409e+01
-3.671056155661565867e+01 -1.745594603388749988e+01
-8.173026422403705737e+01 5.962810478266881375e+01
-9.561155655607392134e+01 -2.400738836507592922e+01
3.789340999042801172e+01 5.989373064138692193e+00
-7.354981502176813990e+01 -1.242294805115378509e+01
-1.364148979575489591e+02 5.243902396046841830e+01
-1.490570140623325130e+02 -3.024005333653712313e+01
-8.423952709245807569e+01 -4.700296156659473645e+00
3.741920984014124230e+01 1.175292690153519448e+00
-6.811598467212269270e+01 1.009379974121756440e+01
-2.708957153671307339e+01 -4.694065898347970744e+01
-1.214570254378419634e+02 1.650185639903706303e+01
-2.345586249293867098e+01 3.468904896343795485e+01
9.305007140229780305e+01 3.063677898534003408e+00
-1.282089074295263345e+02 -2.176067965618107181e+01
-1.581065982335228739e+02 -1.353471632492430521e+00
-1.824773847914636349e+01 -1.910221365140021277e+01
-6.060585978118385952e+01 3.523793614278059749e+01
-3.701716895292911147e+01 3.046480182699947648e+01
-3.951873486225797372e+00 8.075958867810573594e+00
8.549643778099164138e+01 -7.127335159175698820e+00
-5.098467881677715496e+01 1.272237061705877181e+01
-6.014757730318410722e+01 7.523741214246452103e+01
-3.675125701807242962e+01 -4.545182112204805946e+01
-1.681270640705713859e+01 1.731722230317742017e+01
-1.271143926497595515e+02 9.207064565868659400e+00
-6.914209057900036726e+01 -2.035820237455425641e+01
-1.458509655893913646e+02 1.506836043571837003e+01
4.020505258498198486e+01 -6.365402949895677409e+01
-8.941221147177890316e+01 -1.160116380088309640e+01
-9.345996438675423690e+01 -2.038555648844046786e+01
-1.039289101130905237e+02 -2.403106025961222514e+01
-1.214782286222021384e+02 1.858804593001012151e+01
-8.573763612813354484e+01 5.195306184687910189e+01
-8.418521713383454141e+01 -2.710246951616188937e+01
-1.419664895946106924e+02 -1.076815923517682738e-01
1.512183567762563996e+01 1.300755857419508210e+01
-7.358461846465971234e+01 -1.903720099856808545e+01
-1.418283914543654021e+02 -4.943190729962628538e+00
1.147294148707419481e+02 2.019105190306761699e+01
-3.962264651365638457e+01 3.838762916649471002e+00
-1.244572256112120670e+02 2.281159218194630611e+01
-1.722354438745192695e+01 1.041532951990767053e+01
-8.268580047743769512e+01 6.466723386044251676e+00
-4.307274354187725862e+01 2.177375631779299070e+01
-2.795036855724755398e+01 -2.260381393193132027e+01
-1.554121848633951970e+02 -3.676062825516393673e+01
-6.794598814143610355e+01 3.814918604743861152e+01
-1.470375037625634604e+02 -1.276564861357723224e+01
1.036564353685819917e+01 6.412305912876185232e+01
-5.468862766694154232e+01 1.032886577753565938e+01
-4.022435155775852422e+01 -2.761984752956104217e+01
-2.108521719367662683e+01 -1.675205342015864352e+00
-6.814907775627482067e+01 1.447769658237146873e-02
-4.938168911225648827e+01 -4.336121886001291159e+01
-8.106280250712785573e+00 -4.581868438937755172e+01
-1.242808005793858115e+02 2.508633394364434999e+00
-5.710938940680365761e+01 -3.198696286596276295e+01
-7.676941656339437259e+01 2.689861043766117987e+01
-9.575816271943196512e+01 2.395765939662819477e+01
5.507927859234636792e+00 2.367651769544881546e+01
-5.731144966901352689e+01 -2.369047133322097309e+01
-3.116851775372183653e+01 -5.488514671398915823e+01
-4.540384394974583415e+01 -8.609484063487689909e+00
-4.508232376905294814e+01 -2.548974976841457973e+01
-5.623110444966351906e+01 -1.153057511436992577e+01
-7.468865089558860859e+01 2.757986754091269432e+01
1.009508260026130131e+02 1.695913157354271306e+01
-1.226434271481317353e+02 2.415515731803350619e+01
-8.588456619617531373e+00 8.204066169297478339e+00
-1.272433161790861362e+02 -2.803899273407954951e+01
-9.662356784098059848e+01 2.389232215636901024e+00
-1.470914633260677249e+02 -3.624609124370532953e+01
-5.333008631200421235e+01 -2.435214226252996994e+01
-4.974107983729383875e+01 1.480121241095059581e+01
-5.741622955839792297e+01 -2.682773442727561530e+01
-1.146299887212545343e+02 6.577830500960031301e+00
-2.306010437692057380e+01 9.552070348301574754e+00
-7.515754860761320799e+01 2.390886166299362459e-01
-4.275409131004816743e+01 2.611922934010178921e+01
-1.942391830651134512e+02 4.909473767903272545e+01
-5.569154876006587784e+01 -4.247491493196501011e+01
-1.060996185305602779e+02 2.749008183649065273e+01
-1.327529014445259463e+02 1.096522193103928622e+00
-2.045673916287428256e+02 -1.044696383056007605e+01
-9.421588191870489482e+01 -3.528314400184692889e+00
-1.216979955080330598e+02 5.275528496462076333e+01
-5.936603134447723917e+00 -4.271567938185128810e+00
-5.654895060016765740e+01 3.406066299286159449e+01
-3.704979601380632914e+01 -1.354851563004483062e+00
-6.319832663242124227e+01 -4.433295145635494094e+00
-9.225053165276152356e+01 -2.487328930212533962e+01
-1.231794408315077192e+02 2.259404862407870951e+01
-4.202986187608855317e+01 -1.518993023942526932e+01
7.745228263637033095e+00 1.455528101796471185e+00
-1.432289224319623031e+02 -6.256596006390855003e+00
-1.190585462722864207e+02 4.041076078330683607e+00
-1.167282796169519088e+02 -7.711026310796983196e+00
-5.031818559515411238e+01 -1.521735655820385524e+01
-1.020500389171061499e+02 1.733672257214534440e+01
-4.069688437472020581e+00 1.617585660999563757e+01
-1.083740942639630447e+02 2.831724720311673948e+01
-1.540567396090642660e+02 -2.642443786364977498e+01
-2.694844828169649986e+01 1.824674769993149326e+01
-2.966775697876433071e+01 2.540382653426309290e+01
-1.664167480169243429e+00 5.223550979433724706e+00
-4.946878848535165929e+01 -2.355603835883283281e+01
4.661649566741750306e+01 -1.420297368727277565e+01
2.025470830497077657e+01 -1.190994561472170332e+01
-1.588390805717792489e+02 -3.067430063477793567e+01
3.061583078288849080e+01 -7.034697927856981003e+00
-1.654429111760295541e+02 1.609687994427966951e+00
-5.442973467417447608e+01 -1.137637491129339118e+01
-2.337842856306757966e+01 -4.445053456854086704e+00
-1.927112052411083312e+02 -4.118353322841940667e+00
-1.635621642887718679e+02 5.640603830660956497e+00
-2.116869857312522072e+02 1.795525071140927409e+01
-4.320214245912431750e+01 -2.725105475194245486e+01
-3.564194383678169231e+01 6.623765447283358476e+00
-5.550368849098809676e+01 -3.805086112504388662e+00
-1.103416430348876389e+02 1.045220204318904678e+01
-2.723701839329689989e+01 5.011066299871686880e+01
-1.182421867626295722e+02 4.008389864209480180e+00
-1.779752718005705390e+02 1.982455947139061792e+01
-4.954936605205267597e+01 -2.342220779976948464e+01
-2.674980968048929597e+01 -4.289195128330913320e+01
-8.719034866629736769e+01 -2.856821090582929656e+00
-1.975119895531392729e+02 3.550164009236879359e+00
-1.168973258444691510e+02 -4.606249789650753712e+01
-7.844747113716039166e+01 3.997804019857115065e+01
-3.464843813792742822e+01 1.679527155941594430e+01
-1.808864987165666776e+02 -1.245390881698859253e+01
-1.582540699489685778e+02 -6.317112764876377184e+00
-1.979474192564525481e+01 8.273413963011938321e+00
-1.030842258626841357e+02 -1.173393532027522390e+00
-1.991274018666239840e+02 1.027312826357438880e+01
1.897592951216523360e+01 -1.106441289371734271e+01
-1.919811272349968192e+02 3.835918581035019592e+00
-5.816970376012853450e+01 5.943620046017278469e+01
-1.551835935040275558e+02 3.324890043905003867e-01
-1.472484700966932678e+02 -5.344172518255592585e+00
-1.265786771215216930e+02 2.738149880676181525e+01
-5.570970965689520682e+01 5.439353267972139605e+01
-1.820270071091626107e+02 -3.578264463126359374e+01
-1.270457796710531682e+02 4.303074822538543742e+01
-8.725418102215880367e+01 -1.723818466733601795e+01
-7.874509748685053978e+01 -2.432104493388948185e+01
-7.939848680975070749e+01 -8.316293158867180679e-01
-6.580223565940526598e+00 9.542536916331160413e+00
-6.433508868145005977e+01 -5.155040665356030338e+00
1.405477686650828417e+01 2.926367545411372895e+00
-7.800919124664321203e+01 1.029862900609509779e+01
1.445308186611388237e+02 -2.905322468591026563e+01
-9.417728282019304231e+01 7.402381916888471913e+00
-4.371485581373129037e+01 -1.532998155504933635e+01
-9.653681880450367458e+00 -8.984934582723974827e+00
1.158663090441578269e+01 -1.910273700887198611e+00
-9.671473809969937463e+01 2.333869205428450755e+01
-1.369691657027005647e+02 -9.959866123735913845e+00
-1.544344822238083559e+00 6.780421534535514994e+00
-8.557174503287501466e+01 2.252554989278955233e+01
-2.365758424849271080e+01 7.229774198412450836e+00
-2.851623621979938150e+01 -4.271399923258793585e+00
-8.814183763722665788e+01 -3.331869923060784089e+01
-6.295518281544537587e+01 -1.796397569324413368e+01
2.501572373695784535e+01 6.611286843612201380e+01
-1.709805063400062863e+01 5.175407969402788666e+01
9.304060427563136670e+01 1.319205219268768658e+00
-1.113822929966756448e+02 1.506343035067865266e+00
-1.349367197661639750e+02 8.804474062579936700e+00
-8.460196092915120403e+01 -1.881338993606431842e+01
-1.275142941581707277e+02 -1.598669490820045169e+01
1.444109516377307045e+01 4.105451536887313324e+01
-1.391510404566704722e+02 2.408052501918109556e+01
-1.014015841934556477e+02 -9.260681337806254021e+00
4.758766946027547107e+01 -8.549789950235936686e+00
-6.589792125450803617e+00 -2.568546308072611595e+01
-4.792088363762779579e+01 1.264612167811695365e+01
-1.048599225557713766e+02 -1.341917190664050352e+01
-5.408630107624883010e+01 2.624973582298211383e+01
-7.571669619637143001e+01 -3.317306384350557380e+01
-9.088203646306352823e+01 1.611141927946992780e+01
-5.332702011876336456e+01 -2.774098417979693565e+01
-9.368979982172213283e+01 -1.263946938653262286e+01
-2.788352925427528106e+00 6.659088278410675343e+01
1.552919444028228568e+01 -4.544437318354038524e+00
-1.843183976817678627e+02 1.295734368053550689e+01
-1.082319340305046573e+01 -1.071003318410478471e+02
-3.509708647904272993e+01 -2.283514963069926651e+01
-4.867434120737479475e+01 5.472988638662465632e+01
-5.511247904982369050e+01 9.795155990183999961e+00
9.442811961070012217e+01 1.941083230157754613e+01
-6.492509874845507056e+01 1.350593241133519129e+01
-1.374734066978683131e+02 3.370723890946081980e+01
-9.033349443015838176e+01 -2.195332605339768506e+01
-6.779394065685478665e+01 -7.813167767650014639e+01
-4.902006393332472811e+01 2.004736644889758779e+01
-3.541177651315046404e+01 -3.773796591845321302e+01
-6.609175382898251883e+01 -1.144169256020862235e+01
-1.257577474534895714e+02 -1.449892766165774338e+00
-5.732210995050373015e+00 -3.205013293228344651e+01
-1.704486099723680752e+02 4.509530853338106482e+01
-2.179773443595767333e+02 1.836532996599822809e+01
-9.973018864489587543e+01 9.730820190078258491e+00
-2.010779591453457726e+02 6.869655105632062053e+00
-4.882153568081923822e+01 1.194216455147671674e+01
-7.624129358145349045e+01 -2.310735262966172243e+01
-1.666665300724708061e+02 2.621403156316473826e+01
-8.453370379777447852e+01 5.900346322225117035e+01
-8.594828784208128525e+01 -2.754163657075715754e+00
-1.020907728257342910e+02 1.599520992647210704e+01
-3.768723427513374702e+01 7.205942834102744499e+00
7.420161107607939677e+00 -5.223763636520624587e+00
-7.207403742327176133e+01 5.309125670595542346e+01
8.231363584254505383e+01 -1.362358721260857131e+01
-9.384077322958138723e+01 -3.604300871732517009e-01
-1.343979467296377379e+02 2.778102857698391404e+01
-1.115509258785287727e+01 -5.288522570744418516e+01
-1.014743332545021275e+02 -7.108609743101024669e+00
-1.276283979645046607e+01 3.610067715654434739e+00
2.070900218072436516e+00 -1.180089797767589133e+01
-9.062852191304770599e+01 -1.162501175105855822e+01
-1.619233389919269257e+02 7.787274185549313721e+00
-5.187534226502473444e+01 6.653736240652710077e-01
-8.536777104428853136e+01 3.727998014594586351e+00
-8.148703259844346292e+01 -1.797047652434587661e+01
-3.601255624635782482e+01 -7.368542978156019885e+00
8.278828325561821089e+01 -1.804619270020588573e+01
4.131297450827000972e+01 1.084407230711470937e+01
1.522152135957829167e+01 -1.726802005579133237e+01
6.293895130241558178e+01 -1.124338886161600826e+01
-1.528422425183947837e+02 -7.173916419846296577e+00
-5.039486396149643888e+00 7.544675351602757374e+00
-9.753800246280751196e+01 1.608135992343974152e+01
-1.339998955026875080e+02 2.078470902413766641e+00
-1.179975947511639021e+02 -5.602620568641889776e+01
-3.217467345558979019e+01 -6.075499967926120126e-01
-1.974896009718158894e+02 8.865327338419993763e-01
-5.714582561455107879e+01 -1.587466907524202853e+01
-1.720534063632383948e+02 -3.067070844569941102e+01
-6.105655951207018717e+01 2.490785038774776083e+01
-1.428586136919368528e+02 -6.145311777077492543e+00
1.611610173000347572e+02 -3.415218354212083796e+01
-2.425691323432783975e+01 -8.111850653393760879e+00
-1.563254231256708238e+02 1.813802807981435450e+01
1.719735876167092670e+00 1.501096384348582546e+01
-5.370604344152161502e+01 6.958618071806095706e+00
-1.574479471544188698e+02 3.128137128403544409e+00
-1.580429344284298736e+02 5.832609201829939138e+00
-1.214727660085150944e+02 -3.032263399727087005e+01
-2.156877026711125467e+01 -2.465078917253071467e+01
6.442273175222665316e+01 -1.542117616597636065e+01
-6.445533869780925329e+01 -1.384870812089555869e+00
-5.810533946325000443e+01 5.915964135297228665e+01
1.534327875149848452e+01 -1.810411666447884471e+01
-1.117998156102318035e+02 8.365225655758676382e+00
-1.011568726184123079e+02 4.806946290238103714e+00
-4.477591575922046019e+01 3.999225968227435146e+00
-6.348344326009268457e+01 7.623409537732228625e-01
7.675734773763274177e+00 -3.040300068272259182e+00
2.882195386799191184e+01 4.731937488930810787e+01
-1.059849164240649912e+02 2.073109138431856380e+01
2.911644111603608920e+00 2.098004915885636645e+00
-8.573144608916021525e+01 5.789227368638631965e+00
-5.435873831324308014e+01 -9.711932113263024746e+00
2.145977733811391630e+01 3.510134199654725506e+01
-1.017420183142641008e+02 3.256309354189595950e+01
-4.463153616639976917e+01 -1.391341983593577680e+01
-1.599832185429139315e+02 -1.479390494305049941e+01
-6.762543693703054259e+01 3.483077285079190233e+01
-1.416299994361111771e+02 -6.886365890988854765e+00
-1.251721833135020745e+01 -1.430251358817993435e+01
-3.603982714667192511e+01 -7.193853750445924788e+00
-2.165220147207154184e+02 2.813256303269396952e+01
-1.956512611649977487e+02 -5.139158335904276953e+01
-5.631510407288340048e+01 2.669537771184212094e+00
4.682533258368332341e+00 6.369072885605192624e+01
-1.268662067419334250e+02 3.774863128007540070e+01
-5.912890670642925528e+01 2.767286802488075281e+01
-1.275129856424414783e+02 5.831469856493244563e+00
-1.152780944093777151e+02 -3.687968354510962143e+01
1.390720690547346017e+01 -5.400452254048943246e+01
-2.721205973943026279e+01 1.059006033753503928e+01
-9.567748983750361447e+01 -1.395357045725487843e+01
-1.253258466597096543e+02 6.619598764535977864e+01
-1.032898790836924121e+02 -1.475391107582311889e+01
1.189420654323003035e+00 4.283492462322585226e+01
-1.909438304014583139e+02 -2.505010809431172802e+01
-9.393766695702960590e+01 -3.915851573893454685e+01
-7.581609741848019723e+01 -2.924042205567661412e+01
-3.309794508930467316e+01 6.519019880887250906e+01
-5.593516432215058565e+00 -3.228572080087160856e+01
-1.858443276326928810e+02 -1.359505417736159849e+01
8.132689328875995827e+00 -4.615101734669770916e-01
-7.931613374079162782e+01 -4.290703910740358396e+00
-1.238157868790452909e+02 1.429852166108531186e+01
-8.628541088401837555e+01 1.904362140988180130e+01
-1.101676483655286205e+02 -5.331937882156397990e+01
-3.676027646869283672e+01 5.586885076417873819e+01
-1.102446440666420102e+02 -2.855491509895483837e+00
-1.899450101495074534e+02 1.914528082268906362e+00
-7.060234338415094157e+01 -2.111433891264289997e+01
-2.602229700581180083e+00 -4.966953946797946173e+01
-9.035940077923422464e+00 2.688777649464716646e+01
-4.825780932815938229e+01 -2.432547064251072300e+01
-2.071015362727248714e+02 -6.338191542943317991e+00
-3.362693293446533005e+01 -1.546304410643419125e+01
-2.789357001589294782e+01 3.243318322468513060e+01
-1.259735595485905861e+02 2.463400943772654017e+01
-5.034563213745785504e+01 -2.124944001450675302e+01
-2.953748993416566648e+01 -4.640373371631399380e+01
4.868738645734570980e+01 8.122310996485625267e+00
-9.133816247265524169e+01 1.041516129861694040e+01
-3.788278439737075587e+01 7.470208773549437131e-01
-2.815479313644801707e+01 -3.866813012279152195e-01
-4.356456491011263665e+01 2.266677833181581558e+00
-1.139354594904804401e+02 -1.481392279499347886e+01
-1.695395394676836531e+02 -1.834260476817605934e+01
9.510722706676297378e+01 -2.245244246267496635e+01
-9.599824134115699792e+01 -2.466240162329641095e+01
6.726366262489766257e+01 5.215036358593886945e+01
-3.334060529614988866e+01 -8.417673459821630289e+00
-7.362855938842129433e+01 9.964623926630707729e+00
-5.694798717552286149e+01 1.073882654452565077e+01
-2.618150009264353884e+01 -1.119021883823263508e+01
-1.054003573180928299e+02 3.430175200317973605e+01
-1.307354679130089714e+01 5.235702763973198870e+01
-1.012098420541015429e+02 -3.240029256696040960e+01
-2.037681915557981256e+02 3.717756872542977931e+00
-1.031751909143889492e+02 1.314549024045476067e+01
4.044709061636014269e+01 3.119370103883862200e+01
-1.015666065130572377e+02 -9.237898765995744554e+00
2.903189895786099939e+01 2.203208194887210070e+01
-7.260568380610359895e+01 -2.643652654183804174e+01
5.830894792321503672e+01 -4.199114822189642382e+01
-1.680189023683850849e+02 2.824581845157129401e+00
-1.328005646311470969e+02 -1.117809344391601911e+01
-1.321545904379940453e+02 1.673056905510577730e+00
-7.839885876000995779e+01 7.365292111937815633e+00
-1.118497965082980699e+02 -2.681001027101596179e+01
-1.438386189649149571e+02 4.047356569198993981e+01
-7.802772373054605737e+01 -4.602952747217251783e+01
-1.993479008628534288e+01 1.986405337045530928e+01
-1.001902136421485778e+02 1.221028495709420980e+01
1.027530893641223209e+01 7.817952666946543339e+00
-7.719216806904066175e+01 -3.585206089054541678e+01
-2.914582655099212261e+01 1.974597341022551333e+01
-1.229260178989039929e+02 -2.976767938835997285e+01
-9.539313626125716894e+01 2.625111598639978006e+00
-9.744077777322746670e+01 9.598451624909099422e+00
-4.781080887687740955e+01 3.087863782114073086e+00
-4.781121670759269193e+01 -3.015744277127267026e+01
-5.221629791516846097e+01 3.196529685391148945e+01
-1.175090419869971470e+02 -3.313300100365960077e+01
-2.771148351796707487e+01 -2.234807283531602451e+01
-3.209583877194715740e+01 -2.941254078332655197e+01
4.408376236462293463e+01 2.942712093226217007e+01
3.179089993742651998e+01 -4.284117132171569153e+01
-3.551960146862546708e+01 2.839061052210606118e+00
-1.246385547019258837e+02 2.140786916579347476e+01
5.171803967477741537e+01 -2.320345279458314280e+01
8.751892788469798745e+01 3.229625002347258089e+01
-1.222604503632415600e+02 7.695906791839672856e+00
-5.374178708732187459e+01 -1.807770171194170672e+01
-2.071258881337868019e+01 -3.855406648332208164e+01
-8.563931973447931512e+01 1.516316479428408215e+01
-6.129379861108017735e+01 1.104079770676036798e+00
4.326628563004256733e+01 -3.323468587353298886e+01
-7.088931843789545439e+01 4.413294325078775415e+01
-1.103132947447313228e+02 3.845249614406820626e+01
-1.295679922561204762e+02 2.469345310373437030e+01
-8.054973820787127181e+01 -4.100420605718286282e+01
-1.656043920891574928e+01 3.963091977218012119e+01
-1.420487302602501813e+02 -1.734575975336185572e+00
-1.729288404980329119e+01 -2.428368847534984099e+01
-2.995572294328413676e+01 -9.595482130287587452e+00
-1.143129360204096372e+02 5.795956623609833258e+01
-5.219165417808940788e+01 7.903961690545218133e+00
-5.041796510876122284e+01 2.818832975545160835e+01
-2.788277626225263361e+01 3.028474162262266489e+01
-9.418415712480614843e+01 -1.189463297020603250e+01
-4.915928334047604409e+01 -4.819314330555585002e+01
-2.414627296699463699e+01 4.444329801983283090e+00
-5.663982493922726746e+01 3.807423772521877137e+00
2.450480691493267216e+01 3.832720007300811638e+00
4.119590458678190714e+01 1.769476998871632389e+01
-1.279683262383103113e+02 -3.620924526860154202e+01
-1.008521281247834480e+02 1.828986482788200973e+01
-1.272731294797410406e+01 -6.482351258000617733e+00
-6.231269374844215747e+01 2.517330779994796686e+01
-1.472271358969237376e+01 8.479150105978343177e+00
-5.972195546959872559e+01 4.053643558518614043e+01
2.764732828151606725e+01 1.765846508370589163e+01
1.244907351982037547e+01 -1.919171458614940562e+01
-1.683210065144112093e+02 -2.996137462141839958e+00
-1.330460149733519017e+02 3.127986892338355318e+01
-4.907730361202698077e+01 -1.277377930510045800e+01
-1.623024716650912183e+02 -1.564494706829689186e+01
-8.654776888644508404e+01 -4.295505001960020763e+01
1.239066315792079962e+02 -3.916079100883895592e+01
-6.793136567658528691e+01 6.331521189293701468e+01
-4.460605365834300073e+01 1.199302547353391368e+01
-8.038911056346977091e+01 9.393103682949418554e-01
-1.260372597030565203e+02 2.354893503734796667e+01
1.679337969990979929e+01 1.989468723311747667e+01
-4.570947456534713638e+01 8.394508088461995143e+00
-1.075517798756488901e+02 -1.233220292133042939e+01
-2.062545533990323676e+01 -1.193039259193466073e+01
5.669577625010457211e+01 2.361134674313699477e+01
-3.397802957057715645e+01 -2.411595340665463638e+01
-1.711239893562488419e+02 1.003547482243960332e+01
1.167654872498470269e+02 -7.792142581145907521e+00
-7.328893689561192559e+01 1.070423252369771916e+01
-7.650981198998859156e+01 5.929973462685971697e+00
-1.165346067554746590e+01 6.294879146922598778e+01
-1.422655093939216329e+02 -7.526746723622813384e+00
-5.839660577522554519e+01 1.460922934902685544e+00
-5.674131667711966287e+01 1.168200222020197643e+01
-6.180393147469360571e+01 8.211290673137575880e+00
8.899743007242255999e+01 -2.346372740481674768e+01
9.950077161538477100e+00 -6.309300769700322276e-01
2.449316389179577058e+01 1.146499531085390799e+01
-5.029820722887930629e+01 1.038228240434317229e+01
-1.838652722661505550e+02 2.966623994319455804e+01
-7.405824128480971069e+01 -8.119400810073229025e+01
-7.277728825291431747e+01 7.491081957264259295e+00
2.432453345007542467e+01 1.094844786243452495e+00
-9.705216670687883607e+01 -1.913668513008937211e+01
-1.214369077718304482e+02 -5.237712553232084289e+00
-1.076228241043713325e+02 3.012385326989795775e+00
-4.208400166515632890e+01 3.058105070696566230e+00
-5.551941149246840013e+01 -1.394131787141364320e+01
-3.061220698543851526e+01 -3.535901198144915014e+01
-5.309782126079782927e+01 2.144416290246499912e+01
-1.535140351814918631e+02 7.523321215963593822e+00
7.505846171651157306e+01 -2.541973896531096955e+01
-1.450736566111062587e+02 1.045519834369421730e+01
-9.962867221906414272e+01 -5.294602791823996313e+01
3.910385753977880796e+01 5.336614449742067023e+01
-3.845468609303993190e+01 8.823027628823000512e+00
7.097974436033524626e+00 -1.019220937889741130e+01
-1.351290769936840945e+02 4.677877779193586605e+01
2.078798377792002050e+00 6.705412405719957114e+00
-1.674760581138745010e+02 -4.087580514647712704e+01
-5.995671750693272628e+01 1.073702267190094517e+01
-1.824797340977517024e+02 1.590767271589589349e+01
-1.240953434980931718e+02 8.288173684770343552e-01
-1.021149948340250688e+02 3.733504840832481619e+01
-6.390957339452808128e+01 4.599293650602226080e+01
-3.299161994621272953e+01 1.226402388079815076e+01
-1.964717553308634024e+01 4.218727683371295889e+00
-3.215172779204412734e+01 -1.726267795965468110e+01
-1.818908647063936712e+01 -8.799798325172528024e+00
-1.504755859176919728e+02 5.998923768364944564e+00
-6.471455271783588614e+01 4.235525354836688194e+01
-7.474989258773501177e+00 -3.603385040040118614e+00
-6.234774074911650388e+01 -3.467310139821837822e+01
-7.650758077873783236e+01 -3.526111445695759272e+01
-4.415271661007587056e+01 5.687723286092827379e+01
-2.310437464283768705e+01 2.023704127144295839e+01
-1.903258661066630566e+02 -1.681808282916892594e+01
1.701835253017247140e+01 -2.643456012233913466e+00
-1.588948191866866466e+02 2.038154308984560359e+01
2.021516724115373265e+01 -3.393440619785323520e+01
-4.569508672474739086e+01 1.028732909220945757e+01
-1.540766910239761955e+02 2.759956367143959977e+00
3.847482524537139881e+01 9.305411040918079024e+00
-4.479582093146673571e+01 -4.167119764527195258e+01
-1.266111455941657908e+02 -6.980771486672015413e+00
-9.494893787422432752e+01 3.641043138591972816e-01
-1.054053738667576567e+01 -5.447298480053230918e+00
9.526252826315630529e+00 1.475238186811516528e+01
-1.071309958685193351e+02 -2.270216502171211204e+01
-2.526679310293215508e+01 -1.113921925644243593e+01
-1.817445068714773697e+02 -1.320540401049271928e+01
-5.027940026038501031e+01 2.774445476781716735e+01
-6.850922518619408663e+01 -3.538710265093054375e+01
-6.578678745883726720e+01 -1.747279610111761627e+01
-7.509096297136352405e+01 2.156645948387867406e+01
5.067653799067026910e+01 3.793652882433865337e+00
-7.845769113068837441e+01 -1.096270200000993711e+01
-9.747998250839157208e+01 1.060326299229957492e+01
-1.569128093043721890e+02 9.700212799981848377e+00
8.544401733069429739e+00 -2.622053298981006364e+00
-3.109018296926632630e+01 -8.436630753209987787e+00
-1.553192202476053296e+02 -3.566126572853062227e-02
4.048984897533000549e+01 1.124755502855231848e+00
-1.867138848938294586e+02 -6.916075802052191968e+00
-1.235029851680630060e+02 9.683678449773687191e-01
-1.550168281172594504e+02 1.560796488652919933e+01
-1.692949243663063328e+02 -3.356424347980651479e+00
-1.229834595511669306e+02 -5.826598838120668233e+01
-1.067392216266524514e+02 -5.270966410371991984e+00
-9.205089160327455033e+01 -4.138419321102285409e+01
-9.931263920946929602e+01 -1.487402365040195917e+01
-2.912826404562417437e+01 -3.154573720189847919e+01
4.401075927500405527e+01 6.683525436163832012e+01
-1.345886473777860886e+02 9.273781983535966944e+00
-5.480695549410633305e+01 3.250632553548264525e+01
