-1.406491784689487190e+02 -1.699946452047664280e+01
-5.140454332239878354e+00 -1.457495504460761993e+01
-7.229018543081836867e+01 -2.510407334255067013e+01
-1.054733178587969036e+02 3.255354009031240725e+00
-1.854026579430227457e+02 -1.894496471180756103e+01
-1.907898503973930815e+02 5.158591885066787341e+00
-2.008528196796598593e+02 1.570986991778686637e+01
-1.179939317277506774e+02 2.726636567102628561e+01
-2.061981171408269802e+02 5.268446467039267667e+00
-9.950281228586506188e+01 -4.117699467737922703e+01
-1.905130504994330636e+02 -2.211268607106148920e+01
-7.441853499668866334e+01 6.698776379581812535e+01
-1.428934490236121633e+02 6.237566944518346190e+01
-2.619016932996417779e+01 2.858368850128063965e+00
-9.587737033374421003e+01 6.332875794446663775e+01
-1.114278909594748797e+02 8.734092082967530146e+00
-1.262809918033265717e+02 -2.149941643245586320e+01
-8.952400001373767680e+01 1.741718390212864120e+00
-1.290128599237949558e+01 1.490153540604647020e+01
-1.506534814771407298e+02 -5.952791852364693170e+01
-1.239288819896258218e+02 -3.593509894178562369e+00
-9.210798913495551687e+01 5.425731481512253396e+01
-6.695449511240120444e+01 -7.409250103933718634e+00
-9.767783393324055652e+00 -1.039600232556443338e+01
-1.337026443812711705e+02 3.102520317287430984e+01
-6.770625963965773053e+01 1.861932228954253077e+01
-1.855733399115908000e+01 -2.721881219439620736e+01
-1.452094208098020545e+01 3.505456944891799509e+01
-1.020308104106448468e+02 5.701469725011651235e+01
-1.748661548766141038e+02 3.041816310207483909e+01
-5.639875987286358594e+01 -9.833070966017315229e+00
-2.087956662537058321e+02 6.408410424487672508e+00
-9.164510182196568167e+01 1.828636875469758749e+01
-8.560922305997935666e+01 3.728801934724140921e+01
-3.684253499295498813e+01 -1.845396363615218505e+01
-9.237626189324389259e+01 1.075996870578403986e+02
-1.216666382282010943e+02 -7.770053342587593725e+00
-1.686391453080702831e+02 -2.333280850407644280e+01
-1.893720097972436349e+02 -1.715248995521377395e+01
-1.408680219126305531e+02 4.807667188342116482e+00
-2.269254440264070354e+02 1.116750367183970916e+01
-1.733407363970237327e+02 -4.191773348954323630e+00
-1.334078499840171901e+02 1.220803989983146742e+01
-1.480665109188385884e+02 -1.235063592823712675e+01
-1.289528999210771474e+02 3.304333787440545223e+01
-1.353998761276282323e+02 -2.027074464701842871e+01
-7.098451435133152643e+01 -2.049289369080053547e+01
-2.208817794685865010e+02 -1.177122388762284011e+01
-8.283761837546174434e+01 -1.889261453667744561e+01
-1.083977645019645024e+02 2.735055784954457536e+01
-4.092330351602966942e+01 2.125395306256501726e+01
-7.942300267307356876e+01 5.338731580912705965e+01
-1.634077834863850285e+02 3.953381945030235656e+00
-1.740145069129133617e+02 -3.538075640117241250e+01
-1.136042110391117035e+02 -7.944687011874765226e+00
-1.717459725928048613e+02 -1.094794246051530173e+01
-1.511304193335400328e+02 -6.649425791393579743e+01
-8.080324751064270572e+01 3.986892111424507590e+01
-2.027102649878450507e+02 1.117825362835905612e+00
-1.391924078672130349e+02 3.283249258030087958e+01
-1.036115572162692047e+02 -4.933844462843747181e+01
-1.009111716885124110e+02 -1.163237439438144527e+01
-1.553655052560253012e+02 2.368948035355374415e+01
-1.244301860906229678e+02 -4.663923837870216005e+01
-6.671130975696938492e+01 -3.987031954836438530e+01
-3.539128039662921310e+01 -3.508894034343441160e+00
-1.445234844513722976e+02 2.544644752296600032e+01
-1.442653507975028049e+02 -6.048127228469148520e+00
-1.609072531084954392e+02 -8.818161385133231889e+00
-1.057190043541841504e+02 -1.658446536882363276e+01
-1.191333535843909317e+02 -3.728744279756933366e+01
-1.170293741794896931e+02 -4.342978070806079671e+00
-4.438160860005926622e+01 -4.984375351544318100e+00
-5.558752623912302226e+01 1.453727175554044293e-01
-1.606821990458990967e+02 8.302582406796073400e+00
-5.220428268493693480e+01 1.026452705225597306e+01
-7.664161920775623571e+01 -7.573146257072951926e+01
-3.269168734804232201e+01 -3.550371688732899855e+01
-6.681867541335779492e+01 -3.833294319897143865e+00
-2.090725998680046871e+01 2.559353594675542354e+01
-1.391248870008361394e+02 3.398525208627062000e+01
-1.756679804653884389e+02 6.933549293604534647e+00
-1.059477931017279388e+02 1.155170589780842860e+01
-1.583899915800395775e+02 -2.407603304178692838e+01
-4.951857502864135796e+01 -1.559992067057463139e+01
-1.391615058106376352e+02 -1.442467656146144961e+01
-1.375307664789325202e+02 3.621356699990599992e+01
-8.820131847033607642e+01 -3.550751698863567452e+00
-1.722433644934485812e+02 2.023113956428479909e+01
-9.265945827739113838e+01 2.463448847734520442e+00
-5.956064535681646532e+01 -2.407316069347795562e+01
-4.012433914458743089e+01 8.064454577816703162e-01
4.293477798551853297e+00 2.742407789675582208e+01
-9.690694260593772924e+01 1.056260895282872880e+01
-1.996019060978397164e+01 3.230657925721824597e+01
-1.153180156185878786e+02 1.317879707057938532e+01
-1.571493284570855451e+02 -4.947581247209064337e+00
-1.356355091226716070e+02 1.278854608844480012e+01
-1.114181660778786522e+02 3.768918503417890520e+01
-9.365719348996543658e+01 1.106195575037608236e+01
-8.507200630550859444e+01 -2.331518855163439952e+01
-2.279004156408424819e+02 1.006554626646867767e+01
-1.203555506731017033e+02 2.528625348557507380e+01
-7.495024047252060484e+01 -2.963835281967313606e-01
-1.310355335843367186e+02 -3.316936210601324042e+00
-1.709466525443644684e+02 -6.090554575798204695e+00
-7.626621520224615836e+01 -2.716982799377909430e+01
-1.363917747147586113e+02 3.963231026826335324e+01
1.541900443438587054e+01 6.314138857329952836e-01
-3.036023955801951058e+00 2.813806527133538182e+01
-1.561709722132003151e+02 -1.889601172695673270e+01
-1.545176265498529062e+02 3.689774653671614146e+01
-5.633264981725256604e+01 -1.020531198178659515e+01
-1.612795255008671802e+02 -1.581822820828591247e+01
-1.856622834455412772e+02 2.298223005445957412e+01
-1.727032889657577073e+02 -2.536038131038486654e+01
-1.588585850856473414e+01 2.314671143248691365e+01
-1.336039804719202664e+02 2.427910601647646160e+01
-1.782582138950959632e+02 3.090695800929862624e+00
-1.180097853459882344e+02 7.608818472106317188e+01
-1.707969115766667016e+02 -3.778787742045268683e+00
-1.930084485172573068e+02 2.469892631197273758e+00
-4.942377576313544552e+01 9.216628841174517861e-01
-1.059211461138229993e+02 1.700775037974817039e+01
-1.131041654873331339e+02 -1.554170156916676682e+01
-6.455995351171762309e+01 4.839566701007295535e+01
-1.164390919001615430e+02 -3.204456609005539303e-01
-2.060634940025168760e+02 -7.913029206369945889e+00
-1.781570232206273658e+02 2.677150698466783751e+01
-1.464059168286461556e+02 -4.951815369809797751e+00
-1.766312710441260236e+01 -3.493334689212799304e+01
-2.143933518681425312e+02 7.371914396731714447e+00
-1.679823877224067985e+02 9.070859157834815223e-01
-1.068803128823360566e+02 2.237324398037018724e+01
-4.200381603676628117e+01 -2.186726750400045560e+01
-1.033004027565301612e+02 2.910302836843670704e+01
-1.529671688596436638e+02 -4.500860557833799014e+00
-6.968944349918398018e+01 1.655814658989588040e+01
-9.883334616598894229e+01 2.802250618264762849e+01
-3.637971116795905147e+01 -1.463518223206923174e+01
-9.607005263403424067e+01 2.331961671275946912e+01
-8.693847158883330906e+01 2.931724650600202509e+01
-1.631262508898235808e+02 -1.644756424497682090e+01
-8.439876571978595621e+01 6.447076421008057423e+01
-1.461030691837114261e+02 2.040483871664230264e+01
-5.375996098652219501e+01 -2.747579752567194689e+01
-1.841582812963273170e+02 -1.506149323839763277e+01
-1.290476122521582738e+02 -2.429235216311049328e+01
-8.128398987567530298e+01 2.975938186684225428e+01
-1.057841634203632282e+02 1.696688950243336325e-01
-9.727118760620557225e+01 -4.979970335902330625e+00
-1.920121438368462066e+02 2.200456143173393553e+00
-7.597278167658630821e+01 1.747853809097507849e+01
-4.918347960934340080e+01 1.149531191704719735e+00
-1.864114002339968579e+02 -7.042476974631028064e+00
-1.594025054562443415e+02 1.668197529978912286e+01
-8.755543594016185693e+01 -1.319538539835204638e+01
-9.652267266924606304e+01 1.237529159694357261e+01
-1.581452245873060463e+02 -3.596244075379505745e+01
-1.739234711046627808e+02 -1.910257897794196325e+01
-1.268446413821785654e+02 -4.929565415550806051e+01
-1.326817951235134103e+02 2.614604435197065868e+00
-2.941990064756467760e+01 8.664835272280985379e+00
-6.490133010562156812e+01 1.058048013730340564e+01
-1.421910237368673506e+02 -3.223393699302358328e+01
-5.345481424421146954e+01 5.081310039418654156e+01
-1.792281723899816654e+02 -2.061696779778024791e+01
-7.402472033513755889e+01 2.385284315692215173e+01
-1.170386995158715138e+02 -1.577860483666951907e+01
-7.916149103430194600e+01 1.042905335496860530e+01
-2.123718105983110433e+02 -3.440977566213493333e+01
-3.190468672997216970e+01 -4.294095317843358828e+01
-1.315109989960633072e+02 3.282539337479079222e+01
-7.628165302331763087e+01 -3.323046989690526942e+01
-1.287442166354181552e+02 1.491430243978022752e+01
-1.419562329156733540e+02 -1.898116649988414295e+01
-1.723772719909146360e+02 -1.005769938853138479e+00
-1.134964531104414398e+01 1.114349815327104487e+01
-8.579636886614234470e+01 -6.380578796259816698e+01
-3.462235853205881142e+01 -3.418960960526090531e+01
-7.921900098338301177e+01 9.894255184318110352e+00
-2.266313538444042308e+01 2.209304487997282518e+00
-7.791845428331099299e+01 1.022027508604412702e+02
-1.198837059055575480e+02 1.001671228083798937e+01
-1.645157415036089219e+02 -4.933841550377370311e+01
-1.720839047998403544e+02 1.585271410660628932e+00
-9.362533077307770668e+01 -1.618142002406276347e+01
-1.659277369422053710e+02 -2.071639720951359109e+01
-1.171732533858230312e+02 6.542616159700360257e+00
-1.117587731016891297e+02 -3.746896303936190975e+01
-4.817074510302701640e+01 5.411886895385930529e+01
-4.382625550638937995e+01 2.566023588015186263e+01
-7.118269117233514010e+01 -1.718933085485022261e+01
5.337857641260373498e+01 1.113985168896727096e+01
-5.097323811946970551e+01 1.524299688772859973e+01
-8.474327089102193611e+01 -2.127017224230922920e+01
-5.651253703437044607e+01 1.613428450895439781e+01
-1.363177130271451460e+02 -3.907114329923473406e+01
-7.918796920624382096e+01 -7.171117739650702261e-02
1.347564047033414347e+01 -1.942623636353703986e+01
-1.906104495368353184e+02 -7.165476858995984966e-01
-1.770508160440148799e+02 -1.020674623890281474e+01
-1.262653427976297138e+02 3.911720809528648424e+00
-7.072733747791795622e+01 -2.073624228403382475e+01
-7.191944145156399770e+01 1.586565130544244617e+01
-1.780586082127400118e+02 -8.781125676878286157e+00
-3.563992547523712773e+01 3.006046645770235504e+00
-1.582912955996832807e+02 4.298009043429297549e+01
-1.479219170067605376e+02 -3.116238936761852596e+00
2.957327692991627899e+01 9.777535701462603868e+00
-2.311440287481243416e+01 1.192284376142760394e+01
-1.303274475454005028e+02 6.745959973117679809e+00
-5.983996747564900431e+01 -1.742388472013222778e+00
-1.194306878151565456e+02 9.455200295296686264e+00
-1.633135394022662297e+02 1.382955584643743485e+01
-3.111997491103258184e+01 -1.745126536190540278e+01
-1.465440157989873455e+02 1.795425654292388273e+01
-5.531972379764398084e+01 4.059252062398034866e+01
-1.901451002323605621e+01 5.287321009866625587e+01
-5.874276097790818341e+01 -1.509533627061717631e+01
-5.278668542664321706e+01 2.758499334119033719e+01
-1.951934261719644326e+02 5.880783567209349627e+01
-1.941424865227929786e+02 -6.395157482539457483e+00
-1.110072525290551511e+02 6.861123657384378127e+00
-9.149733872044717486e+01 -4.259615819140194048e+01
-1.560129133798840257e+02 -1.123796163020385741e+01
-1.948111559385885130e+02 -9.225511984878721705e+00
-4.812453199895479372e+01 -6.330255196643339133e+01
-7.165565666776618059e+01 1.504592481317722630e+01
-7.543057951574689923e+01 -6.115645498384522094e-01
-1.288403117883646303e+02 1.576484409737729564e+01
-1.785275186505853640e+02 6.993610457763404398e+00
-1.686887225845584339e+02 -9.993226071544951239e+00
4.953129312421894248e+00 -2.510856251962425745e+01
1.610823683065133238e+01 -4.383804497832721836e+01
-1.459774410255059536e+02 -3.660995465304402785e+01
-9.529093045056848155e+01 -5.127358518420795264e+00
-7.092250391747393223e+01 4.228588332663750293e+01
-1.629446746456431470e+02 9.614280888909258138e+00
-1.537799015150726518e+02 -1.222377406874369399e+01
-5.740247517984700920e+01 1.613230177130513709e+01
-1.002112946094134998e+02 -1.533193223547248252e+01
-1.811080420958466561e+02 -4.757184796578741270e+00
-9.133890063616738075e+01 -4.019775271554369311e+01
-6.847571858250536536e+01 -2.143323675501326075e+00
-1.236754919491358464e+02 1.446453728661894722e+01
-7.299464294367885486e+01 1.497177540882442059e+01
-2.074810661288729250e+02 -3.970769801787395892e+01
-1.622301815446260775e+02 -5.263729463074707793e-01
-8.197888078807594070e+01 5.947569359390359800e+00
-1.745436020280096443e+02 2.592044013157348914e+01
-1.192149562822996813e+02 3.347146972590079628e+01
-1.383171043444637576e+02 -1.439485743296047815e+01
-5.295001515590314511e+01 -3.457731627274806385e+01
-1.578094368883564869e+02 -3.957518504454274222e+01
-5.113521660401987390e+01 -9.576490035015565283e+00
-1.189764755811370804e+02 1.295674839437156933e+01
-1.228718487415768408e+02 -2.443554957568119246e+00
-1.382971381643507698e+02 -1.749250856328605863e+01
-1.435327473934225395e+02 6.255072702142769892e+00
-1.009922222042980593e+02 2.893411816770210621e+01
-1.713085319063806935e+02 1.112437352226519138e+01
-1.231816939827520088e+02 -4.351077620678625379e+01
-1.955133271040757279e+02 -4.137776595242613098e+01
-4.737422346977324139e+01 -2.226189973959617774e+01
-1.091617242383429698e+02 1.463607898200011981e+01
-1.551363365894250705e+02 -5.505882310198227003e+01
-6.900279396271697863e+01 -2.034712129067193587e+01
-1.397965155196955891e+02 5.006212337469418117e+01
-2.954054170692580072e+01 3.121957446703447303e+01
-1.528879323274091178e+02 1.430918622621711478e+01
-1.260579605103799565e+02 -7.403934918648721109e+00
1.470145950557997772e+01 -3.779082343007456046e+01
7.349012317071446887e+01 -5.707883484906544957e+00
-1.069536744779735358e+02 -1.033960054832208542e+01
-1.743724017597431271e+02 -5.221309260217034343e+00
-1.221506876039098586e+02 -2.362689432621482410e+01
-1.751886780042060536e+02 -1.968784600066136647e+01
-1.929307142448452055e+02 4.042940703171137073e+00
-1.090708500907748970e+02 -1.710330988914580175e+01
-1.275273507086351401e+02 1.715757536788942872e+01
-1.039233634408700340e+02 5.479165811377416873e+01
-1.602228494627208022e+02 6.915738930506851179e-02
-1.207206911361894299e+02 -1.462639085821266605e+01
-1.391229429558464972e+02 -2.090915434981179999e+01
-3.413771311031420730e+00 3.494670932240937589e+01
-1.422996441150536100e+02 -2.344798596576903549e+01
-1.944421934510555730e+02 2.162572405207244142e+00
-9.529938913871760064e+01 -1.459175823916423553e+01
-1.898339608503551972e+02 7.122557048579590600e+00
-1.656089807667572700e+02 -7.350425618319056831e+00
-1.183024742046157769e+02 1.370857597830839936e+01
-1.264631545998473001e+02 -2.705541296601112933e+01
-1.762099771468063523e+02 2.013364217971628634e+01
-6.942927880946930941e+01 1.292303594706436520e+01
-9.371372251369315620e+01 -5.263263628156752638e+00
-1.873585624839941204e+02 -3.408168167725608377e+00
-1.625327090935243461e+02 3.152446459131961021e+01
-9.493726019190044951e+01 -7.614214500096888827e+00
-2.007279560440454702e+02 2.898377889104753180e+01
-1.527174218042346467e+02 1.887080367508914591e+01
-1.921925058433189974e+02 -1.776268785144561946e+01
-1.148834119325337468e+02 -8.722656843460156040e+01
-1.494607576629897210e+02 3.095408317143204968e+01
-4.696820709846472397e+01 -1.990303891199731723e+01
-1.928489086085655799e+02 4.053988986983742215e+00
-1.907867624314874035e+02 -9.796315656572431863e+00
-1.123314079724794539e+02 3.091928113172459547e+01
-1.158860495943942652e+02 1.528006203324621382e+01
-1.423179305369820611e+02 -2.987641592255879885e+01
-2.354835586160631067e+01 -8.356422374095804173e+01
-5.181663153298113400e+01 4.815507098122588303e+01
-1.050495231527426370e+02 5.151653436348661330e+01
-7.806017130491470368e+01 -1.310747445540096123e+01
-1.146557353632664871e+02 5.142681855510653044e+00
-3.647754312482875605e+01 5.765738953692000024e+01
-1.206978000510820408e+02 6.647044827467066597e+00
-1.754123226989273405e+02 -5.459480654175419723e+00
-1.549883947204687047e+02 3.873316909772173489e+01
-1.734065114949223130e+02 -2.048499895132000148e+01
-5.895077049850398510e+01 3.089020490020110188e+01
-1.198203136800275530e+02 -2.326135689237170467e+01
-1.003569036913998360e+02 4.120925992478963629e+00
-1.170015667469956924e+02 -3.755630861885524041e+01
-2.113707717564234372e+02 2.516956433580845953e+01
-4.026785067610287427e+01 -4.595708038233495074e+01
2.112723042099974080e+01 -1.237519827495935232e+01
-1.650742237455082204e+02 -5.279509284845599559e+00
-7.819167556809678388e+01 -6.802942400199889050e+01
-1.377817542327168496e+02 2.278528333904535330e+01
-7.345617821135429892e+01 -1.715975846085641354e+00
-1.264114744241877304e+02 -1.766315918546124797e+00
-1.875074806932393301e+02 1.101975358650539327e+01
-1.468053723180132408e+02 2.474626578194001780e+01
-1.460060430408977368e+02 9.391159820151550264e+00
-9.062528422800973260e+01 1.390218808091344371e+01
-1.179873827889620657e+02 3.849183336996885885e+01
-2.740683072772199580e+01 1.983897219813119150e+01
-1.595949696604820929e+02 -5.879372042251171848e+01
-3.872661169392816305e+01 -2.289376538263376659e+01
-2.034264635820504168e+02 2.752098392417871242e+00
-5.484423816104261107e+01 1.467740891213214205e+01
-1.121114152608235202e+02 -3.049508886893862680e+01
-5.882629687495036563e+01 8.469698414851594137e+00
-3.317869467193493449e+01 -2.808477105400154716e+00
-9.931960963463829728e+01 -5.694968532354567259e+01
-1.192054193290352373e+02 3.897622526468549609e+01
-1.550224728809762667e+02 1.864166214146163014e+01
-1.473765579408597830e+02 -3.555351474544239210e+01
-1.798448475186679900e+02 1.216668429849062960e+01
-9.145347868242565426e+01 -2.872615644145810876e+01
-8.622219710151429695e+01 3.965886030549413732e+01
-6.910821654863832464e+01 1.637636923510930487e+01
-1.458384672170899705e+02 -3.764133040877769076e+01
-7.524592998417732304e+01 6.290518784970642940e+01
-9.672404688218203717e+01 -2.987902030874847981e+01
-2.146923192751226566e+02 -1.949926640482837215e+01
-1.092897438154963226e+02 -1.121251422785945362e+00
-2.226242706262373190e+02 5.746955630053393271e+00
-1.549794205151979440e+02 6.483687395119532404e+00
-1.230534386893995702e+02 2.250449927720679000e+01
-2.390661364260247410e+02 8.777373935101110192e+01
-1.381067886874921555e+02 -7.951475959976767172e+01
-8.641780526594270384e+01 2.327689679614064389e+01
-1.132188877499769148e+02 7.833131180270443750e+00
-1.407471147071314874e+02 1.173794339005135967e+01
-6.073905532038337896e+01 1.892976752138464036e+01
-1.395517070978537220e+02 -2.884938443452348977e+01
-1.004051466342043994e+02 -1.063330678497223847e+00
-1.761817718185956778e+02 1.393785250450818936e+01
-4.755520308559412967e+01 -5.213019010164448730e+01
-1.560614341511755470e+02 -1.407584574496124041e+01
1.021584229306185243e+01 3.533005645092789848e+01
-6.125667026003455362e+01 3.009515400584020561e+00
-1.716145257306677365e+02 -1.224830666376142752e+01
-2.147731107308213439e+02 -5.377601605785534922e+00
-1.526294126174992982e+02 4.308297844508997443e+00
-1.461211592302368274e+02 -1.632762654073082587e+01
-8.522376353521458725e+01 -1.104436474048899086e+01
-1.887983866542291196e+02 -6.068379420794966173e+00
-1.614561139677380481e+02 -5.723464397296538358e-02
-1.645756960405378493e+02 3.378328673046924191e+00
-1.816212106520998475e+02 -5.093337041948500854e+01
-6.382270868216889426e+01 -7.846750673864483439e+00
-6.418634339123657639e+01 2.181860218132817408e+01
-1.272051656248753204e+02 -8.984001831367683266e+00
-1.737827445538578672e+02 3.089357878999433993e+01
-4.958135158582923196e+01 2.947647076058189342e+01
-1.521001980764839061e+02 -3.721327751221899405e+01
-1.775822089950951579e+02 -4.852730368616869328e+01
5.680079689807543275e+01 1.831757049348834343e+01
-2.360076076411795754e+01 2.432209283753236306e+01
-5.577523598976127062e+01 -1.096493385521217556e+00
-1.454353379591576640e+02 4.445221957117952627e+01
-1.509968457872436716e+02 4.936638093844151420e+00
-1.182191051055602031e+02 -2.170934333091997814e+01
-4.358194306418829456e+01 -2.553892163233462131e-01
-1.831096380118243303e+02 8.847943128384820000e+00
-8.312092669320352911e+01 -6.430095913162098498e+00
-1.729401308558936989e+02 -1.151235920077684227e+01
-1.533777712415717644e+02 2.674936154849747183e+01
4.520795044330022705e+01 1.682691162590903389e+01
3.643698613570838063e+01 -3.567325194796657328e+00
-1.634579436412376765e+02 -1.037514787306346875e+01
3.103947137544084356e+01 2.036107495814371404e+01
2.008995186860142823e+01 -9.967676946730080090e+00
-1.293232776195172846e+02 -8.231216226838254713e+00
-1.552268990659378574e+02 -6.861562543267915260e+01
-1.878811795391741555e+02 9.576144385509913093e+00
-1.531427870128111124e+02 2.493755723186360296e+00
-6.263098804798944741e+01 -7.732216810133813567e+00
-1.784835588559543567e+02 5.870203244105676532e+01
-8.380433177815224610e+01 -1.585636721437878549e+01
-1.255343972310030409e+02 -1.166731624891882868e+00
-7.482053255044550610e+01 -8.931318809028265804e+00
1.214373021903916161e+01 1.894581162352271164e+01
-1.604795362241987959e+02 3.323380499555076995e+01
-1.471014653869409017e+02 1.652971330531465100e+01
-1.813413232603754821e+01 -3.733564954619863130e+01
-9.653931505486539777e+01 -6.656426088404130414e-01
-1.193468402706169513e+02 1.309684156976714497e+01
-1.619077552689661275e+02 -1.233659898716466508e+01
-9.285224646702155837e+01 3.224596150021144325e+01
-1.637853718124265185e+02 2.481646741049972249e+01
-1.403420678595202560e+02 1.932457156527292952e+01
-3.510229049854244465e+01 -2.180247146163337035e+01
-1.991396799924728711e+01 9.573209453938588354e+00
-1.548298835154843971e+02 2.054909157115647034e+01
-1.350660040798748582e+02 -6.280899442843472791e+00
-1.138854851139556530e+02 -2.863707688080162228e+01
-7.062889309788444336e+01 -2.468285052271922098e+01
-7.511457529019820356e+01 -9.218915256938521097e+00
-1.223201605570871067e+02 3.824614377097577744e+01
-1.508337114423673597e+02 2.107963188166408131e+01
-1.448590916451040300e+02 -8.099043189956628197e+00
-2.070560932373396668e+02 -5.417408633599735879e+01
-1.024702582201255581e+02 8.226147212756824700e+00
-1.751291938579812495e+02 -1.360834805795619395e+01
-1.145280562892976235e+02 1.959328496213190496e+00
-5.177745206633975528e+01 -2.580584274302637837e+01
-1.648073156845872802e+02 5.854977180451198748e+00
-4.912918514243273904e+01 1.028610391617927604e+02
-8.090643387728543701e+01 -2.961212214599433512e-01
-3.110914509914546500e+01 1.410744534388052251e+01
-1.261066058772895673e+02 5.613191304415697402e+01
3.821288013499552250e+01 3.582700478612493811e+01
-9.638455623678297002e+01 1.487672381632772201e+01
-7.869063566626759609e+01 2.450754168289820711e+01
-5.369118833288239045e+01 1.661458888998431194e+00
-5.063984246455324723e+01 3.004416593794610080e+01
-1.905353821522742521e+02 4.415507584685512299e+00
-1.766056978932876973e+02 6.517184947466306610e+00
-2.078633623782368431e+02 1.209479587518489829e+01
-8.228263395925827695e+01 2.667740551275339200e+01
-8.732094524087548848e+01 -3.883510652630889126e+01
-8.198550275531762566e+01 -2.996158291831580556e+01
-1.156507941189518647e+02 -2.564274940092304433e+01
-9.984650328395343877e+01 1.587025179980883927e+01
-6.192031811066753022e+01 3.462861692455281570e+01
-1.839215558835178967e+02 4.731419362502207626e+00
-3.206392384642055760e+01 -2.806342035549100089e+01
-1.255799813634676809e+02 -6.264019902925328864e+01
-5.960642748246154810e+01 9.754062500804574043e+00
-9.542742427438699337e+01 2.040205166407563198e+01
-6.230049169809165477e+01 -7.343277710427334348e+00
-5.703288490547316059e+01 -1.516862352562501126e+00
-1.034014276105101118e+02 -3.043978839806381487e+01
-1.655110540930839989e+02 1.742481871128564919e+01
-8.418221639916298216e+01 -2.274303164373948860e+01
-1.291632062111685570e+02 -4.640110677306743980e+01
-1.522347970494332117e+02 3.235987029647673818e+00
-1.733962489560624931e+02 4.586976764804678197e+01
-1.301467396799269238e+02 2.056714572081125425e+01
-1.510626231828977950e+02 5.377605297771742698e+01
-5.297940582344561733e+01 3.014405546819673631e+01
-1.376115095977129954e+02 6.705843761333714959e+00
-1.020726680071550874e+02 5.641820210486197595e+01
3.626106710260488697e+00 -2.757851310874477235e+01
-1.487693449324873711e+02 -1.286267340998970710e+01
-9.099395258937671827e+01 2.718176975102674575e+01
-1.678302898459706114e+02 7.606450304929517792e+00
-9.578536850114797119e+01 4.080633665786857378e+00
-1.340535907229498207e+02 2.095046988798413423e+01
-9.056620212212570209e+01 1.967353184339940331e+00
-7.163501776050162562e+01 -3.158754109396647025e-01
-9.206533880294912819e+01 2.961106074177622816e+01
-1.058478091222947199e+02 1.746438431686991777e+01
-1.159812829981482167e+02 1.114827682627067063e+01
-1.641443478099259607e+02 -2.308788823234763044e+01
-8.222618709205146104e+01 3.951658934714350480e+00
-8.481362015842769608e+01 1.621020917084012325e+01
-4.029149248361805746e+01 1.982424338804162289e+01
-1.737655336270445332e+02 6.218357901250803010e+00
-1.706669238526394565e+02 1.684322174063908761e+01
-1.878241845971564885e+02 1.377898021237934323e+01
-4.598306251900467601e+01 -2.850828327510940952e+01
-1.555104064798574370e+01 9.382178194478953515e+00
-1.359469052891230376e+02 -3.968326303901059759e+01
-1.203643955159792682e+02 1.704203864427222470e+01
-2.015476039298970647e+02 2.006340348455347566e+01
-1.287905911258888807e+02 -3.267338569166743412e+01
-1.028079607239358637e+02 5.568503762259077838e+00
-2.078347396241472325e+02 3.176100886842336024e+01
-1.250779125964012053e+02 -1.392509620516792523e+01
-2.087863894331824497e+02 -7.319455519197692439e+00
-1.488273177775734837e+02 -2.619901215832314634e+01
-1.581331509957282151e+02 2.516945514684146623e+00
-6.554880454831804570e+01 1.554650525083471102e+01
-5.190282438124181397e+01 -1.600813205974097997e+01
-1.693728362324004877e+01 1.212500028221880655e+01
-1.386548503027459276e+02 4.611622708974176277e+01
-1.653175622410103074e+02 -1.370130385456992528e+01
-1.284336510989518843e+02 -1.341558871365000627e+01
-1.008227910011166699e+02 -5.407958766361008429e+01
-6.105145111521667900e+01 9.068345347648602228e+00
-1.640578062243682496e+02 5.033325621919476589e+01
6.640134027869721933e+01 5.340022104383419332e+01
-8.045398016813038566e+01 -2.687646765220317757e+00
-1.301199978112809390e+02 -9.185545102542388207e+00
-6.962871831705929537e+01 1.500038571861329650e+01
-9.567335729920860388e+01 5.687008026640554270e+00
-5.156710211547887468e+01 6.275533343972476530e+01
-8.760843625072052987e+01 -1.179420533643050106e+00
-6.946264491222579807e+01 3.319405450919186507e+01
1.631833709476341809e+01 -4.967164379576167477e+01
-1.302924230367326004e+02 -3.178963000660748506e+01
2.308006565196740922e+01 -1.029369778507578737e+01
-1.299141089374487592e+02 1.615574462450218718e+01
-1.529504705287079389e+02 -1.401551207443163527e+01
-1.376837130710978840e+02 2.576323085287252734e+00
-1.952709908979923341e+02 -1.447682868482712948e+01
-2.808810792085773400e+01 -2.548566830106296521e+01
-1.638111663872304007e+02 -1.911665028957087786e+00
-1.506155750167860106e+02 2.270824130124287077e+00
-1.960007918500252515e+02 -8.715403501678968823e+00
-9.250254691526005502e+01 6.399328318367679458e+00
-1.104584793459004004e+02 -2.933685849849556604e+00
-3.571362282692617640e+01 -1.938691558455329300e+01
-3.589828274170528033e+01 2.632211298098248164e+01
-1.574963244414524013e+02 -2.736168647530328624e+00
-1.748082310061600992e+02 1.995205777158157900e+01
-2.023882177611882014e+02 3.612502561437657356e+00
-2.412834126905643473e+01 1.208958955823762871e+01
-4.536919555490676004e+01 2.790518303355013163e+00
-3.597522651030190133e+01 1.869483268858788705e+01
-1.479776059850773606e+02 -4.665648304328220064e+01
-7.528411270858417481e+01 4.348079189257747146e+01
-1.027312427854496519e+02 5.378878637126717166e+01
4.220840822846683693e+01 8.286837746170400010e+01
-1.462013901134619402e+02 2.014124163827042224e+01
-6.920191040054993437e+01 5.251185936789755371e-03
-1.250154132807583522e+02 2.638846109168203569e+01
2.648166801399651149e+01 9.001605108273409428e+00
-1.823622520514632868e+02 -7.191925531911850911e+00
-6.666115001889691882e+01 1.403931900788650466e+01
-1.412657841206059572e+02 -1.871951646119299184e+01
-1.600370012760476186e+02 6.652724079525059153e+01
-1.009350920458528122e+02 -6.074494322603633378e+01
-1.261232975757218355e+02 -1.169069231723507230e+01
-1.474960745285425787e+02 -7.465078735078858330e+00
-5.752886765420107906e+01 -5.676845834914857392e+00
-1.529954920769646378e+02 2.282231489087881471e+01
-1.725402011818064523e+02 1.433339882993915815e+01
4.177224636187894191e+01 -7.273958290055671227e+01
-5.124267886048973430e+00 -1.013798062600340444e+01
-1.152900392273358392e+02 4.828476246914173764e+00
-1.484630371064814991e+00 1.062264695087309718e+01
-1.390087054610195025e+02 -3.185297231944382190e+01
-1.341346813565000673e+02 2.737762290831931011e+00
-1.993749748639888537e+02 -6.445881026150509285e+00
-6.397159770405256296e+01 2.645502637544174007e+01
-9.893589837081216842e+01 -1.243346862136298370e+01
-1.643278688687800013e+02 2.801499943803676729e+00
-1.372663754357169239e+02 9.010929928927749799e+00
-1.812915714655719910e+02 6.753142793996201654e+00
-7.482528214712070280e+01 -2.879271602330655710e+01
-1.942385381629212588e+02 -5.233820711233853729e+01
-1.466935878530396167e+02 -5.918493571670697229e+00
-1.571520681441951126e+02 3.575095861740283709e+01
-1.238827258928590140e+02 5.049247368947038517e+00
-1.027293357521365351e+02 -1.324503197211382499e+01
-1.286483007765252751e+02 -3.638051954419089640e+01
-1.609889373201789340e+02 4.732629144219726669e+01
-1.005157435308992575e+02 1.943823367981831751e+01
-4.549884381497456332e+01 -4.112071978846459785e+01
-1.710926706524600434e+02 -1.531672098990513753e+01
-1.109231913853793117e+02 2.543763974255536908e+01
-1.591465802792874911e+02 -6.770911058779256564e+01
-1.335124310041596232e+02 -6.598515232510343331e+00
-1.040506217776474500e+02 -1.527135299286563352e+01
-1.415753953446624678e+02 1.307906475636307597e+01
-1.003517353032395079e+02 5.925647804738561675e+00
-9.476198323138375201e+01 1.319370988097707453e+01
-9.547431981669609513e+01 1.080966683171434006e+01
-9.093700135313275723e+01 -2.157637709854546415e+01
-2.727824138987387315e+01 -2.281768597034650625e+01
-2.018580573631321897e+02 1.019240879908719322e+01
-5.329804744315129028e+01 4.991207335829902547e+01
-1.713129755137208292e+02 3.003924850378406397e+00
-4.698327999947012756e+01 3.033787926624854947e+01
-1.285143919359188942e+02 4.591643610581245483e+00
-6.907544368198357176e+01 -1.505641695706856176e+01
-1.714243053266101811e+02 -1.669919556784377423e+00
-1.646708609735726725e+02 2.537741209100890316e+01
-1.672244528635722531e+02 4.458546269647570881e+01
-1.080988778574681390e+02 1.776253670587567868e+01
-6.498526022475836328e+01 -1.061977902298496801e+01
-1.266533884460364732e+02 -1.704822227442048188e+01
-9.882329979617510674e+01 2.603481347357475428e+01
-7.540163464877065280e+01 -2.565800003642572946e+01
-6.987485376170735663e+01 -1.762972156438569193e+00
-1.599569143693671549e+02 -3.498702089651910985e+00
-1.367407589646660711e+02 -2.718564920952305286e+01
-1.942675365825918732e+02 5.390271705769994703e+00
-1.476522112072038340e+02 8.718145580105101544e+00
4.888472061643752653e+01 -4.824563502802816828e+01
-9.222368659923785117e+01 -3.325565387714289756e+01
4.543357292078997745e+01 -6.325918568991896507e+01
-1.891555020805379854e+02 -1.222658509072544319e+01
-1.187333233627426949e+02 5.340994601897246241e+01
-2.174214933142949349e+02 2.170120991020972667e+01
-1.046303266006569430e+02 2.380808614584005500e+00
-1.033226876191684340e+02 -2.285358118137167338e+01
-6.903202569415542200e+01 1.161381493287930411e+01
-8.706043468404129726e+01 -1.828010448362074314e+01
-6.156754323594174139e+01 6.913037717316309738e+01
-6.322551642880658562e+01 1.607784155008090821e+01
-1.015836081362569985e+02 3.701266804376675879e+01
-9.855598663137269000e+01 2.968991786444900782e+01
-1.613256024494765484e+02 8.848670168548325421e+01
-1.651852563224434434e+01 1.588357915960275335e+01
-5.300812715543094100e+01 4.211446939385567845e+01
-1.554963315947823048e+02 -1.333780845514523605e+01
-1.456660308726315520e+02 -2.260989938524352283e+01
-1.908025912185761683e+02 -1.392262569944462669e+01
-4.696002742144106890e+01 2.794800126842243060e+01
-5.439837888657910270e+01 -1.520292612402175614e+00
-4.034392795277448585e+01 -5.830053770806938473e+01
-1.268323781162994379e+02 2.062081322871564026e+01
-1.598737022103974823e+02 1.436981916796215764e+01
-4.869665870736503166e+01 -3.809494201243241207e+01
-8.129066927969165590e+01 -4.636039162167304539e+01
-1.682710197633950884e+02 1.849250416777764983e+01
-7.199653658026532810e+01 2.293948991218721645e+01
3.568246768873733998e+01 -2.862417578708260990e+01
-2.227400093483728654e+02 -2.784197901001519426e+00
-1.252846014527240612e+02 4.296742943098909961e+01
-1.139309929421646927e+02 1.510618998492555853e+01
-9.284989318576668893e+01 -6.932643551472865795e+01
-1.791206688346099156e+02 -1.367845868856892011e+01
-1.641453631118852456e+02 -8.906894679624777211e+00
-1.092702920342279214e+02 2.816542801959014497e+01
-1.621036486600092417e+02 -1.712786327940058584e+01
-3.562351251387488560e+01 -1.711205900476797837e+01
-2.359029569071944010e+01 1.035757524775303722e+02
-2.004562153151748021e+02 1.000091399774683687e+01
-1.936331538452159293e+02 -8.020463781240758649e+00
-1.624172711051355407e+02 -1.734283998551802597e+01
-1.371472872028888048e+02 -4.122345590895285738e+00
-1.418189258730558890e+02 1.319528139671885203e+00
-1.143996180429510474e+02 2.090122558555247423e+01
-1.379612260591708548e+02 2.647643082815086046e+01
-1.607561960594017876e+02 2.414847351620924343e+00
-1.160140965809120672e+02 -1.813372527851060312e+01
-1.390233105096287147e+01 -4.283728894953599564e+01
-1.397509514483899125e+02 2.970557015230252773e+01
-1.014927829883468888e+02 -2.374766454660711190e+01
-1.947142437608005707e+02 1.294875221029801970e+01
-8.075789040607314462e+01 -2.874692095848610851e+00
-1.313406989255346957e+02 -1.627404904704842536e+01
-5.503247849483838650e+01 1.207685524389865428e+01
-1.306258247691453107e+02 6.346612206247910670e+00
-9.015565444642912496e+01 -7.153860867100791054e+00
-1.227696032871931493e+02 2.166717872282935886e+01
-1.512557268145307887e+02 -2.746668247033982624e+01
-2.064729071873470332e+02 -1.377280131933792839e+00
-9.362248721559747366e+01 -9.788528409404838371e+00
-1.146546566985327900e+02 -1.617678854958768753e+01
-1.783474815301655099e+02 9.797261070955812556e+00
-7.623989269114353817e+00 2.104254074787355488e+00
-1.289051639976105434e+02 3.007936521208839409e+01
-4.928013815622696825e+01 -3.252485568116348702e+01
-2.108077870909172873e+02 -4.597111454352094739e+01
-1.749914966834532208e+02 -3.127761850884089512e+01
-1.154135688198759055e+02 1.527238811192531820e+01
-9.010164875447676991e+01 2.114557880610834673e+01
-1.868255970218789628e+02 -5.856662746835080924e+00
-1.438117590295586865e+02 -5.423433035637097888e+00
-7.293357430987833823e+01 -3.469774403150228892e+01
-5.365149724145846477e+01 7.514266245702937397e+01
-1.749775615054664399e+02 -2.378059545762680571e+01
-1.331893754638998644e+02 1.566839850584193528e+01
-1.180704305261679821e+02 -1.019917817681252004e+01
-9.333032406668890246e+01 -1.602395170693763760e+01
-1.485214614785159029e+02 -1.922015668022536516e+01
-2.107007001095822147e+02 -2.596855398544505888e+01
-1.635206814359589202e+02 -5.756238623614481043e+01
-1.716314015339083596e+02 -1.577756937075953303e+01
-4.901401269826440910e+01 -1.731284215820728534e+01
-1.408262275156965870e+02 -2.506994359425868524e+01
-1.917693626189117708e+02 -1.579196437913724793e+01
-1.879622365257396552e+02 -6.191770262987537876e+01
-6.761781009576246504e+01 -4.582285475329853419e+00
-3.042811423079304589e+01 -3.439655711817061756e-01
-6.003971056548796525e+01 2.742622567487866370e+00
-1.924037762057524787e+02 1.011072171986455359e+01
-1.221084502771886093e+02 -4.618388224636460393e+01
-4.491959610743058562e+01 1.170269299451381606e+01
-1.134721651335514281e+02 -1.328620358951634550e+01
-1.168926424440337968e+02 -8.106618401297463805e+00
-8.204782251298864537e+01 -2.739967242264364344e+01
-1.602271982693289587e+01 -5.652449647358558593e+00
1.389758013442969542e+01 -7.156213990687684046e+00
-6.626951625140814883e+01 3.700318776036322532e+01
-9.901531928553487205e+01 5.098852650865013203e+01
-1.529756436752990680e+02 2.644889160786304316e+01
-1.321704321331737901e+02 -5.801501797944551342e+00
-1.302978401879240664e+02 8.206391915375826684e+00
-1.042395452394469544e+02 -2.519814286634881029e+01
-1.506915421205571306e+02 -5.841588294334917109e+00
-1.470443921770899465e+02 1.707827088112550573e+00
-2.068197231160425247e+02 7.808627209239014988e+00
-6.238562293567748185e+01 -6.324043662731847348e+01
-2.034079512127509588e+02 -1.418776104156285633e+01
-4.464830792292570294e+01 -5.551472499984090092e+00
-1.057900140084031761e+02 4.145117638855928988e+01
-8.609151102872893091e+01 2.112575703673840621e+01
-1.211520606769206125e+02 2.419575184510545185e+01
-1.220420396714738160e+02 2.733118558686437183e+01
-1.226714812049380754e+02 -5.174974712319938774e+00
-1.387514317915270396e+02 -3.876580826386786782e+01
-1.055311549665257616e+02 6.516581772142361118e+00
-1.057615596701215281e+02 1.444906934286344646e-01
-1.822642187836304686e+02 3.261529644438345699e+00
-1.886469120416869316e+02 -5.843789562082082512e+01
-1.985351967080769100e+02 -2.436432568054264891e+00
-1.943336163278223978e+02 -6.560070903906395356e-01
-1.514923807606178627e+02 1.273586057088762580e+01
1.999384631076855001e+01 -1.127862519412925479e+01
-2.922601465052268210e+01 -4.262309210710215623e+00
-1.700548976351546742e+02 -2.500242073763736528e+01
-5.984004247979378022e+01 -2.065976939382417044e+01
-2.519379877795822864e+01 -1.988995314835402795e+01
-1.970183755293419665e+02 7.784941430327861234e+00
-1.100299591587564123e+02 1.543535225408927403e+01
-4.701567336242887052e+01 2.617575264130802992e+01
1.330761822865871302e+01 2.789244275884473101e+00
-4.066077289021631458e+01 5.653290815220539223e+00
-1.674057781915952603e+02 -1.043660606266439927e+01
-1.140880417005062242e+02 2.073779204713453339e+01
-3.896656120650025201e+01 2.149300168069088457e+01
-1.789299888511345955e+02 6.997062811481291611e+00
-7.158454942300044976e+00 -1.848226797569812163e+01
-2.083914986274992600e+02 -2.531952924461937826e+01
-1.606566747036661980e+02 -2.742188716247878588e+01
-1.366188850234773895e+02 -3.659976477904432812e+01
-4.150427751398308374e+01 3.082168760512975325e+01
-1.716331548025031850e+02 3.347923923177027028e+00
-9.174217624048309006e+01 2.285559161092994618e+00
-4.241626196041659114e+01 -3.228774334717454764e+01
-1.020765471520950030e+02 1.573687695195017255e+01
-1.068377850530594486e+02 2.953854756616993527e+01
2.936332065913604339e+01 3.322169756509742200e+01
-9.253237654944827284e+01 1.598307422841923398e+00
-1.937695837737870477e+02 -1.118610668057872282e+01
-1.183578203743870461e+02 6.403277109769219599e+00
-1.475625413606480834e+02 -1.509059297306196079e+01
-5.607250651621158255e+01 -1.696067892869779925e+01
-7.695306649107209296e+01 2.183075047297341698e+01
-4.740622743396518501e+01 -2.928321003164287717e+01
-1.287643891190370766e+02 -2.686407717623554703e+01
-1.361121187112363202e+02 2.686557746925407386e+00
-1.145545101487956714e+02 -6.377212345698030305e+01
-1.607068483293209056e+02 2.903960183303306852e+00
6.106602639386733244e+01 -5.547188707544067121e+00
-9.150427841853520761e+01 -1.350177740142665961e+01
-8.291672259113791199e+01 1.737306991419333357e+01
-1.648297246981549904e+02 3.082128752127820448e+01
-1.111436017793528919e+02 2.563110745778314215e+00
-1.030780522332798057e+02 4.706001324716076795e+01
-4.943631579427453460e+01 -8.974399273443276925e+00
-1.049162259122507663e+02 3.146697686733852706e+01
2.550729649478459038e+00 -2.160892830809750720e+01
-1.555501311403611453e+02 -2.521046906074237270e+01
-1.340489000184930717e+02 -1.576160913299816180e+01
-8.419546900310206183e+01 -6.937751306587467415e-01
-7.568745587341278735e+01 -4.690909971801981015e+01
-7.011081066141890972e+01 4.898066579305999824e+01
1.162644530353212069e+01 2.175134307853328153e+01
-1.147601742438019130e+02 1.350247174571275011e+01
-1.127837198653722623e+02 7.312416333061323215e+00
-1.643915820753597075e+02 -3.030019419682588833e+01
-3.142751886853626075e+01 1.076781241568583525e+01
-1.481911641251545859e+02 4.815415242628341730e+01
-6.836199148742156240e+01 -4.148948562074422597e+01
-1.442565139800892666e+02 3.325485683048123420e+00
-2.009899201342633148e+02 -7.952075994703632134e+00
-1.018313560293619560e+02 6.279305100219715285e+01
-1.614122436463900385e+02 -1.426898132105511863e+01
-9.133648259416919757e+01 2.129637866918857370e+01
-9.533554517118719218e+01 -7.793364360334769536e+00
-1.055584517599800023e+02 3.204876313944496502e+01
-1.108822979825238519e+02 5.209613759310122560e+01
-1.690907422919534611e+02 1.124349288152992798e+01
-1.303831656932597696e+02 4.915396621391271736e+01
-5.189249950163109304e+01 -6.563120825209693976e+00
-1.593823604922703225e+02 6.435075199429374671e+00
-1.856976408723558052e+02 -6.020098043126043130e-01
-5.714335132568335496e+01 -2.093311481808083130e+01
8.250442911690100134e-01 -3.465806907389190172e+01
-6.755188886746803689e+01 2.645357802347517762e+01
-1.167176249895981925e+02 7.829412172443838358e+00
-8.122006685762312372e+01 -8.009172009075673060e+00
-7.200859048876367297e+01 7.393611389463953465e+00
-8.309584251277368594e+01 4.049811071188009493e+01
-1.585352464675495696e+02 1.483482661535926717e+01
-1.583168670801759390e+02 3.481279704541572073e+01
1.073162136168786063e+01 -2.280765339400338831e+01
-4.911234878284492567e+01 1.243693448895740694e+01
-1.090879250267157516e+02 2.700438010743255646e+01
-6.147715277581676219e+01 -8.387250521240781609e+01
-8.537817133295426686e+01 1.818934903485633470e+01
-1.143547407375214107e+02 -2.055845786711854828e+01
-1.436375307118196964e+01 -2.237379748799274992e+01
-1.799817280708189742e+02 1.397853618227440897e+01
-1.327986559697698965e+02 -1.209752211406191513e+01
-7.216004410674523228e+01 1.237247886636426930e+00
-1.821165927325369864e+02 1.854615525642952178e+01
-2.087245404341342123e+02 4.130064613591140699e+01
-2.082956613682940201e+02 -1.364692454057129112e+01
-1.943218814665354159e+02 5.442841267735477828e+01
-1.186752691847730432e+02 3.142252521203895554e+01
-1.454895380757354246e+02 1.341642935443507234e+01
-1.086322974659093319e+02 2.522871461055099118e+01
-1.415308935716806502e+02 -7.792507578439702876e+00
-4.245096427850936038e+01 -1.924159688275894098e+01
5.888789203419159790e+00 3.509937359635221554e+01
-1.246702539030773806e+02 1.306591880405855832e+01
-2.154653125434151093e+02 -2.693287570980626100e+01
-9.583673931050405770e+01 -5.019595795392169890e+01
-1.332279143601063538e+02 -2.900989463330377660e+01
-5.245987143984569201e+01 -9.410551202474950472e-01
-8.599871680669990326e+01 3.053678764617253805e+01
-8.595044973056702986e+01 -2.215748309866174992e+01
-9.599481966980499692e+01 2.446400974429635866e+01
-3.216125437021086242e+01 -2.003269117841837144e+01
-1.252282112955773385e+02 -1.883254079426221139e+01
-9.371825154092555010e+01 6.867825292316681818e+00
4.967729122821916832e+01 -6.829539809529022065e+00
-7.326922933162248341e+01 -3.563532002500858198e+01
-1.384159397658133628e+02 1.460433067334993673e+01
-1.586897493301368911e+02 1.090991079975047207e+01
-1.556622986114505807e+02 1.915131203898350520e+01
-1.993460363305342398e+01 2.272154181596859246e+01
-9.560095367291249602e+01 5.948533028720023985e+00
-1.201597994457573009e+02 6.451745380145575837e+01
-4.674834892998192259e+01 1.811356585227930083e+01
-1.302399524615741484e+02 2.966843965488404322e+01
-1.259803798125349914e+02 1.563281561384462037e+01
-1.874038375164632271e+02 7.985634630469431272e+01
-1.433277633844996615e+02 -4.125336786624633589e+01
-9.131531773995858714e+01 4.586893260156233509e+01
-2.285887505953767374e+01 -2.495713735814209855e+00
-1.154401672628979867e+02 -5.297249675627944754e+01
-1.306769081427462424e+02 2.830206106315066350e+01
-1.994775055463878175e+02 1.553508288812087379e+01
-1.658069744462974597e+02 1.809572717477945147e+01
-4.442718362113471642e+01 -1.378174643672401345e+01
-3.038370842002195715e+01 2.712326207584641935e+01
-1.529612631825399944e+02 1.947580861896039295e+01
-1.751180089435674176e+02 2.428711444767264993e+01
-3.413632997161811033e+01 2.952500494420391774e+01
-1.768153861706638565e+02 -1.041093401283076858e+01
-1.777177746790731874e+02 -1.526596026214574664e+01
-1.089043999741139004e+02 4.534537177636109639e+00
-9.375504534604267803e+01 2.265508205892484028e+01
-1.354959102900974131e+02 1.452034332610369738e+01
-1.869696703171683225e+02 -5.238164883160538743e+00
-1.293005215428691770e+02 2.685529333762848836e+01
-1.317519853740250824e+02 -2.098781868175853660e+01
-1.145341220577293484e+02 -1.696459678965478446e+01
-9.076770075357973155e+01 -2.112689407158875099e+00
-7.610717312457818196e+01 -1.072983158761111788e+01
-1.481504103180287757e+02 -4.641683096939374642e-01
-2.295666311279255751e+02 -4.201849832181485311e+01
-1.471305263288770107e+02 1.987270314517383341e+01
-1.198601481693870596e+02 -1.197448430904799821e+01
-1.233767717259148071e+02 -3.104660831685500710e+01
-7.604730857051424664e+01 1.770788440864644642e+01
-1.452078229622367758e+02 -1.394690291150937433e+01
-1.754845671759287029e+02 3.488758675862979608e+00
-4.546220183146493810e+01 -3.013393073488569218e+00
-1.105289217107233668e+02 1.306972148057463556e+01
-4.024212901766271244e+01 -1.314545167871714284e+02
-1.056877592516672735e+02 -3.024332053567085055e+01
-9.029567649455110256e+01 5.203778712812768958e+01
-3.573935483743502317e+01 6.722626523090689865e+00
-8.845802121017716502e+01 -4.969257168425041726e+00
-1.358415464104056412e+02 2.451070196630800169e+01
-6.253510324063189785e+01 -3.460835380225920233e+01
-1.122222629079246161e+02 1.047282104589326934e+01
-1.062456621495192479e+02 -1.791188768727546332e+01
-5.603523415105343020e+01 -3.587356327442868320e+01
-1.772104259799927775e+02 -4.295437991709756886e+01
-8.627042048394784501e+01 -6.429657931132125270e+01
-1.618951299164167779e+02 6.088647825207473829e+00
-1.383511718762094063e+02 1.556030782964445747e+00
-1.031474920699409523e+02 -1.986822932995798396e+01
-1.908133764456851793e+02 -3.955721469840504767e+01
-1.770176897124686661e+02 9.952736527133723143e+00
-9.372411224988994149e+01 1.201696401106271850e+01
-3.777328033626532289e+01 -4.727830590080110085e+00
-6.217993775460961814e+01 1.371929344026542630e+01
-1.675819326270532201e+02 3.636860679773572969e+00
5.515522466865161277e+01 4.490320414363261392e+01
-1.419913080565544590e+02 1.119260489839141215e+01
-1.696398658923829998e+02 9.830031822676907893e+00
-1.746159362661260843e+02 -1.010489630432645924e+01
-1.350462272179114507e+02 -1.523572819308139437e+01
-1.309115699115291704e+02 -7.611418925567826932e+01
-5.328197304808096391e+01 1.713719801688855426e+01
-1.836135970955664334e+02 8.689586874910826708e+00
-1.628269062894669617e+02 -1.005729281820430110e+01
-1.275189004460009983e+02 -4.451674643694745193e+00
-1.645466023397069648e+02 -1.038505723288602134e+01
-1.009685094038022584e+02 4.093822833057696187e+01
-1.193452286033426617e+02 6.954761929729441405e+00
-1.649328614673292748e+02 7.783283079866009757e+00
-1.187086259040307965e+02 3.718866592047000807e+01
-1.480874921977927841e+02 6.900482037612198027e+00
-1.419135294983793472e+02 -5.220080202111991241e+01
-3.661170826709329162e+01 -3.106607466954050523e+01
-7.290623191131928138e+01 5.340039641975602436e-01
-2.826946373847165361e+01 2.124187236428894465e+01
-2.993395444112822901e+01 4.929420628081214062e+01
-1.484624210183825141e+02 -2.019521021949564243e+01
-7.702138813719896859e+01 3.265012297765954941e+01
-1.351501052488617631e+02 -1.917692268052602600e+01
-1.345155339883908425e+02 7.275406086764883540e+00
-1.218745436763801138e+02 -2.955684366103431060e+01
-1.347170614728022429e+02 1.232476383178887680e+01
-8.989929472601902205e+01 6.605219634484376456e+01
-1.996484322546597525e+02 8.740026245096700563e+00
-2.939989807817048018e+01 3.730948539959917554e+01
-1.250681345461948268e+02 1.069262307492428121e+01
-1.147102093642119200e+02 2.143169513066057519e+00
-1.855238065245866608e+02 -1.871255577627729139e+01
-1.242981892951316496e+02 3.251389693281268478e+01
-1.038311212707103470e+00 1.520613178730141968e+01
-8.464707541756600051e+01 5.420411657893532720e+01
-3.879731309423338104e+01 -1.885443785782761950e+01
-1.971495800639636116e+02 -1.581876153429376508e+01
-1.161632789564265806e+02 -8.218605561936378479e+00
-1.604630920041498428e+02 -1.511099083276847921e+01
-1.510891855482292385e+02 -3.790403412994197474e+00
-1.759830497247801588e+02 2.144070611600429288e+01
-9.160782907245264539e+01 -2.907757945137234845e+00
-7.035556966190061701e+01 -8.912159468505468141e+00
-1.065475797786686627e+02 -1.949125544107406327e+01
-9.596637639295977351e+01 5.271900837179304489e+01
3.148242091601056103e+01 4.918191025005265971e+01
-1.449987448928812626e+02 1.071275685017716484e+01
-1.684001409154855367e+02 1.057008112962357949e+01
-9.013211448381188973e+01 6.791680498497236762e+00
-9.137408243429629806e+01 -2.845525923915207400e+01
-1.513886579868507738e+02 -2.024954748725508225e+01
-1.736433515218370758e+02 5.246614867915557312e+00
-1.693663029578980570e+02 5.657396387071122135e+00
-1.465155840206470543e+02 2.001729427323796884e+01
-1.141987446583388817e+02 3.009921689081028262e+01
-1.048562957635123780e+02 -7.357632039946957470e+00
-1.209891148379458485e+02 5.813346161367991094e+00
-1.721642945657878840e+02 -1.103292789830378240e+01
-9.375342169267594272e+01 6.252882219414332532e+00
-9.494293408176778826e+01 2.359447078215223925e+01
-8.831728909872786915e+01 -5.934708945079147036e+00
-1.772236756358853427e+02 1.243392577612639727e+01
-1.133060941122803484e+02 -2.835133148564736061e+01
-7.652531200809021072e+01 2.540293454030590681e+01
-1.700279184897705136e+02 3.104300982915499318e+01
-7.008837116660474464e+01 -1.600127722155713528e+01
4.417401231962486130e-01 1.012364553519130972e+01
-1.622784093447313580e+02 -6.019368821095699040e+00
-1.582441745320753625e+02 -1.084211065450880795e+01
-9.350918765915547226e+01 1.544625985553355818e+01
-1.636780177351161285e+02 -3.886226988387217585e+00
-1.050683001384807085e+02 -5.695950666419712149e+01
-1.996208479098756641e+02 -1.086079486768918372e+02
-8.721483547993030072e+01 -2.218916327865179738e+01
-1.411410794213963129e+02 1.535797540987747922e+01
-1.670185658125854218e+02 -1.432858923932843531e+01
-8.581312077410188977e+01 -1.970394048920739039e+01
-1.557385877406588577e+02 1.131986326268482124e+01
-1.545807439600752957e+02 -2.159004361509225944e+01
-1.155882741152090034e+02 3.179591274370696397e+01
-1.333850927482838529e+02 -1.606985141899663461e+01
3.992384835308850466e+00 1.643098605030463233e+01
-1.163481837579745104e+02 1.740273869345145741e+01
-9.633232187559931958e+01 4.037497295021948673e+01
-7.720362602978056543e+01 -1.059466031913523842e+01
