-1.954214120163105974e+02 -2.880548064739000580e+01
-5.373426660744482319e+01 1.795996636999045037e+01
-1.158555689891658602e+02 -2.191597809692418863e+01
4.569485585464100552e+01 1.989152766112109205e+01
-5.433344777545251958e+01 2.235780800239260913e+01
-1.664620331231522528e+02 -5.911121133922303272e+01
6.441941921119494374e+00 1.129345291413624786e+01
-8.749763120341337697e+01 -2.418756528025933772e+00
-9.579768554356817845e+00 -1.825126070318180638e+01
-1.578117497987455522e+02 -3.810182514991463876e+00
-1.713292702076663545e+02 8.521536439100449556e+00
-1.287227997072800463e+02 -8.900315456890339760e+00
7.769562470368661655e-01 -4.066753674456442980e+00
-2.118493343770970228e+01 -6.949127309969904331e+01
-9.645288966750631232e+01 -1.492831074873702946e+01
-1.179907198239266819e+02 6.222069623378631675e+00
-7.075639385544111803e+01 1.908330292347068635e+01
-1.977537893361531189e+02 4.473140009302500886e-01
-1.900146266430090520e+02 -2.826441041025259615e+00
-3.543831511958962466e+01 2.319614441681933670e+01
-5.072476829488361005e+01 -3.734586205028850259e+01
-5.488496334138916666e+01 -1.552981765021994676e+01
-2.345738739754926527e+01 -1.102940326694309370e+01
-1.589359854834210353e+02 1.236797461284637123e+01
4.408474382839019512e+01 2.610931676287480130e+01
4.073756229344320445e+01 -9.446030924289786412e+00
4.984381397198826846e+01 -3.027952247800980157e+00
-2.145422829024953444e+02 2.911176201304804323e+01
-5.081934092158213190e+01 -1.252736024181902685e+01
-1.331203075393093229e+02 -1.442711929251367842e+01
-7.279669705345130026e+00 5.113306275260140410e+01
-1.742334119934144496e+02 -3.464718415933785600e+00
-8.108852213759580252e+01 -3.375625465843265260e+01
-1.469696275254972022e+02 -2.129338764394283601e+01
2.611761413156676426e+00 1.714422833887337205e+01
3.441166984683042074e+01 -4.891423886742862770e+00
-3.872647832396883416e+01 1.916544836938480856e+01
1.751911899823492269e-01 2.109059831002456065e+01
1.727499983342409848e+02 -1.331333275564326257e+01
-1.457050673967854664e+02 1.694813798728636911e+01
6.867632255946303133e+01 -1.143567755990089729e+01
-1.684672703820770678e+01 -4.024733596432256810e+00
-6.595261614163098329e+01 -1.800551823601305657e+01
-1.408610366092855486e+02 1.915126312459042079e+00
-3.200217107008437267e+01 1.990337979312885253e+00
-1.384933162991473807e+02 -4.948486722100605917e+00
-1.183298751327967722e+02 -1.988398454182171804e+01
-3.775370329198973707e+01 -8.162804171760308591e+00
-1.533335843957867155e+02 1.379774681969100136e+00
-7.617572447051087181e+01 4.881957209245811669e+01
-1.678710443035232629e+02 3.257502052454015029e+01
1.843725930239551047e+01 1.148933912877930474e+01
-1.322414956649098201e+02 5.342487578517918223e+00
-1.817276248675242130e+02 -2.257951093530589759e+01
-1.860922424326468771e+01 -3.765042434933369009e+01
-1.235257209128745046e+02 -2.623501406525003787e+01
-3.806459860120639860e+01 -7.257967709035988868e+00
2.992119626265741061e+01 -3.365371868507808983e+01
-1.070290840789756146e+02 2.452934103468576765e+01
-9.963906313633050615e+01 -4.348347475528338890e+01
-1.654640302107064258e+02 1.089672545919081692e+01
-7.214712333752181905e+01 3.880779387774256151e+01
1.498250405406889030e+01 2.450241924581877129e+01
-2.310262104338282274e+00 6.596988069492446538e-01
-6.861268288887055178e+01 -3.738042113329435256e+00
4.829930148537798829e+01 2.919731126586212255e+01
-1.805004987859292100e+02 -4.203509374766992579e+01
-3.800619961593238827e+01 -2.583540830740780891e-01
-1.367505989124376242e+02 -3.546702500104338185e+01
4.014077385317166957e+00 -3.344273519282245388e+01
-1.121961460460740483e+02 -7.718161678523666858e+00
-5.788475039729532767e+01 -1.022617760204071402e+01
-1.450468248741806860e+02 -1.119219350700811688e+01
4.078760685782958362e+00 -7.476074806931766181e-01
-1.397579602091281856e+02 4.095751222053482365e+01
8.100271169896470269e+01 8.486285704462702029e+00
-1.567850896682392943e+02 2.980292156348499333e+01
-1.617055767095039585e+02 -1.281242264355291205e+01
-1.026372578921338174e+02 -1.698596660282608894e+01
-1.783206547956558268e+02 -2.070138099962711564e+01
-1.170734214287833481e+02 -3.400755739527015376e+00
5.813863284967418821e+01 5.422479560587775360e+00
-4.312887637588502798e+01 2.503075790841763393e+01
5.621857305116567716e+01 -3.880321876136982695e+01
-1.917067203027273479e+02 -1.623816869930004403e+00
-1.777556100384459228e+02 -2.307575137578360192e+00
-1.281180000060039390e+02 4.734966452328761477e+01
-1.889437123553903461e+02 -3.692140348192227695e+00
-6.975683100155751504e+01 -2.678242069262488911e+01
5.901969558770399082e-01 6.370022669217253686e+00
-7.580160503923846704e+01 1.033072967932264241e+01
3.759249499321470722e+01 3.824422304366428449e+01
-1.734935828542682756e+01 3.156918552002915135e+01
-1.612627982618190288e+02 1.922318504127392913e+01
-1.673487932635943878e+02 3.957383080857326263e+00
-1.164279981462456135e+02 5.446714254596739124e+01
-1.977835678261417627e+02 2.013363412367725047e+01
-2.407170713686618058e+01 1.677002775234365117e+01
-1.517792661326417374e+02 -4.044517525402712366e+00
-4.917338738274381882e+01 3.170855896205211977e+01
-1.088967537878799732e+02 7.151206266400525813e+00
-1.587340284035116156e+02 -8.210053163907891971e+00
-8.974226389121974989e+01 -6.965211853400878006e+00
-1.777018970343374633e+02 5.437820107347254961e+00
2.962890582650331694e+01 -3.195250482486213794e+00
-1.630994862421779601e+02 -6.456912388144532144e+01
-2.180327472465691301e+02 2.746219743158031434e+01
-1.002541846315024543e+02 3.452435068737651847e+01
-3.791210200472785630e+01 8.579377038879842488e+00
-4.127491048445588007e+01 5.651561812571818777e+00
-1.550414535673579906e+02 -3.103001711498276549e+01
-7.863478508258370425e+01 -2.107174225943719748e+01
-9.450843850294397441e+01 3.574450445921706176e+01
-2.025353826391794314e+02 1.575691946634020368e+01
-9.225087655268946207e+01 2.687774613108199429e+00
-1.440686558142656679e+02 -1.470108963637693833e+01
-1.216334976432418102e+02 7.008908237617561987e+00
-3.445612063774802891e+01 2.892113979116552436e+00
-1.648447738300371839e+02 -6.731981658882564545e+01
-1.683892924511629587e+02 -2.609542642861108597e+00
-1.867531973496033970e+02 4.912822528749488882e+00
-5.147652854970161940e+01 2.270387871122369461e+01
-1.432073953831470590e+02 3.481693023829446787e+00
-1.903046830928058455e+02 4.251517750263952955e+00
-4.991305161907725108e+01 4.197628719537633657e+01
-6.464179233755173470e+01 3.468477148162302015e+00
-1.263817539014770688e+02 -3.115102287811064130e+01
-8.688346090037644842e+01 1.839950838932047361e+01
-8.829244601037298423e+01 -7.911569258880031441e+01
-6.491043471250789310e+01 -1.248582781803804487e+01
-4.158157424141841574e+01 -2.328032010224734805e+01
-5.729019971224883534e+01 -6.395744616069901411e+00
9.852447828913918570e+00 6.798521259442869891e+00
-3.417384334011683933e+01 -5.060221859554663304e+00
-1.073613045810598550e+02 3.550457725987487656e+00
-8.704696316125516375e+01 6.129814302584315477e+00
-6.031287547360926737e+01 1.689875234764792111e+01
-1.254483684014746672e+02 4.567841621868358004e+01
-9.934229510832375354e+01 -3.453198837770612784e+01
-1.992732841595520199e+02 -9.272044817103871850e+00
-1.491701808826729234e+02 2.445681613494171014e+00
-1.435777236922583882e+02 -3.582426752061266484e+00
-6.094993534977820104e+01 -5.220414533300326099e+01
-2.084318590358700476e+02 1.948107490536883590e+00
-4.211192512178461556e+01 -5.668764194812460744e+00
-1.638859484470085306e+02 1.564537212069136096e+01
-1.075357331468377708e+02 -6.217629622918050991e+00
-7.659073172230033322e+01 -1.096842717097462838e+01
6.998246559335751726e+01 -3.534956629007532491e+00
4.291508067936076287e+01 -1.946744670362192764e+01
-1.249124643364055061e+02 3.819791984844998822e+00
-1.102953136083585548e+02 2.892719866320079447e+01
-1.661531947092415749e+02 -1.819196604152988073e+01
-1.704957225588566416e+02 -8.517980670083334260e+00
3.704360488119200312e+01 2.368897490563936969e+01
-6.667676297227922078e+01 3.474619022810640701e+01
-8.798054622336880470e+01 3.654069442769041665e+00
-1.650203621253395738e+02 -1.715328352198917994e+00
-1.874622627283461327e+02 -3.259563862171150816e+01
-1.741767286851073493e+02 8.374094960888024630e+00
-1.473855614086973560e+02 1.337946345261818770e+01
-3.965363074908854912e+01 2.409744418568193325e+01
-3.344403421331044512e+01 1.472943444593032147e+01
1.314929761225740812e+01 -3.096227916881204578e+00
-1.150822127577549594e+02 6.139468925202164939e+01
-1.758474232383802871e+02 1.172729580456263632e+00
-1.257699668108422202e+02 -2.862793378765822894e+01
-1.451618666727227946e+02 3.766253143950851090e+00
-6.492024461315209294e+01 -7.157732021924204879e+00
-1.876744964235572866e+02 -9.702954670280439231e+00
-2.460973528308872105e+01 4.024800834547483674e+01
-1.140132624800714041e+02 5.068031295326454000e+01
-1.078120677459732235e+02 1.560274321340212822e+01
-1.234225637715060486e+02 2.346831038773950340e+01
-1.956227058688954514e+02 -3.602900159909474809e+01
-1.813634845217926568e+02 1.154226849183396908e+01
-9.146198927256280342e+01 5.516636147689673919e+00
-1.966207775917556262e+02 7.753210354057696208e+00
-2.234206382908406141e+01 3.215529122079864521e+01
-1.839063114760232622e+02 1.828893333169939694e+01
3.995549249996152241e+01 5.321601831936344240e+01
-1.266736338561942858e+02 6.412364006306914277e+00
5.551274400081988247e+00 1.445356524328688996e+00
-7.221680643949605383e+01 2.361170583695674807e+01
-4.570099640924025408e+01 2.524326448206420181e+01
6.278978854048984459e+01 2.655360392163568672e+00
-3.420364672137711892e+01 2.400267800689596953e+01
-1.668192293415506811e+02 4.369998738895817070e+01
-1.519747187622819240e+02 1.506796258041420344e+01
-1.266607106451051550e+02 1.982595487048140370e+01
-1.241055982187984057e+02 4.130075267320650312e+01
-1.606888154786482659e+01 2.587957704598604192e+00
-2.080694709106660412e+02 -1.257239318225989955e+01
-1.780102004108606479e+02 -4.906030573029881658e+00
-7.300543926627463520e+01 1.409940855345484856e+01
-1.464926890560322477e+02 -3.396265731626763085e+01
-3.977373112746388273e+00 -4.061812744789999385e+01
-1.507088857878077022e+02 1.209487086197975714e+01
-9.471610895527651053e+01 -3.233657387484667112e+01
-1.961708696810965193e+02 -2.983217003897467734e+01
-6.779842370913149452e+00 2.082539240618330112e+01
-9.182746932068195633e+01 8.508584891422092511e+00
-1.098326900590762136e+02 3.070729670260120869e+01
-8.966215481492766060e+01 -2.957776054219703354e+01
-1.463863887184686803e+02 1.686648630149132444e+01
-1.738571193259856784e+02 -2.601038365079570269e+01
-1.100005432735314059e+02 3.201706562005201562e+01
-6.069610452451163241e+01 -4.177841020131730687e+01
9.141996808863892454e+01 4.391946258581197249e+00
-4.566914678903836489e+01 4.500221264568368440e+01
-1.817438732541311310e+02 1.852927298294692804e+01
-1.368416999476096123e+02 -1.529774317408649509e+01
-6.944870950501950801e+01 9.408337657670131193e+00
-5.746097755893926973e+01 1.086965865660953234e+01
-7.953062124336315719e+01 -1.469181886135543103e+01
-8.000731137824281802e+01 2.089421738382392135e+01
-7.183226497969306479e+01 1.280137954001235201e+00
-1.990271720843392700e+02 -7.261627904690502788e+00
-1.430357243283204980e+02 2.917505944749117930e+01
-1.472771021835276599e+02 3.438228769236967963e+01
3.557880192257398022e+01 -7.125153091255752358e+00
-1.659753585428230451e+02 -1.576559182666026970e+01
-1.341717750193774634e+02 -3.869420149083738103e+00
-1.948738807193968512e+02 6.489060018240395245e+00
-9.972856787799439360e+01 -1.674720704778287939e+01
-7.578434857397435565e+01 -2.071646239747247975e+01
-1.150247352499188906e+02 4.684262414038060029e+01
-1.476680263245099525e+02 -3.179072639524503430e+01
-1.569703894884710849e+02 -1.127063327529799963e+01
-4.282048350204199494e+01 -2.235554217805855615e+01
-1.383360769040949378e+02 1.056805872629963255e-01
-1.387944423813182766e+02 7.762304535156478558e+00
1.752413359082505906e+01 -3.058527946082551630e+00
-1.874177342729575457e+02 1.723479232120461901e+01
-1.385678001058213056e+02 -4.512999920046301128e-01
-1.043142666327206598e+02 4.904038557296893863e+00
2.848466256204812552e+01 -1.863887421912550835e+01
-1.203597166370228564e+02 -1.826326190640467573e+01
-1.129594728378921786e+02 2.025230722179725262e+01
-7.019255574786724594e+01 6.579801025488201560e+00
-4.682451253283982595e+01 2.125365126402219218e+01
-1.225332964501981934e+02 -3.284748478469054334e+01
-1.212101326841600439e+02 -8.017661140106046247e+00
-1.451560224155642231e+02 -1.256456789455384282e+01
-8.733331582826059503e+01 2.320287199309881387e+01
-8.208207989253131132e+01 7.093812753310443142e+00
1.333760316839489803e+02 1.337643653451916315e+01
-1.371038771079131209e+02 -2.382985555332714966e+01
-1.604248035392964198e+02 -4.495446756263508092e+00
-1.404766299010556452e+02 -2.646542076766283813e+01
-2.782382487340960253e+01 2.716440100733116125e+01
-4.426749029647254474e+01 2.338934821305568845e-02
-9.924021143689714108e+01 -6.731374241092836774e-01
6.898881885032089656e+00 4.826855244046245019e+01
-1.425708382974797246e+02 -3.546828022267283664e+00
-3.446406003343585667e+01 4.436218645811934636e+01
-9.251669311171474419e+01 2.237076818810636247e+00
-1.725981287906434716e+02 -1.322450042899157019e+01
-1.317413923363041661e+01 1.906267885655946159e+01
-1.738671584578935665e+02 -2.125946091673931093e+01
-1.232022038592725579e+02 3.148497001172415466e+01
-5.445024122086960716e+01 -2.555106956978366028e+01
-6.207570878096535516e+00 9.288218826125826055e+00
-7.149256533586968443e-01 -1.094850926641885103e+01
-1.580888098843431919e+02 -4.101988023338069833e-02
-1.836720764905265071e+02 -3.400803942500186139e+00
-1.231079493705322392e+02 3.718185420972351807e+01
-9.935206127025658418e+01 2.318659679589350020e+01
-1.430607688376551323e+02 9.457448457205634540e+00
-1.082532523501676991e+02 -6.498041099016005795e+00
-1.083838489249407928e+02 -2.315672312803729227e+01
-1.661692788932296878e+02 2.948466824797963426e+01
-5.170353969859099408e+01 1.173905769053495618e+01
-7.448351403484366529e+01 -3.251426581365625790e+00
-1.006170466268981869e+02 -2.781780520548245050e+01
-4.329363559998163424e+01 4.172631139719593563e+01
1.390164623275484068e+01 3.814853352711519152e-01
-5.050014724868864846e+01 -1.076092597742009893e+01
-5.830237095623600396e+01 1.202976446847934788e+01
-1.594573020003217607e+02 1.582108885469411952e+01
-6.428226752157668500e+01 -1.626895844087939136e-01
-1.589021959438671843e+02 8.250292260577262837e+00
-8.699860571886699745e+01 3.472131217144604420e+01
-1.767052274866066739e+02 1.122833174575493942e+01
-1.298924914409199118e+02 -8.967386258817036548e+00
-1.345144830686583362e+02 -3.837036804668701961e+01
-4.973807631212525848e+01 3.014396101362298630e+00
-6.068087238561822261e+01 -3.803603612602557149e+01
-5.136027622436392903e+01 -6.897072449947570760e+01
-8.101124167692245237e+01 -2.481771816167453792e+01
-1.035990412598090273e+02 -3.799977871767863036e+01
-8.162540420560956989e+01 -2.911108324659581825e+01
-1.615705960607635063e+02 1.065491054633170975e+01
-1.099886110219115949e+02 -2.039553445706986068e+01
-8.843877985914856765e+01 2.195385814763542953e+01
-1.719229346515027013e+00 6.821714775366283234e+00
-1.530116895868367237e+02 1.190451237691204334e+01
2.518379178397587026e+01 -2.484024972937169551e+01
-7.886564024880343027e+01 7.368818780450380856e+00
-1.464823141290129342e+02 -2.985098145461788643e+00
-1.835327434800496604e+01 8.111738293245287501e-01
-1.788330324810859793e+02 -2.938121269578955363e+00
-1.883514871746429549e+02 9.116569768699166687e+00
-5.397511209731585780e+01 -2.655856070344211517e+01
-5.131889107735626254e+01 -7.139792400180929199e+00
-1.552929267570468994e+02 2.407640820834763673e+01
-1.979609600889828016e+02 -2.540769934521482654e+01
-7.530157610865430229e+01 -2.002261771584091932e+01
-1.092633122803527357e+02 3.318569845606464241e+01
-2.004614037591040869e+02 -9.577057932525775641e+00
-1.278931536933814215e+02 6.044576058034105870e+01
-1.974120537676610070e+02 -4.548735465349975016e+01
-4.537352152031513697e+01 2.025873803242730986e+01
-2.287181146005964649e+02 1.546684679129214857e+01
-1.136248794651426834e+02 7.592090848778009438e+00
1.540001746188716680e+01 -1.200018412696895354e+01
-5.916781186441689044e+01 -2.409251659730384532e+01
-3.980132191097878547e+01 2.599443980488886652e+01
-1.936398984699204675e+02 4.479273088858258944e+01
-1.909936405350150892e+02 -2.710999383622953829e+01
-1.365001389125987430e+02 1.289895635759925163e+01
-7.531618990567848471e+01 1.038824160848526440e-01
-4.578601197547419588e+01 -3.518703723455867682e-01
-6.117062118520244951e+01 -3.247702264349971557e+01
-1.132455703649981018e+02 -2.060428435640691092e+01
-4.740531818297713329e+01 1.329865238532015148e+01
-4.340771833653004341e-01 1.245425376279933083e+01
3.436578587670793894e+01 7.338349253721052179e+00
-1.063062739525336866e+02 -5.897940273679948220e+00
-5.727908084240460163e+00 -5.531610048526480483e+01
-1.619819476810303627e+01 -4.466365931737767170e+01
-1.753121647983149671e+02 -3.669543597325960604e+01
-1.033170477946619457e+02 -1.929924571568507830e+01
-7.792347089814094829e+01 -3.350226142600274404e+00
-4.152759777380265405e+01 1.216874546457640349e+01
-2.345900586107561736e+01 5.726938343671989173e+00
-1.585158984161518561e+02 2.702330637454317674e+00
-1.017765845278881613e+02 -2.340400749792519974e+01
-8.984375083061087253e+01 -9.406818047051674014e+00
-1.756033293293081385e+02 1.606085615393039490e+01
-1.693215220992262005e+02 -1.428859320334058580e+01
-5.092635239872165442e+01 3.208235126241157076e+01
-1.554793340765578762e+02 1.961777776533260464e+01
-1.283021184352877526e+02 -2.754997320668694627e+01
-1.292801629228314653e+02 -3.448107511813462622e+01
-2.623945844034911943e+02 -5.169878753643537550e+01
-1.368518810545574809e+02 -1.115547985917207541e+01
-8.352219083441686109e+01 -1.385996171954140266e+00
1.337099732038508080e+02 3.329788632317181651e+01
-1.954048284587051967e+02 4.769156400297386966e+00
-9.317044769968821072e+01 2.468486987971873248e+01
-3.015705155833925843e+01 7.837694929780580466e+00
-9.372469073262125505e+01 6.567727293687667611e+00
-2.164485328336800194e+02 5.858849024301027164e+00
-1.010076622043464454e+02 -3.013831715325536820e+01
-1.666657818407118157e+02 1.439199885028847703e+01
3.513458141150591985e+01 6.139929068153783254e-01
-2.031587844902329891e+02 -3.682185714147616196e+00
-2.023226565104846131e+01 -1.863650418166430178e+00
-6.916588258399409028e+01 2.078988682511391772e+01
-1.252490041773649097e+02 -6.892098176059731074e+00
-6.605368894956211534e+01 2.786044281876936424e+01
-1.861902880449780469e+02 4.266816505687634375e+00
-5.954257631549040752e+01 2.262171150915717988e+01
2.213780080112415050e+01 3.058730647442774142e+01
-1.145295016970023880e+02 -1.587615062276963585e+01
-3.802853340177256314e+01 1.535397215521333614e+01
-3.940708868327261172e+01 -3.662236156514912189e+00
-1.207189990815902405e+02 2.492859547338668236e+01
-4.851973549107921002e+00 4.236479159597166699e+00
-5.827979796983402139e+01 -2.435167236225603915e+01
-1.040465060073057373e+02 1.274630324155204342e+01
-4.191994283401773203e+01 -2.803651011289891581e+00
-1.386734875173231956e+02 3.199231337452151269e+00
1.158911964225452707e+01 2.765958752043308877e+01
-2.093545923335215662e+02 8.096358719244850732e+00
-9.336693292190489046e+01 3.149544384916669060e+01
-1.118329118281680508e+02 -4.715935380853457204e+00
-6.840797647654501645e+01 9.639966308873283651e+00
-7.929910963804348967e+01 5.389544963556939194e+01
-5.541270630358551585e+01 1.669011181980283354e+01
-5.276175661079510348e+01 4.847891891833837974e+01
-1.935911606115897712e+02 2.966750822868003112e+01
-8.690653671672706082e+01 3.827954246932728921e+01
-1.119633220046495303e+01 -6.261694607658780498e+00
-2.147514945794634755e+01 -2.089173546796985903e+01
-6.538594772593636151e+01 -2.208859270078165515e+00
-4.445813628376908966e+00 1.664399506013712227e+01
-7.526426128439199204e+01 -2.592740560377240655e+00
-1.845005793637238867e+02 1.183205117100418668e+01
-1.104833754387190936e+02 -4.045467139115360311e+01
-3.119458368442090901e+01 1.412631654985934482e+01
5.220435908500369493e+01 5.168413248428273477e+01
-5.436651006945705689e+01 -2.499713991383030631e+01
-1.019887333523912076e+02 -8.681830864860224928e-01
-7.105613304112453932e+01 -2.356392103204560584e+01
-1.647437015756835592e+02 -1.350119482170480012e+01
1.383332513518756102e+01 2.383728018709751240e+01
-8.344742370173604229e+01 -1.234500189638395895e+01
-1.031658623528559637e+00 3.273396733887409038e+00
-3.811472440839994391e+01 1.514064405912266231e+01
-1.194030891446908385e+02 -2.930176983044125105e+00
-3.013667518177445359e+01 -1.716949908959665549e+01
-2.153639254781027148e+02 2.900885598782317487e+01
-1.105012891030028221e+01 2.361356233271492044e+01
-1.734753161046523360e+02 -4.276392852012325108e+00
-4.166851712921022255e+01 -5.755916954749133119e+00
-1.694575764006860652e+02 2.511105433834631384e+01
-1.710662847611822883e+02 -3.626157587673059624e+01
-1.394349353788421126e+02 -1.003302765432502142e+01
-9.468242171408834906e+01 2.577369997131792800e+01
-1.168378444996825039e+02 -4.014168211493507954e+01
-1.612572447716251247e+02 -2.331648147538907168e+01
-1.554146062280551632e+02 2.886996953072500816e+01
-1.119699651865814438e+01 9.504655115693212863e+00
-1.088748353239834330e+02 -4.878096418819121993e+01
-1.436020497313691635e+02 -1.829042495508892330e+01
-1.336684091601027546e+02 -8.154499976713106335e+00
-1.792144191100676380e+02 -1.319760553196343800e+01
-1.320438162393304538e+02 4.396900545801356941e+01
-1.567345743092785426e+02 -2.242773824241967873e+01
-1.758601714262205462e+02 -2.000804573927455721e+01
-1.300709067755903163e+02 -1.511019133472823306e+01
-1.600876300533012113e+02 -1.001093519627832684e+01
-1.673276832901559601e+02 9.554461855394744685e-01
-4.474117296204560290e+01 7.889162735073858013e-01
-1.809325672279225046e+02 1.760115180301135451e+00
-7.133308715755954665e+01 9.324889240829367765e+00
-1.548566393734261055e+02 1.808383949142603253e+00
-1.993827756908304494e+01 -7.282396735412348221e+01
-1.797987320893465153e+02 -1.341503485496437875e+01
2.692970787269057453e+01 3.849479912771935464e+00
-1.989573912522657793e+02 1.991317291857829375e+01
-9.586614402668021739e+01 5.904443508201898894e+00
-1.577249448938983107e+02 -4.422618146934129868e+01
-6.048629019275440299e+01 1.419910561627652434e+01
-2.488636267099454074e+02 -4.640912152753491426e+01
-8.907053303501849939e+01 -2.804118773437640755e+01
-6.123472027314911514e+01 -3.653658980323989880e+01
-1.901748207648415985e+02 -5.743020115279459326e+00
-9.558286743872166369e+01 -4.924127173402855995e+00
-1.305957211962869451e+02 -8.823319239316544660e-02
-6.321168651706445729e+01 -3.140722247312354298e+01
-1.550987116579207168e+02 -1.873220678215527712e+01
-1.392595809034897343e+02 -8.249096445212416029e+00
2.131857020582341633e+01 -2.152577310300585722e+01
-6.156704780189257775e+01 -8.260999606343759183e+01
-2.089325580801769533e+01 -2.651165885252427756e+01
-5.312614538405965448e+01 -2.650451265639729570e+01
-1.435178713462744895e+02 9.667275395670367644e+00
-9.205885395764738632e+01 1.022310432861483420e+01
-1.621937980994589452e+02 -2.314747534309505639e+01
2.181286797264099064e+01 -1.004957107337818556e+01
-1.069411496475379550e+02 1.155946539258555461e+01
-1.044211302111666839e+02 1.703589481078923740e+01
-1.122341567824864370e+02 3.769381911809028907e+01
-4.098415959408255560e+01 3.317058870204267862e+01
-8.042280986910741092e+01 2.191513098511927105e+00
-1.258256236918486906e+02 -1.138655966150199461e+01
-5.507251238284187167e+01 3.608078683634172990e+01
-1.621575953898114051e+02 2.350836738833866590e+01
-1.150680767471805268e+02 5.395999719083670598e+00
-1.759315428832637451e+02 1.624255881737884977e+01
-1.217914504392483366e+02 3.513094738748186785e+01
-5.393863232926568685e+01 1.524430557843126621e+01
-1.404683875364638936e+02 -1.879053367553001763e+01
-1.921043431321330388e+02 -1.075839529430224095e+00
-9.594162459518307173e+01 -1.118075198473597709e+01
-3.481602197378093422e+01 -3.932114818704615988e+00
-6.233767311154931434e+01 -1.502800792551226294e+01
-3.442062613719411956e+01 9.477638744493214418e+00
-1.693490379300610300e+02 4.002732626409487438e+01
-1.096305354764192970e+02 2.798676039195413967e+00
-1.071985738859153088e+02 -3.251359386961588172e+01
-6.145423781484293357e+01 2.323066678573819743e+01
-2.086779670989935482e+02 7.670544319713035186e+00
2.852908105432257457e+01 -2.295596037645250220e+01
-1.353586106351712885e+02 4.587983473484053576e+01
-1.657336235690185902e+02 -8.877348119819329142e+00
-7.081629095742415814e+01 -1.134591371935215953e+01
7.328835422876571215e+01 4.468796770299859134e+01
-3.149828025856828262e+01 3.074394342543345005e+01
-1.677667038436006237e+02 1.198397915395272406e+01
-2.529565535718527514e+01 -1.394359049995788880e+01
-7.849238395294453596e+01 3.918827043613706707e+00
-7.155114052558130311e+01 -7.702914775142005510e+01
-1.229060594606593213e+02 1.286904430126311816e+01
-1.804158871449440937e+02 -5.358016946238990386e+01
-3.080144816672959607e+01 -3.055484292330992346e+01
-1.103473461744810180e+02 -4.686881769714495505e+01
-1.634134540239327293e+02 4.433416530812479550e+00
8.182120983671556758e+01 -1.003363314517716098e+01
-1.538460246200075972e+02 -9.081711048053337620e+00
-7.028081858288688011e+01 5.374913501289848128e+00
-9.150892583484126419e+01 1.117836492349488253e+01
-1.234348890299843760e+02 1.767453853699838717e+01
-1.936603342704446007e+01 2.097339030836972640e+01
-1.470653742667157076e+02 -2.617142258649603903e+01
-1.039827138875581056e+02 7.697282841090569150e+00
-1.411558428025398371e+02 -9.170461120188800663e+00
-1.052001331037658076e+02 -1.605761584919539686e+01
-1.537504784404594602e+02 1.071802476807625126e+01
-1.735457783377919725e+02 3.323442743741493732e+00
5.601066844693511015e+00 2.253097058858735480e+01
3.957120253417222244e+01 -9.314129913636840286e+00
-1.657638531815570104e+02 3.531994847355739608e+01
-2.062198216438283396e+02 -3.954570552247653836e+01
-2.297979511743851049e+02 1.879374553844604279e+01
5.252776040562373794e+01 1.262078458251601454e+01
-1.661519692183009056e+01 -5.442361680342630015e-01
-5.751560361718917136e+01 4.452222119207425521e+01
-1.981515902735422401e+02 -1.569183466868390475e+01
-1.375177213919427572e+02 -3.475944585437592593e+01
-1.461235450822314021e+02 5.279496352862557806e+00
7.414211980429540105e+00 1.657609779991720345e+01
1.329920798749908428e+01 1.449733801706917902e+01
-6.532037348594602122e+01 -7.801304487305071866e+00
-9.971445286559770693e+01 -2.619989182206655087e+01
-3.292031856562955827e-01 1.795442471524670225e+01
5.118016957463303385e+01 -4.537896301469557869e+01
1.563768597103219236e+02 3.600084368338200136e+01
1.083563150438012173e+02 -2.258881349816051909e+01
9.036382718913701240e+01 -4.317928864886611962e+01
-7.750487896558762912e+00 -4.325024214752644980e+01
-7.290503296564422442e+01 2.093310391137534765e+01
-9.648916997658052708e+01 4.238728133324675440e+01
-2.737846455650991118e+01 5.275373538177085209e+00
-5.956323647726126325e+01 2.753483561069525010e+01
-1.514014404411712746e+02 1.923476759768524280e+00
-1.851437254847436691e+02 -6.044502210999728176e-01
-1.545187880107938838e+02 -1.015611009196634384e+01
-6.553158852380778399e+01 -3.599850215870846171e+01
-7.461011263565508500e+01 -2.430551079518861357e+01
-3.228980498906720698e+01 9.267015576235934304e+01
-9.420919482525844657e+00 -2.157222814594655702e+01
-9.386509552636921683e+01 3.891617136987915870e+01
6.248986252403638808e+00 -1.266942432194213275e+01
-1.055919543579843491e+02 -1.940678855560397098e-01
-6.314353710790136631e+01 2.946751576267045181e+01
-6.933753975155704552e+01 4.027565874086129760e+00
-1.151296414511797650e+02 -1.605346312860637070e+01
5.691293265475711571e+00 -3.734490574453045042e+01
-1.098365358921061841e+02 7.144158185708870512e+00
-1.540695575039543712e+02 3.430259756032888419e+01
-8.974700985117782182e+01 -7.976780422428676687e+00
-1.381954629950233482e+02 3.847612767697315972e-01
-8.001752289927013351e+01 -1.929119360688703466e+01
-1.156660700294881963e+02 -2.445489539858285610e+01
-1.156492746539621805e+02 -1.357981784357584987e+00
-7.459282013161077884e+01 2.359824170420159817e+01
-2.547379704155230229e+01 2.682175522195916173e+01
-5.502868281114742643e+01 9.635552724149743398e+00
-1.864613185189985813e+02 -6.699227668732480545e+00
-3.424940017342712650e+01 3.659791748410570733e+01
-9.719961856787158183e+01 2.539513328033646999e+01
-1.102849659991404536e+02 3.819212270910643525e+00
3.678531166816808451e+01 -1.637331193064567714e+01
-3.956120711323633543e+01 -4.344549590367200231e+00
-6.608691718786408842e+01 -3.360151243013194677e-01
-9.894535803508307481e+01 1.882189890568908552e+01
-1.210824640908660967e+02 2.001647564822021153e+01
-1.553898424710098993e+02 -8.813967652558243770e+00
-1.215274313963182351e+02 -3.377306975171811132e+01
-1.259967323663994136e+02 -5.782059752747200854e+00
9.647309299877133526e+01 -4.557619896939272763e+01
-1.792426292883814085e+02 -1.430081109525094618e+01
-9.079252515034286830e+01 2.361369127429536530e+00
-1.059093275586602658e+02 -1.869668755994251441e+01
-1.601662793490242791e+02 1.658168057333623935e+01
-2.133262181501009707e+02 2.211209161312355231e+00
-1.492652897788067037e+02 -2.437183100245304246e+01
-1.780825485167437705e+02 -3.608514313470612933e+01
-7.644306711527779896e+01 1.358427285350387059e+01
1.926413601393475616e+01 6.109936338158126201e-01
-1.674263639803313595e+02 -1.194261861781487966e+01
-2.000911775109599091e+02 -8.106668330302603920e+00
2.791434378117350956e+00 1.309113034703938805e+00
-1.693876496286965505e+02 -1.283908415911233369e+01
-9.192885861817647708e+01 -2.816377393607228541e+01
-8.252574100738969776e+01 -2.255425370127609952e+01
-5.968414932282841789e+01 4.319299142927478741e+00
-1.446690458404627293e+02 -1.743159946508682268e+01
-2.318229322951935103e+02 2.365790940832880196e+01
2.957282356464808259e+01 -1.745094184915529212e+01
-1.102986924782585305e+02 -9.460115283625256666e+00
-1.158908994625109585e+02 1.180869499819300650e+01
-1.045293447008724002e+02 -1.755498606819191565e+01
-1.097907927620837825e+02 -2.364513519284052023e+01
-9.519267369623928232e+01 -3.489263078261510742e+01
-1.323666544527209794e+02 1.533736823297803120e+01
-8.108323349368255606e+01 5.766672393556911302e+00
-5.913986606529312695e+01 1.263282277744887239e+01
-1.137441398115347795e+02 1.855713878010076456e+01
-8.125733930435455932e+01 -3.424153711420945001e+01
-1.364089079139969840e+02 2.493350523408187058e+01
-2.101789381746660297e+02 -1.098679595553033828e+01
-1.396736629438499619e+02 -1.006112825643374009e+01
-2.657955535976007866e+01 4.050945221527970652e+00
-3.472062194421043557e+01 1.396070464394135868e+01
-1.439475051523232025e+02 6.085867873225274138e+01
-1.380160737642972322e+02 -6.960868720700247536e+00
-2.703248411891441449e+01 1.788599152101761192e+01
-6.833635275614147986e+01 -9.322265993848162680e+00
-1.083284389613378238e+02 -3.151557053786019580e+01
-7.086580297221863134e+01 -1.190897716273820350e+01
-1.919544059742651188e+00 9.738543693348455932e+00
-1.261900677387410781e+02 4.500944205155018096e+01
-1.876369868760901625e+02 -2.136766316190249171e+01
-1.885254899233388812e+02 1.268657794902608327e+00
2.948759537297337019e+01 4.097310076052349359e+01
-1.936086724740121099e+02 -4.323669593716559234e+00
-8.126877620614099840e+01 -3.207595197510669749e+01
-8.635627742135645235e+01 -1.455213214476841088e+01
-4.480380578681216974e+01 -2.897034811627943895e+01
-1.820439745192182386e+02 -2.019631087556978954e+00
-1.464493292049922957e+02 2.907945536831000766e+00
-4.075817481109783813e+01 -1.674107556635660288e+01
-3.404850723624524989e+01 8.520879597131122196e+00
-1.237432321917927425e+02 6.656095443643315512e+00
-4.535699473243494140e+01 2.483726264388588589e+01
-1.609046903786205576e+02 -4.253432357549549891e+01
-9.002254558091468084e+01 -1.727750051769234929e+01
-9.321357302804405265e+01 1.860985912873865722e+00
-1.893466717142139828e+02 1.075947098445983308e+01
-9.068977534663493145e+01 -4.052748983070459587e+01
-1.715475864784198734e+02 -7.345081366398001244e+00
-1.272979100001009556e+02 4.258243437383076468e+01
-1.206092161793113746e+02 -3.568593608849145937e+01
-1.200382090659624978e+01 -2.986084251163965675e+01
-1.748368226052128023e+02 -1.109819155879018027e+01
2.895545078579067422e+01 -2.281896950242815691e+01
-1.201358830152812942e+02 2.226215295461065224e+01
-1.398998193923360702e+02 1.964690075318055307e+01
-1.151473540856139977e+02 1.238109030593106219e+01
-1.992346330660846832e+02 2.562846676591082584e+01
-1.867123413011501327e+02 9.204897528617193458e+00
-7.446448789021459014e+00 2.612715076510525591e+00
-4.350059446342241642e+01 9.573229991135944417e+00
2.190302552749805898e+00 3.609681280628183053e+00
6.773192630823442073e+01 2.494543202615578714e+00
-1.966625296905943969e+02 -2.625250266045920711e+01
-1.755561169716572749e+02 -2.717686032984941491e+01
-1.482759319138972955e+02 -1.135641340989602277e+01
-1.981158719268331652e+02 -6.928968727714345910e+00
-1.117914535079970193e+02 3.319630222716367740e+01
-8.091429004937783986e+01 1.764363919562109118e+01
-7.696260725660872026e+01 -1.831693327817576744e+01
-1.384496031067013178e+02 -2.193202853347498049e+01
-1.088505998687322318e+02 8.913597059463890915e+00
-1.032590200963723817e+02 -2.706028951206931410e+01
-4.455155389134827715e+01 -1.791122060851032316e+01
-8.881794679623398281e+01 9.705137329249847511e+00
-1.473371865592969812e+02 -2.927089454989688377e+01
-1.992932145829978481e+02 9.270713878556385623e+00
-4.756696020886913345e+01 -5.131944714788716055e+00
-1.824236306066464692e+02 -4.007297229972949282e+01
-3.124076768359498502e+01 -9.561135246171081903e-01
-1.669430425255493731e+02 5.428389362145210839e+00
-7.007006449618911859e+01 -2.181545926414759506e+01
-4.879451065397680765e+01 1.857735719962087018e+01
-1.035979128431494161e+02 -2.774438620231264530e+00
-1.167956610101041264e+02 1.967757691328290903e+01
-2.860741512242530149e+01 1.493438516334024868e+01
-1.647605125206488879e+02 1.937676862571355585e+01
-8.132270182180002394e+01 -4.976652282913340031e+01
-2.439545076775559451e+01 4.232890224456561157e+01
5.080100124861515809e+01 -9.046957047936604823e+00
-2.052203301322655591e+02 -1.565097236166661077e+01
-1.574739866948569329e+02 9.015188755240616914e+00
-1.865136576352970508e+02 -9.107268989118207259e+00
-1.783493661525154153e+02 4.934365439588387403e+01
-6.660715751018348385e+01 -7.177034150015863645e+00
-1.368089021344316052e+02 1.424866968380683652e+01
-1.617781604553199060e+01 2.284072479412913381e+01
-1.917055592078488928e+02 -3.058500597623118988e+00
-1.022229520177497335e+02 -5.695422179907168925e+01
-2.343557980340120253e+02 1.560771187154288597e+01
-8.541986341262447269e+00 2.034989310613938684e+01
-1.339353501249539988e+02 -1.580138307188633684e+00
-8.443998501746027330e+01 -5.544090982771199272e-01
-1.280691582952367753e+02 -3.369563839483920731e+01
4.603599394351923024e+01 -5.633390160699922689e+01
-8.185183821623487788e+00 4.304236178406033275e+01
-1.793355096109511067e+02 4.785266310340053231e+00
-1.318606503406100501e+02 3.740695841849987602e+01
-1.881865398450128453e+02 -1.003498484406982083e+00
-8.383650829906589763e+01 1.566514517637824433e+01
-1.598967388985869036e+02 2.674210634479913251e-01
-1.707008590046894199e+02 -7.336009897281825509e+00
-1.626905041633869473e+02 9.850771017152103681e+00
-1.451071097374747580e+02 3.870896750000370901e+01
-3.933383565644806623e+01 5.256705912077914888e+01
-5.331497128521294826e+01 1.854628246882741749e+01
-3.509708397619053244e+01 1.022796365773246663e+01
-1.757669847167144326e+02 -1.985928808245176036e+00
-1.879934422218005636e+02 -7.460581488235201064e+00
-1.470992316901227923e+02 2.352528014255694089e+01
5.352573733694796232e+01 3.282379550554852443e+01
-5.480973697454458460e+01 -1.475437245600822855e+01
4.238669406420452646e+01 -1.008535035072509700e+01
3.229967024841933920e+01 1.588660085521155096e+01
-4.422558054464244037e+01 1.933836953516354740e+01
-5.433334079687488938e+00 4.786568385173806206e+01
-1.737436236471945392e+02 -2.886884877905769642e+01
-2.533471515718990119e+01 3.030406277058513709e+01
2.106353902162663161e+01 -8.114782939792309691e+00
-4.028728439104367709e+01 -3.173999315162802404e+01
-5.067938359314661767e+01 1.116406603192441516e+01
-1.041430343973410118e+02 2.378105270287954909e+01
-1.634784012405883686e+02 5.664841889320880952e+00
-8.860517203521588669e+01 2.163034490170576518e+01
-7.152395966601628174e+01 -5.023934419373000537e+01
-1.372817661959051350e+02 2.820160841266944729e+01
-1.756048669104212934e+02 2.660253098062911548e+00
-1.136847672478394315e+02 -7.155394756980033577e+00
-2.016963288372545193e+01 2.512340200947114077e+00
-1.736068162789564795e+01 5.206133703714279193e+01
4.568493067863195023e+01 -8.334458695566529229e+01
-1.433108074279241180e+02 -6.538513555724749793e+00
-1.579593330445356685e+02 3.612058469470172284e+00
-1.657345922899716868e+02 2.052995401669928910e+01
-1.363398295274138832e+02 1.729697035124473103e+01
-6.671090077928171524e+01 -1.178682172577623533e+00
-1.474901828316937724e+02 -3.881477101474227087e+00
4.362482864731327226e+01 -1.383165780268659972e+01
-1.793502307978901342e+02 -2.789896094058778786e+01
-5.380261292259936567e+01 2.030654723358810188e+01
-8.676801040756983241e+01 3.655331735760631418e+00
-1.845496011724940502e+02 1.039325625152353005e+01
-1.738037027449716732e+02 1.711969965918718373e+01
3.769070699571084049e+01 -2.106765921464990399e+01
-8.033269158858948344e+01 -5.470272626519543024e+01
-1.317744326351219115e+02 4.042128959384716502e+00
-1.711875959635686684e+01 2.722846593444257834e+01
-9.814103676543052757e+01 -3.110013832488353458e+01
-1.801690354591866594e+01 -2.020795886290555998e+01
-5.446977658991661286e+01 3.437010258325470247e+00
-1.339272688708972794e+02 1.078898633202430446e+01
-8.087772102242008998e+01 -1.743374761617779267e+00
-1.955904677825637634e+02 3.849706104574777044e+01
-3.406029586701707501e+01 -4.822597105631120940e+01
-1.017002350220493412e+02 -1.879886433838784399e+01
-1.479155462843800422e+02 -3.641387813432231724e+01
-7.457773787352331851e+01 4.765008275181341624e+00
4.333388630360161642e+01 -1.417277015840241994e+01
-8.307712715032944573e+01 -2.170813034968520228e+01
-1.555031145377748203e+02 -4.001107964117221627e+01
-1.660427116429716534e+02 -5.618556375936999414e-01
-1.551401587453106856e+02 -1.385029779528019134e+01
-8.003459932032441770e+01 3.779599907923491209e+00
-1.443454156026419355e+02 1.366482182005785084e+01
-8.582092846755158178e+01 3.975336918452813961e+01
-2.141128801488181068e+02 -1.033187492576270650e+01
-3.397294853172950724e+01 6.137490591837993392e+00
-1.471419281551915503e+02 3.184344565493505197e+00
-1.698401758351016042e+02 5.351857287441239919e+01
-1.489862041876789078e+02 1.455447755275251964e+01
-6.247673966606303964e+01 -3.244678358377530003e+01
-5.427540896900472944e+01 -1.392098304520314933e+01
1.997953208296082295e+01 -1.446410782626843528e+01
-4.108165280597214775e+01 -1.556922396224421945e+01
-8.382049055441062535e+01 7.898403061003896219e+00
-2.110033077089590279e+02 9.251079070374856883e+00
-1.300429428731823407e+02 -4.879905660371856158e+01
-9.192487070478621547e+01 5.028022789482884036e+01
-6.258757841052162263e+01 -4.451392968284308083e+00
-1.759948190061029294e+01 3.150489574754514521e+00
-1.507658900273860638e+02 -6.962214011303692551e+00
-1.116220484593397515e+02 -3.235759480351689632e+01
-1.176603501139495300e+01 6.767086646569249808e+01
-1.265852861039157631e+02 3.229546582638599261e+01
-6.693816618002135499e+01 -7.687634552726305692e+00
-1.896531019453897784e+02 -5.644287271090258962e+00
-1.264103211753566285e+02 -1.005306546240275978e+01
2.628180409302475695e+01 1.037315904600602501e+01
-3.466473630160940189e+01 -4.112627053271131672e+01
-1.502130339966315944e+02 -2.677305385996391340e+00
-8.989593480192036168e+01 4.167702248949033184e+00
-7.547017334636014141e+01 -1.706668012210332463e+01
-5.530000934279807723e+01 2.024410040670108302e+01
-1.568327285991402960e+02 3.975809735489284691e+01
-5.755810455482309607e+01 -2.629302870946162329e+01
-1.153840564739273873e+02 1.448965717692917288e+01
-8.419613089621620361e+01 -3.187670746271288547e+00
-1.697047544575171401e+02 4.021358885414755235e+01
-1.648900268049375200e+02 1.074696314533279384e+01
6.640363772513214258e+01 -2.280620002497590093e+01
-4.885374437607989506e+01 2.107805697252744537e+01
-1.041487861687777183e+02 5.002109788677644886e+00
-2.479532693928859288e+01 1.345416690918274938e+01
-1.214036047392667825e+02 -1.408118527226358996e+00
-5.686206685150178686e+01 4.352250103529809167e+01
-1.723020007142418653e+00 -1.352076007558920434e+00
-5.336882390563865641e+01 -3.435865615706948972e+01
4.793504123956760310e+01 -5.199265508213768072e+01
-2.024428187354758393e+02 -1.894834152252095949e+00
-1.282219713487627928e+02 6.078504216433394447e+00
4.181695329768110270e+01 -2.066827369605206144e+01
-1.578610801119203302e+02 -1.953357653083678702e+00
-1.044493685854333904e+02 -1.185851687933639020e+01
-6.252841877784127433e+01 1.855963707317396683e+01
-1.808713869397492715e+02 1.576363735211897676e+01
1.247815837584946852e+00 5.666602419243857547e+00
-1.540849821636889994e+00 2.280811434535803173e+01
-7.028231390360514474e+00 2.507154900771618955e+01
-1.232652813823463021e+02 -3.455927293093228769e+01
1.643256043258807964e+01 -6.047370494239947547e+00
-1.843503917779021322e+02 -7.241332230909989676e+00
-1.508986641831109523e+02 -1.037081300520178218e+01
-1.814695859802301570e+01 -1.298955544783335014e+01
-1.517055594317861562e+02 2.111855603623333355e+00
-1.415017190578276711e+02 -1.243329276417869700e+01
-1.408867875073550238e+02 -3.283495488751005098e+01
-1.161401801200129995e+02 4.602290165903450969e+00
-1.204049661347563216e+02 -1.088839686823143360e+00
-7.781545161169150049e+01 -1.586090743147692628e+01
-1.646634224842179322e+02 -1.427694778515026819e+01
-1.801364769515152204e+02 3.562154385752263153e+01
-1.312124273891142252e+02 2.938211212296510944e-01
-1.803891012106822700e+02 -1.087546870849191771e+00
-8.736155112617571206e+01 2.726168345200361287e+01
-2.651908497407080745e+01 1.516097089341104187e+01
-4.914361221016835657e+01 4.438713217148371193e+00
-9.777265083257098865e+01 -7.397980664931465000e+00
-1.807562201828483524e+02 -1.073299508359661836e+01
5.229877220605633426e+00 -2.138151176019886179e+01
-6.674592469305024167e+01 1.459090495716955438e+01
-1.106715608252050345e+02 -1.935875844437497406e+01
-1.474566806383459436e+02 -7.180485438002201626e+00
-9.189451431503863432e+01 7.087075338427532678e+00
-1.142687480453261060e+02 3.249135289143357141e+01
1.116867482742346169e+02 1.669433789915068189e+01
-1.287692013938651598e+02 -4.679766441340923677e+00
-1.079532691988917037e+02 -9.005812551330782512e+00
-4.147706778571108543e+01 -5.681119563160256014e+00
-2.554765719013826342e+01 1.721053391211344064e+01
-1.849067939083715828e+02 6.375483071464189244e+00
-3.591086990258053646e+01 -5.117166966208535506e+00
-1.366916912728778755e+01 7.644970780132357646e+00
-7.755489449480222675e+00 -3.440319033719912767e+00
-1.278955027497150922e+02 6.284666281325156945e+01
-1.082746626015502329e+02 -1.754755251573632435e+00
-3.015444046512303444e+01 1.328720655866094447e+01
-1.189639682136174912e+02 -3.125569394537610890e+01
-2.618825821403075693e+01 -2.541208899432294288e+01
-1.960995350638905848e+02 1.538330428987640630e+01
-2.569400419368072974e+01 1.522346496464036747e+01
-5.595085076050103368e+01 -5.387850380193870592e+01
-6.674179715210584618e+01 1.697968493223208242e+01
-1.320672074767922481e+02 4.128035059418508013e+00
-1.423166163559168638e+02 -3.697074177125537631e+01
-1.905352911871672461e+01 -2.203925821155792875e+01
-1.123655807031916964e+02 9.757559352041129230e+00
-6.350827210422384894e+01 -2.220669732240305905e+01
3.657788635775781927e+01 -1.346687688201677169e+01
-1.891339860173396801e+02 -3.646005677429513270e+01
-1.736299333185946026e+01 -1.768904745152504621e+00
-9.458016917126745682e+01 -3.025578930390820531e+01
-8.093004277142341607e+01 1.722347155625984882e+01
-1.699360305774829953e+02 4.075373118410033868e+01
-7.283575823105520897e+01 -4.596368937071335203e+00
-1.541067678795076290e+02 -3.493650855795129129e+00
-6.024189182201015313e+01 1.128336054882758965e+01
-5.629672520384011847e+01 2.059017348999635644e+01
-3.599800686413546202e+01 5.217132181700932136e+01
-2.035808539921061708e+02 -1.371137125729266870e+01
-1.709523456492084108e+02 -1.306277692943008972e+01
-5.761800453142052447e+01 1.192109552747103862e+01
-9.998670467685363406e+01 -4.108265058196364450e+00
-1.605227123161966745e+02 2.389619072278093270e+01
-1.663572381359285544e+02 1.491725025747661348e+01
-7.266923109233114531e+01 -3.978101197218388307e+01
-8.216242648596714560e+01 1.708450059794308729e+01
-1.030038273032832024e+02 3.260297984433981888e+00
5.195867095642640265e+01 4.648070281601194864e+01
5.045815000235569059e+00 -1.948070225242403453e+01
-1.110672106133612402e+02 -2.020431493435870252e+01
-1.102095279963617713e+02 2.526998673457691247e+00
1.928901388397031269e+01 -2.918650098174484597e+01
-9.737829972560638225e+01 -5.886769495461293467e+00
-2.989276008207626489e+01 -1.825942220860191156e+01
6.515543674551906861e+01 4.564054892915898165e+01
-6.659517890773888382e+01 1.611236975696834217e-01
-6.517529857059462017e+01 -4.149247374629995377e+00
-2.441135627917908835e+01 7.529079936801795547e+00
-9.754250792701212447e+01 9.037920664370156842e+00
-3.434570488734996019e+01 -1.255153003879335927e+01
-1.628810479868026277e+02 -5.665485816321686130e+00
-1.470115056635224846e+02 -2.237270662940144206e+01
-2.155809495142455603e+02 3.670780134242325943e+01
-1.694485673149271463e+02 -9.348761304514916048e+00
-1.192177130387948978e+02 -3.269383841891470688e+00
-1.963023598783231023e+02 -4.255355877506760010e+01
3.837194845115872965e+01 -7.159827126605263770e-01
-1.883895912596544804e+02 2.677777782084471703e+00
3.133450143718264691e+00 -2.785369390747862184e+01
-2.016202856727016979e+02 4.475156979289390158e+00
-1.125271617004499518e+02 -3.431851438862723036e+00
-1.165549469295682741e+02 -3.536856895034420578e+00
6.640362616141752028e+01 -1.925903874794046544e+01
-4.502991500552121096e+01 -1.386718502426280430e+01
-7.930917063749294016e+01 5.731349129180282276e+00
-1.651197222513777376e+02 8.885111138265896713e+00
-1.507554772267643273e+02 -8.755179923745316728e+01
3.638537229424226194e+00 -5.817824984828654777e+01
-5.208324280326235822e+01 4.106773590570359289e+01
-8.142328632594079352e+01 3.200482996578647743e+01
-1.989807405258585788e+02 2.063716344945392578e+01
-1.133109716621117684e+02 6.304412670491073101e+01
-1.131093060754546116e+02 1.318878757982833960e+01
-1.729136739089662456e+02 8.874960275563415379e+00
-1.352418477954556408e+02 6.263755179875761137e+00
-6.941685348060867966e+01 1.033845228551754314e+00
-1.553869704342403963e+02 -1.771769255075697913e+01
-1.437405743331278813e+02 -6.496703398004916608e+01
-1.525233538687284067e+02 -1.691286431932703849e+01
-1.494036358599837797e+02 1.269247578962517409e+01
-1.574062909289927461e+02 8.060721037378659304e+00
3.642423990913011167e+00 9.310539075338846615e+00
-2.042275012100837159e+02 -1.272344351276725938e+01
-5.983222026247264580e+01 1.275424882090354650e+01
2.073069264066916162e+01 3.116178773485731313e+01
5.878282167178462458e+01 -2.663185292933884085e+01
-2.239096656520180488e+02 -1.560107098234524869e+00
-1.328451323647790616e+02 8.676536979919220016e+00
-1.161158922550900314e+02 -7.224859154310795617e+00
-1.772784897041724719e+02 -1.665291413340766580e+00
-1.330193928258423419e+01 1.539990898029158828e+01
-8.364404539254389093e+00 -6.551396419492105494e+00
-1.367804584621587765e+02 5.351496434026620008e+00
-1.204640298839382666e+02 4.178366253737903691e+01
-1.894459073423162465e+02 -1.333669440378552551e+01
-1.288034827527206119e+02 -2.057857418271029815e+01
-8.547331982933808803e+00 1.740270251359771336e+01
3.649480522900275759e+01 -4.862895124425455684e+00
5.594101552167954594e+01 -1.154332827793298399e+01
-1.309472260863608142e+02 -1.140348325232281912e+00
3.818783256559235184e+01 -1.012261969937179806e+01
-1.054881343846069370e+02 6.330098192711880678e+00
-1.022444076930143808e+02 -4.912479921290142215e+01
-7.950808452730070996e+01 2.739708131851532258e+01
-1.053212597144488143e+02 1.348854360754609161e+01
-7.713888061053032175e+01 -6.608616081131421183e+00
-1.349543419290605755e+02 -3.306103582184825918e+00
-3.853163121013862025e+01 -1.649365844616859178e+01
-1.495111801183757620e+02 -3.206809198919572168e+01
8.685909704786640262e+00 -2.562912229782866547e+01
-8.094168059322694830e+01 -2.542616743173337213e+01
-1.657965556951851340e+02 3.009950906245043001e+01
-1.241544960420965538e+02 -2.170071830838466909e+01
-1.343655476059370812e+02 1.315182050412633963e+01
1.320615803109413910e+01 1.521081084975391562e+01
-1.039717823728909138e+02 1.692304134719539377e+01
-3.369618977218009093e+01 2.589822516470459135e+01
3.830890890024749496e+01 -5.566165680484964895e+01
-1.310628234967993251e+02 2.833227917103704030e+00
-2.182464704457200639e+02 -3.173535138645313225e+01
2.899628735762289722e+01 1.630013140073157674e-01
-3.318220854497000971e+01 -4.425267040488654402e+01
-1.675118552221226764e+02 -8.017179550662572041e+00
4.010149926515489227e+01 -9.846123879994099326e+00
-1.294491205863120058e+02 -2.489984434180930961e+01
-1.293981684647272914e+02 -1.144689261952858494e+01
-1.125872742394738566e+02 -1.253964430404728070e+01
-5.513354826112322371e+01 1.505875916488239064e+01
-7.948466246210057307e+01 -3.492392573535170897e+01
-1.513224173791068665e+02 -3.413354548282369905e+01
-9.339369764046446676e+01 4.643747157826016547e+00
-1.548577277085312573e+02 1.304301658834876321e+01
-2.238743138385896714e+02 -3.234958507521786686e+01
-3.899821225370779132e+01 -5.033694178766130278e+01
-1.312014421573826155e+02 3.002414318892591893e+01
3.661803693797565540e+00 1.215935705840206538e+01
-1.088993062127966311e+02 -1.596538990761107835e+00
-1.498663561022606245e+02 1.490552931138376458e+01
-1.511530998455426698e+02 2.219195748449599392e+01
-1.318697068687586125e+02 -4.274189695922701304e+01
-1.247289624619356516e+02 6.349567481750051812e+00
-9.566991623292496172e+01 3.354093302854037972e+01
-1.771211537912103893e+02 -1.233483745497861106e+00
-1.948793486782925868e+02 1.877553899071942567e+01
-2.039255262349306008e+02 1.446063367571517766e+01
-1.694146831344809812e+02 1.138175850382546983e+01
2.345009917355838169e+01 1.446791422550361617e+01
-1.559014022765925631e+02 4.081195756146313691e+00
9.482037496478724847e+01 1.003384719254785296e+02
-8.763141460089539692e+01 5.290318146354861994e+01
3.181371663091427493e+01 -1.689770418077846514e+01
-6.268405354906707316e+01 5.161332725064438076e-01
-1.969131289028781566e+02 2.794518062291561833e+01
-1.691901304798755064e+02 2.431172265803745347e+01
-4.940895551486672588e+01 -1.359449662296883155e+01
-1.569471040909030535e+02 -2.278537584300647012e+01
3.278452436790849589e+01 5.907084348073791347e+01
-1.354697281650703076e+02 -5.439562081958984052e+00
-9.242821894530302984e+01 1.402534322257373844e+01
-1.572530261258672510e+02 4.250902088526017764e+01
-9.465712862796601712e+01 2.992951482717511169e+01
4.022530195247655982e+00 9.407365369968850644e+00
-4.945709881998590163e+01 -1.900369854490013921e+01
