7.165817430678320932e+01 1.253707089021991017e+01
1.020346338759822231e+02 -9.242721282092261958e+01
-8.679868694972637400e+01 -9.325941069153492080e+00
-1.491044906559247352e+02 9.002715921755827466e+00
4.250802507067754021e+01 4.040713850444327626e+00
-1.444520535866314219e+02 1.173352594699539253e+01
-7.261055208317765164e+01 8.012990249189812175e+00
-1.823195494056640165e+00 -1.576722439075874505e+01
1.206773004013254535e+02 -2.049564463584502061e+00
4.350785856215659209e+01 1.401703625450614688e+01
-9.966352616302125966e+01 -2.987540019989221918e+00
8.054456051143444029e+01 4.982958757387549120e+00
-1.147816850895233216e+02 -5.526958352068578328e+00
3.549392158203853143e+01 1.086088652120773990e+00
-5.049931558858760638e+01 5.555511492973451482e+00
8.516992957511740769e+01 -2.370510169880492235e+00
5.209735918129167942e+01 2.269410808240861144e+01
1.017938295445322296e+02 1.268853444663344732e+01
-6.585357493879359936e+01 -2.328401110744195535e+01
1.304881395354746871e+02 -2.739195720964955427e+01
-8.658940035907265553e+01 3.949218506302266951e-02
-1.455160720795953999e+01 4.721760006264375420e+00
6.282397742753817482e+01 -8.933310903984708062e+00
-3.224169774688182599e+01 1.061164664815073821e-01
1.054345384872127198e+02 4.504935316760768416e+01
1.870177693874705227e+01 -2.960828157221270374e+01
-4.392123136966879571e+01 -1.450876871347780117e+01
-1.465791725059321093e+00 1.059602978417564678e+01
-1.597545284050601424e+02 2.302794795883674528e+00
-1.321163161812469866e+02 2.620068846238452309e+01
-6.488038408706907489e+01 -1.584655738881223686e+00
4.082375373552943643e+01 -8.116402462967140963e+00
1.144236646372485069e+02 2.125811485909773779e+01
-5.216801323578372518e+01 1.276406485707695992e+01
-7.583386777888733832e+01 6.260094900444283184e+00
1.437106977537501393e+02 -2.436417053239699371e+00
1.506851531112292797e+01 8.325102762098833153e+00
-3.837111845273493582e+00 6.064956312931110816e+00
1.865269241397832616e+02 -4.445657402558549620e+01
-2.414528750029222337e+01 4.274779736159341148e+00
7.818166268040027944e+01 3.908566285919634176e+00
9.572561720069015223e+01 1.123592202376667082e+01
1.122001619132355756e+02 8.269094615467638576e+00
7.254627552896531029e+01 -1.444542935802083505e+01
7.319204441573288022e+01 1.018680675237555100e+01
2.948930106160585396e+01 2.617444757973896685e+01
-2.840189500278105683e+01 -2.333042354257470663e+01
3.243417051247135419e+01 -3.106794983785495123e+00
-6.813089209108655098e+01 2.878130897167263313e+01
1.297944109175618905e+02 -2.777877017978124385e+01
-8.493053016856448778e+01 1.232115905483920670e+01
1.172253060002397795e+01 -2.414863607669808943e+01
-5.544339757022429183e+01 1.081380996246105752e+01
1.670452199798239405e+02 -1.806429034646344434e+01
-1.556655869274805468e+02 -4.765823629812407924e-01
-8.437113815689131968e+01 -9.498383642785633185e+00
-7.200149070981954935e+01 -3.702270691372238964e+00
-2.922239636389860351e+01 2.712608272440401791e+01
-7.972667837160479110e+01 -4.179608046507715002e+00
7.455724534051768160e+01 2.248622962609925935e+01
-1.429629463340849043e+02 1.388660427462036751e+01
1.213201816713088590e+02 5.946713972183562014e+00
-9.906718740114504840e+01 3.128401361074639553e+01
3.811274887730343153e+01 -2.398721667728133156e+01
-3.443152491343735733e+01 -1.336388959728608583e+01
-3.252810236412189937e+01 4.071031917608006090e+00
-1.045089972290137403e+01 -1.197204493091707889e+01
-1.747331184932056658e+01 -2.914580356584272636e+01
-9.131528736901313437e+01 1.206276419245180165e+01
1.626646128043108774e+02 4.083867408474537442e+00
-1.721701068934106260e+01 3.611633228613921176e+01
-4.544891346070524918e+01 9.918150830068713120e+00
-7.696612405533863921e+01 -1.245015186043698918e+01
-6.704256089176752198e+01 -2.187841918378357775e+01
-1.231071372068840617e+02 -9.294244569758586039e+00
9.626367751828873054e+01 -1.430604202580326856e+01
-7.601920202499499624e+01 7.584388493383065111e+01
-6.967437966684957473e+01 -1.756311713585056822e+01
7.336438768711444958e+00 6.243209051830465484e+00
-2.939133072659653223e+01 2.485197650943176484e+01
-5.965212935528559690e+00 -4.388696749245704076e+00
6.511720601640062966e+01 -1.597095053968098810e+01
-7.518160872815586515e+01 -1.292658780674882912e+01
-6.236656354208514053e+00 -5.608348466770860519e+00
2.393701226531846871e+01 -2.273688262050638187e+01
-1.608905891755811410e+02 -3.692861656412732430e+01
1.606723425313632845e+02 2.571073927826876471e+01
-8.724319056007615591e-01 -2.627922907766807725e+01
8.130049820639395364e+01 1.360889586778967431e+00
2.889943983028694774e+01 -7.049873210695318448e+01
2.248937282442460273e+01 -2.155015785967181685e+01
2.919630135832224838e+01 2.982922628959974176e+01
-1.686136009857339602e+01 -9.067417755369913124e+00
-1.875508770368774094e+02 -1.023118035049958685e+01
4.277378885608337100e+01 1.827345507867955021e+01
1.052043505667356698e+02 -4.554331754046283542e+00
-4.658965274580399551e+01 3.677356696959316196e+01
-1.581140236538612669e+02 4.499309109684286767e+00
8.633085018015243861e+01 5.220278337164305782e+00
5.844600540899536512e+00 9.829572259130026524e+00
-1.948229504083500885e+01 -2.958317053068386926e+01
-9.608569952483495058e+01 3.546859905490263198e+00
-1.765701477824079575e+02 -6.398184575455637457e+00
1.474083099676469431e+02 4.269184862435308148e+00
7.935866327903781325e+01 -1.229732927806872844e+01
-1.356238007519677780e+01 -1.426849407631958400e+01
6.463161732238219770e+01 -2.381143126555669554e+01
6.041653259375725327e+01 4.695013744890717433e+00
-1.712406733049718355e+02 2.831003340535865220e+01
-2.828547281803522750e+01 -8.824683312911878019e+00
6.413429810989747182e+01 7.014771781924282301e+00
1.582999047300848083e+01 5.528122676486297848e+00
-4.949080574834579949e+01 5.330394012794928971e-01
1.211758843609581788e+02 -1.425292413009479198e+01
-1.664003600176806117e+02 -1.150669724429220153e+01
3.432926245742136473e+01 4.397346772855640040e+01
1.319191700657501087e+02 2.061596837596775345e+01
-1.024655487517623698e+02 -1.014717261076179611e+01
2.209530122357629409e+02 3.877489560905781119e+00
-1.143526556454490617e+02 -1.005703054104375660e+01
5.681654288164152433e+01 2.636744251898848201e+00
2.959177092455421487e+01 -8.405758950866358603e+00
-2.928343231972288407e+01 -1.295176265967074247e+00
-1.635765169675512709e+02 -1.108546908676974141e+01
1.047218327086915934e+02 3.277124232059120601e+01
1.010663961308582088e+02 2.057105406661469793e+00
-1.630148745374913517e+02 -2.929571611145653520e+01
7.373844580360255918e-01 2.538532085903447211e+01
2.683303533674529717e+01 1.965409911481892991e+01
2.572695182383188239e+01 -1.443047077231281605e+01
-3.461589409286472119e+01 -1.253727321667187944e+01
3.929285555106215355e+01 -1.536233363650869954e+01
2.099241245688030233e+01 2.353189972683583875e+01
-1.267987895260503990e+02 -4.700763724069219052e+00
-1.539569435143409635e+02 1.596809169159009123e+01
-6.648202568229562814e+01 1.267669211445585198e+01
-8.035261744964157060e+01 -3.986889097786809444e+00
7.772888512449091536e+01 3.923163736348293895e+01
2.236314046795585142e+01 -4.689772983665498174e+01
-5.122432661830275435e+01 -1.424084218286097503e+01
7.621749437599208932e+01 3.261128119012951743e+01
3.186189583892891974e+01 -3.287137167479039590e+01
4.247803157816498754e+00 -1.592043991237631495e+01
3.537562757698722038e+01 -5.999413272895509408e+01
-9.998164557071328318e+01 4.449524833090413800e+00
4.992495236742688292e+01 -1.292527191982110146e+01
-6.638583206271333381e+01 5.876184054972358517e+00
8.826821789023348686e+00 2.888728117206478707e+00
-1.052307996083313384e+02 9.124136440009131377e+00
6.967607329622214252e+01 -2.708238881484762928e+01
1.080151366632750438e+02 -1.793766726878671847e+01
-4.350907575992026466e+01 4.137536666587728718e+01
-2.586307155657275558e+01 6.541236571756086526e+00
-5.960078267852992440e+00 8.423039669023109965e+00
7.381416159379806174e+01 1.897942949148677627e+01
-1.237110016212793511e+02 -1.570135566047781772e+01
1.832982156199129520e+01 -1.136241573924679749e+01
-4.096276180401020595e-01 3.068961958481453678e+01
-8.296781645350787926e+01 -2.341926114045640439e+00
5.736696797173946294e+01 -1.485987059265072219e+01
-8.020919231691467033e+00 -2.380412881855491847e+01
-1.456933028356149293e+02 1.482968630438365842e+01
2.506637398657241178e+01 -1.035107683071929019e+00
1.286182181199059755e+02 2.325113830094490908e+01
1.410743528391667496e+02 -1.872734215676974401e+01
-1.139904753344863586e+01 4.780391199283963743e+01
2.062145045646441588e+01 -2.849282713695490799e+01
1.272835313296879320e+02 -1.543583812917102627e+01
8.708950502905609881e+01 -4.060671770896276911e+01
4.256104497408250609e+01 1.582301970635671573e+01
2.896562424484307741e+01 -6.142511901285153009e+00
-7.440102730467479830e+01 3.054740957243164701e+01
-2.003905914667609238e+02 3.207492504871103023e+01
4.104644237163908826e+01 -1.376942057801758956e+01
2.858416070470457271e+01 1.843815722331726903e+01
1.488550864921027141e+02 1.649508124945218412e+01
1.637743885514073483e+01 1.232940264389704943e+01
-2.873061314495642193e+01 1.653741602489080975e+00
8.287342401502371558e+01 9.027781483677955521e+00
1.775735233250517240e+02 -3.090387780517013283e+01
1.777348459213106935e+01 3.800521980435752312e+01
-6.156784311791499675e+01 -1.788637526642075315e+01
9.112139229890084735e+00 -1.161720060248875797e+01
3.040559081931912822e-01 1.307534505176395356e+00
-3.864706387716528013e+01 1.819572926547804670e+01
2.857385206888942264e+01 2.193447384861904936e+01
9.099632081489235702e+01 2.404247705166824012e-01
1.147255750887395322e+02 -8.510670631969778910e+00
1.063348973072213681e+02 -2.251475924042214771e+01
-6.822320221411519015e+01 -5.080498669496125075e+01
6.638598660778065152e+01 1.494902813336581104e+01
-5.631829183330061284e+01 -2.171811065554756670e+00
4.752052383235373156e+01 -4.523580889070726840e+01
6.157927598593393270e+01 7.051195811677356318e+00
1.193117049447651254e+02 -1.929859250492260259e+01
-4.497151027719327487e+01 1.494418607192320181e+01
3.256060576755440650e+01 1.537200075520302711e+01
1.942815527836382330e+02 7.362561416435957184e+00
1.106023777209962233e+01 -1.803622694976269258e+01
-3.442517233592980830e+01 -1.909144339799653523e+01
-1.256636525699905249e+01 1.537857949305334948e+01
-6.453778501606107909e+01 6.747303005049721136e+00
-2.656276906574348473e+01 -1.670870384407211162e+01
-4.770819016513772226e+01 -5.566058714959465359e-01
1.127921118396165099e+02 1.106323139001774436e+01
1.585227030807976973e+02 -1.952710316698129844e+01
9.675571033948060062e+01 -2.619138387832716930e+01
2.517682379162687667e+00 1.880661351292622641e+01
8.539863869220040726e+01 1.819728038788612423e+01
1.013542543039805395e+02 2.201894657252087129e+01
1.340600633645718744e+02 -2.972702029025404258e+01
2.447166402780729300e+01 -2.982750535474781373e+01
3.739659276210583982e+01 2.439847169326323595e+01
5.860336089114505853e+01 -8.891566334283300677e-01
-2.823790384124442809e+01 -2.026163624918890704e+01
3.967895604353732608e+01 -4.091137122605791099e+00
4.364506348353562970e+01 8.449200903035189114e+00
-1.257727815554956834e+02 1.261943805839769794e+01
-6.506238041759046098e+01 -4.886195834196779053e+00
9.248288000786598673e+01 7.231484368194110779e+00
-1.021745966416724372e+02 -7.911260514531724297e+00
-5.053258469533515296e+01 1.031680975591110716e+01
4.713591939428193101e+00 1.480616321719974060e+01
-1.207930512150531399e+02 -5.026612302150147116e+01
1.975703278540036365e+02 3.462135778141993026e+00
-5.300994244601689331e+01 -1.062725141631172754e+01
-1.347673532469931104e+02 -3.573826724930415111e+01
-7.266533318932898666e+00 2.174991558697879057e+01
5.233113481250295251e+01 -1.739931308622252004e+01
7.997708132677655612e+01 -4.063938732173909330e+01
-1.064127236852119154e+02 1.753554043489431180e+01
-1.013537055726914531e+02 -4.768186608637036272e+01
-6.239690145135730148e+01 3.211444342971196164e+01
2.295166174234338996e+01 -1.120501630812980182e-01
-1.639946663407515075e+02 -3.179150344064381883e+01
5.019796017171613833e+00 -1.759047251653561261e+01
7.491321635949044833e+01 -2.385547707879724300e+01
-5.764338436738501770e+01 -1.331930170513657430e+01
1.536823125489997608e+02 -1.734585510651144347e+01
1.702409378915803018e+02 5.492741911941770638e+00
-1.344936791585199387e+02 -2.276434128577673732e+01
-5.085052063601277261e+00 -1.088526499247273982e+01
-9.883493145806278690e+00 -3.702734006712010473e+00
3.199818485056171369e+01 4.127499869243174135e-01
-4.349257311707681595e+00 2.659866900753838248e+00
1.074105296929141247e+02 -8.964981653958156826e+00
3.778258995214923743e+01 7.058273278839713782e+00
-5.783710264763644204e+01 1.117387623119718620e+00
6.141370321799224996e+01 3.077792673357307507e+01
7.762033932118477253e+01 -4.022724408413474606e+01
-1.010021486880649633e+02 -2.163373592800794665e+00
-5.787994191634231100e+01 -1.304734755720022044e+01
8.331474463509944428e+01 -2.872516137663801672e+01
5.067409076489666830e+01 -2.023972635360828320e+01
-1.125646864074408171e+02 5.115034913626585933e+01
8.480219706088038834e+01 -8.323204907803647856e+00
4.059189720925596845e+01 1.748930647427533103e+01
4.000955940832427160e+01 -1.122269564819800891e+01
-1.185366729858572370e+02 -3.217035387797653190e+00
-5.654603543489185924e+00 2.571231110154675648e+01
-7.311988086736138825e+01 -1.996874167021881163e+01
7.209316339338640578e-01 -9.200570825663167085e+00
-1.298073990517401057e+02 8.896262183134231449e+00
-1.096591328706352328e+02 -6.060232029205172566e+00
-2.225771653631465341e+01 2.343193445978185352e+01
-1.192525251489854199e+01 -8.696917681359765950e+00
3.128099287499152581e+01 1.224102776413901594e+01
5.446520151759852268e+01 1.974937182517233225e+01
1.576710905283957516e+02 -5.914326898180997105e-01
-1.287501462016790583e+02 1.259337459650954338e+00
-1.139482021466899226e+02 4.628737075701979897e+00
-7.508221135462611073e+01 -1.767167587733066014e+01
-3.058823668181728195e+01 8.499821235771685579e+00
-1.044400890475578336e+01 -9.620126513610859575e+00
1.745477345740421171e+01 -1.382289105722524525e+01
-1.407152108487034354e+02 4.120229471061983162e+01
7.958674481312175431e+01 2.962776958077121847e+01
-1.095731073888707243e+02 1.509093237594655257e+01
-3.949798368705125284e+01 -2.594039098405901456e+01
-1.108211613872828991e+02 4.227733640320703046e+01
9.539684580986950380e+00 6.558917324775807245e+00
2.153110385194224108e+01 -5.281246200234654964e+00
6.273227088636831894e+01 -5.167067584695180926e+01
-8.571847236123018376e+01 -1.260104858376175585e+01
-3.493662528701258907e+01 -1.075665291841032101e+01
-8.107950830130609177e+01 -8.216885032242215559e+00
-1.437211694782534153e+02 -2.820151771664993312e+00
4.466975069328702475e+00 -2.491235503012177688e+01
-1.055207779202678751e+02 -1.083605592999890987e+01
9.706792791183333691e+01 5.793669411083362419e+00
2.069927984925192632e+01 -1.327333984099940523e+01
-1.605140284847143732e+02 2.531105175892950854e+01
-2.747839532606252533e+01 -1.042077604213840658e+01
-3.430522694171818898e+01 -5.186606627169839889e+00
-4.886021363291277453e+01 -9.644720265011798688e+00
-2.205140909953570372e+01 2.343941786329775678e-01
-1.643971007704380938e+01 -1.114780629963138736e+01
-3.455270097968372767e+01 -7.139864739013115802e+00
-7.624939758636971021e+01 5.788721252495619041e+01
-6.352957479777816019e+01 -1.869943483753107927e+01
2.948445625802751735e+01 1.573470114868987757e+01
-6.982358855452307012e+01 -2.212346758053493900e+01
8.889383998771688056e+00 -9.704129953711069234e+00
4.199120583472187640e+00 6.052179410970842888e+00
8.719683672312601885e+00 -3.130480477622827351e+01
-9.151338916331640760e+00 -5.493021824847858170e+00
8.729916181749271686e+01 -2.954622046520742273e+01
-1.124555316713853728e+02 -1.726803882101249599e+01
6.857846913758805840e+01 -9.400107999976976547e-01
-1.550566325659967788e+02 1.169352753589558525e+01
4.204405287337957020e+01 -2.175305681815550329e+01
-1.175088962107553954e+02 7.930441896697465687e+00
9.329912233573988090e+01 -2.465353389479719937e+01
1.454942889992780124e+02 2.601524665039072914e+01
8.049401023137414768e+01 3.804242593383139859e+00
-1.310885173469879987e+02 -4.920642708758895978e+00
3.331885728959068871e+01 6.132392510680372055e+00
-1.674260727872215853e+02 -1.307234928184733214e+01
1.215519546851916317e+02 -1.932624350837658866e+01
8.137796551870951589e+01 -5.153872032377334378e+00
1.248610713039992959e+01 -6.305425743472102162e+00
7.165469113142360413e+01 -1.183355627298237955e+01
-6.580004133389076060e+01 2.494784713456050795e-01
2.753104862391618113e+01 -3.809920721346042427e+00
-1.185456245564987654e+02 1.108700485373823241e+01
-3.073834754703455019e+01 2.994187049638865972e+01
-6.049211549884824279e+01 1.318646181208499257e+01
-3.107136776668289357e+01 -2.657545088132271260e+01
4.683077940458583299e+01 -4.372460286411720354e+00
-9.880346102443958500e+01 -5.750460480361932802e+00
-7.495462196972620461e+01 -6.538305219064822893e+01
-2.727909213681265044e+01 6.491943356480536664e+00
4.952381090092843152e+01 -2.935740727966631525e+01
3.742346977071081326e+00 -4.288953651918498089e+00
1.534076493658521656e+02 -6.139844428359986672e+00
1.731365915575210011e+02 -3.237017324559517739e+00
-2.386535028765539224e+01 -4.169866606710110801e+01
-2.486775095209230013e+00 -4.089860213041030335e+01
8.817721235272886204e+00 1.657953487013043414e+01
-6.967443354981291748e+01 3.884599226804066330e+00
-5.189755157750651193e+01 -2.551925806426374521e+01
-4.850501085870487827e+01 1.029354593955009278e+01
1.110441258138920659e+02 2.944162425489611490e+00
4.598801846688335360e+01 3.099202867756526913e+01
4.164948972061206689e+01 5.463884358279801567e+00
5.214165015452337570e+01 3.228459996320609537e+00
2.583721046745133521e+01 5.394394910655414321e+00
1.796399432586762757e+01 -9.297355327128922653e+00
-2.429459221051273321e+00 3.214780440546515194e+01
-7.870636411882006200e+01 8.062914688779230232e+00
-7.711246108866691884e+01 -1.156472754669312408e+01
1.181834547408750211e+02 -2.636879903923419732e+01
-1.735720151152459039e+02 6.842753843071663233e+00
1.259692858476093278e+02 3.852252992966826550e+00
-5.807076583521797630e+01 -3.651293588668116374e-01
-3.828765403679629031e+01 1.828470518617040597e+01
-1.474723338223325264e+01 1.637035766504971690e+01
2.487078287105558871e+01 -7.078061564183170340e+00
1.748617410244363271e+02 -2.603938976141566286e+01
7.842594932544574249e+01 -3.294058884888628747e+00
-8.489663319771542760e+00 7.134570846092955776e+00
-1.382819114356749139e+02 8.709965920450303045e+00
1.174350312309531041e+01 -3.341685301974847278e+01
1.061081627940504823e+01 2.965011474053184060e+01
2.996445214600168683e+01 -2.755837497244488077e+01
-4.900410412509358338e+01 9.356407122055367509e+00
-3.377069211682350414e+01 4.783917825211715069e+01
5.101124901239456477e+01 2.854815974368958109e+01
1.477003026777043715e+02 7.202026636058144859e+00
5.587882963705546047e+01 -1.583902627730431689e+01
1.166423900507048046e+02 -1.777857744859229783e+01
-5.373637424591277068e+01 -1.825207616496825835e+01
-9.154537363722158716e+01 -4.177187274409894790e+00
1.009080449502798587e+02 -1.746842329297746232e+01
-8.030875837592020616e+01 -3.872376659237556851e+01
-2.808468058691326519e+01 -6.318060117634029638e+01
1.447879680813607450e+01 -8.518952074166314503e+00
3.008244569419220227e+01 3.365198050036291733e+01
3.288014686009135801e+01 3.738355183168048512e+01
-5.212374418992984459e+01 -1.691101453201671134e+01
6.811302255919518700e+01 4.702979559097505557e+01
6.525978678020361201e+01 3.070498993908264040e+01
1.605991878852929062e+02 2.230518530077742412e+01
7.082678554181224229e+01 4.043656893947727760e+00
-3.615918344213010727e+01 -2.627844484642095857e+00
7.446972731742884655e+00 -2.946221982043265797e+01
-4.600323335756583276e+01 5.946619123589201195e+00
-1.055866596176416472e+01 6.065881092361942173e+00
-1.006793478942073250e+02 -1.886528266035454138e+01
4.512769866893383153e+01 -2.162665941594784869e+01
1.510388418938991606e+02 -6.863718405933044941e+00
1.055931957863301562e+01 -3.843409973991316897e-01
-5.240525865304696396e+01 1.057916208492607169e+01
3.111850338892657675e+01 3.862821928445032427e+01
1.274447008589309149e+01 -2.700831456286372045e+01
7.066591305046026150e+01 2.276105497008495604e+01
-1.339506443805421654e+01 7.697998915301640821e+00
-1.392656600308213513e+02 6.710080129760926049e+00
-1.530800708342934229e+02 9.410070628554755956e+00
1.632020647046611828e+02 -7.556414641152706224e+00
1.425735184145509038e+02 -1.405379918611894929e+01
5.929670434305825211e+01 -2.589362890320131427e+01
5.209651897087893246e+01 2.479526314669098497e+01
-6.797182505021129373e+01 2.524189816470786552e-01
2.684282329507134790e+01 3.769081417356088082e+01
-8.439267758526899144e+00 -2.603481270130622249e+00
-1.309048820063975960e+01 5.991256999094072455e+01
-7.389655736010325882e+01 -1.928585238988708639e+01
2.499127932333811586e+01 1.757741235185966389e+01
-3.179426487004380419e+01 2.059638693150379396e+01
5.782461315352468745e+01 -1.549385448027243761e+01
-7.521715834008981005e+01 -1.193797255992108752e+01
-1.974958597335340187e+02 -5.848384446824613780e-01
-1.069603041138903450e+02 -4.442529292834986876e+01
-8.393417797513748724e+01 -1.567235831387217360e+01
-1.195398402782932550e+02 5.586221097366493860e-01
-9.482021613210602595e+01 -1.012505224842728779e+01
-3.898929725628323695e+01 5.145578733525686843e+00
-7.004070117370918069e+01 -7.023633859866963292e+01
1.104489896830389783e+00 3.229063277314607205e+01
-7.243074133079919363e+01 -5.822629180649654401e+00
1.542667887002416762e+02 3.086916004593142659e+01
-1.412805195772371576e+02 -1.076629218357054008e+01
-5.424044476059017938e+01 -8.968813806737166772e+00
-1.846313377971480634e+02 4.379559214920342392e+00
6.393090048749103360e+00 -2.517257355763418047e+01
-1.577781242020297903e+01 -2.733775540597718035e+01
7.295239488223890589e+01 -1.961088393166033450e+00
-2.717190658279597315e+01 -2.515213555000648782e+01
-5.843134038603636782e+01 2.556609606749593055e+01
1.946318639965786801e+01 -2.683770365172781069e+01
4.944475945582820486e+01 -2.207793115217752700e+01
-7.999146874703176024e+01 -4.760543069882660205e+01
1.132630517309127214e+02 -3.032043506544315647e+01
-7.677384182417141290e+01 2.704284799257019145e+01
1.844217403152109398e+02 7.362519756604390508e+00
1.256259887492128655e+02 9.144329308914516119e+00
-4.817398326257563212e+01 8.905481638687383850e+00
-2.708531601542629019e+01 3.320357896951131949e+01
4.457758636476289382e+01 2.299570263775751755e+01
-2.775360857326151631e+01 -4.181880509100536436e+00
1.355465333607353386e+02 5.615587433678883578e+00
9.296389644087270199e+01 1.385175092814161424e+01
2.726198563800301500e+01 -2.377501016006274881e+01
-5.758814825285907091e+01 -9.141647573597863285e+00
7.138889535563214395e+01 3.870982625688000667e+00
-7.055455925552938368e+01 3.859319138207858657e+01
-3.441307309482996857e+01 1.145114306620046740e+01
-1.049688046312479486e+02 -1.892707466661029159e+01
1.262046471537439345e+02 -2.298406232335190680e+01
2.440234986318990096e+01 6.101380179698717043e+00
5.386743768665403564e+01 -9.473876823372924250e+00
-2.485713592591868348e+01 1.298699774875413837e+01
-9.674984922156198763e+01 8.923645828801682001e+00
-6.868587999885531303e+01 2.742768502976666056e+01
-1.261851411186360927e+01 2.887574652264501651e+01
1.121031244834878464e+02 -5.208735301731979739e+00
9.341537250095250045e+01 1.666719145667283408e+00
-1.088952634673266218e+01 -2.349587697016574239e+01
-6.274949243020640921e+01 2.054598871474322763e+01
-1.168240231718784727e+01 1.971753140292009832e+01
-1.130784066067588469e+02 -7.022489828648645016e+00
4.542665530151932529e+01 -8.992816348191102094e+00
-1.283822679244767784e+01 1.683387179460180505e+01
1.071176452924941458e+02 3.564052383715255701e+01
-1.923554885741689020e+02 5.378709717157255099e+00
-5.753486191710513964e+01 -2.111073431569475289e+01
-3.425941669244939192e+01 -2.873529397350169390e+01
5.283010390074455387e+01 2.377090889335648072e+01
-5.076689799691447291e+01 1.829361171728873003e+01
-9.096043619491764787e+01 -6.533752144669743522e+00
-1.176822619220943977e+02 8.930353747308579671e+00
-9.845745020626632993e+01 -2.297463810687605701e+01
3.098023077334962139e+01 -3.005604691147162111e+00
-4.211445630360508119e+01 1.928497727840538545e+01
4.183775802708571945e+01 -3.363746519805252433e+01
1.422882078411953444e+02 1.895880388901649738e+01
1.587107101850500328e+02 2.704286334201345099e+01
-2.729673143261274504e+01 -1.383206264367561822e+01
-1.310947616335806174e+02 -4.620397483601145439e+00
2.104773881865785867e+01 -7.168397753303650255e+00
-1.475290287606459572e+01 -8.432963018775300412e+00
9.499779087131611277e+01 6.624532405636258225e+00
1.183793751819427058e+02 4.791547004227691531e+01
9.045841494537370409e+01 2.933159634759277523e+01
9.416922294052741904e+01 -5.339796009588149595e+00
1.335913096085047691e+01 1.914333337254667100e+01
1.473859192250400696e+01 -2.464920095231496688e+01
-2.456951602953267511e+01 5.730100968472183354e+01
5.736860157511713254e+01 -2.286906011896895663e+01
1.121087263155310580e+02 2.870658697014359007e+01
-7.241035481668409091e+01 9.308174242857464975e+00
1.352543477269752543e+02 -1.668878964019161160e+01
-6.151991481894870617e+01 2.742204069000860045e+01
1.626616573439615365e+02 7.374426017347728290e+00
-4.419108577130536730e+01 -1.599977673792654365e+01
1.919540152044069359e+01 5.320938118777735149e+00
-1.240892682346940177e+02 1.723933104130806626e+01
1.552643819769785161e+01 -2.090629633775073515e+01
4.561758759544566288e+01 2.022689835439224382e+01
5.514476032245313242e+00 -2.423062270678848051e+01
-7.048928359546185618e+01 1.230796071778795486e+01
-5.741202377361675957e+01 1.847824684259234118e+01
-1.406375504915048325e+01 3.362293302326967392e+01
-6.392128608845692384e+01 -2.744962885440914491e+01
6.289155796252303077e+01 -2.643410425227418159e+01
-3.607564952575341977e+01 9.408461082963205158e+00
4.199924536843252731e+00 -3.520023838525029447e+01
4.574198146081852201e+01 -6.474618278643366587e+00
3.581273361053224846e+01 -3.116357119486846727e+01
3.034472336685206884e+01 -8.911473719100452939e+00
4.350761676770027719e+01 3.998292020954776760e+00
6.263856997461994780e+01 3.890512221263612958e+01
1.420053272757227774e+02 -5.743214173775463394e+00
4.574294888651255064e+01 -1.156111107070902122e+01
6.697988864279625432e+01 -1.915513459638437666e-02
3.538687160362355399e+01 -1.784595278401196339e+01
-1.289876224521307257e+01 4.921432561524403226e+00
-9.375497202916014317e+01 2.696435951455774571e+01
9.339399781986908522e+01 1.489258322364879561e+01
3.394162792656496919e+01 -2.501942589111931170e+01
-3.863137068524139295e+01 1.654120543958540779e+01
6.432205963879916055e+01 -1.838383770516507809e+01
-1.240927790257315024e+02 4.584160423962056541e+01
8.628856771863739894e+00 -3.631262387186285423e+01
5.898947975932188825e+01 4.834943191722708811e+00
-4.150453116137193632e+01 -1.988628526873448266e+01
-1.001014959301468821e+02 1.546017227739523747e+01
-6.605955211157854023e+01 -5.261037862207616378e+00
5.968224131089274920e+01 -2.402548201768952651e+01
2.426537165034895693e+01 1.780189020889092433e+01
5.518448012520744328e+01 -2.477672062669353803e-01
8.047230673528578393e+01 -2.291852026959506006e+01
-6.798954412032324868e+00 7.826980863957039958e+00
-8.564243720782063463e+01 1.596088368391763934e+00
1.524806336853194750e+02 -5.108035920289720089e+00
-7.467608583060220440e+01 1.562643761933486708e+01
-1.432193572572622742e+01 -9.218170904330925453e+00
2.314052931870341183e+02 -1.240227078932522042e+00
-3.669519361159386506e+01 -2.814623804379576555e+01
8.125763891064138988e+01 -1.746786337937500377e+01
-7.898629676683162870e+01 1.018909354599152728e+01
3.898776086390125073e+00 -1.964197590357843026e+01
-4.351744012545960771e+01 3.211876642001814020e+01
-3.498633320233195576e+01 -1.441646085861314219e+01
-1.190379809013165442e+02 -4.481586686269738884e+00
-1.158880640031524791e+02 -3.547151883738780498e+01
-3.341373429495464364e+01 1.520318186105885339e+01
5.692503001701153664e+01 -1.965945812162777884e+01
4.232086530895276155e+01 1.339484296153291609e+01
-2.555583606319592604e+01 -1.017065571044347116e+01
-6.243196484153919101e+01 -1.126594134909694134e+01
-1.264612136338808739e+02 -2.028761941137418034e+01
1.047051298945828961e+02 -4.911141771203487494e+00
-6.725921706300678693e+01 -1.646680580274040295e+01
2.809875340507258912e+01 -1.610937067541680756e+00
-4.659712113383103116e+01 -1.074290741050134734e+01
1.582809225224962404e+02 6.222802986788614099e+00
7.953771319058778033e+01 2.030552998187578950e+01
9.917857549396032368e+01 -1.436028058709882238e+01
1.463988345786242107e+01 7.338591098076975072e+00
-7.246055314590084606e+01 -2.980014643743001912e+01
-1.119748850173412507e+02 1.740489733410535678e+01
-5.361570526219949784e+00 5.345934213798865242e-01
4.096072091687832994e+01 -3.298614114905911610e+00
6.310379184124737861e+00 -2.065882577875257198e+01
4.351230972265408781e+01 -1.770573260647319458e+01
-3.299566985986283729e+00 -3.029021439408641925e+01
-4.604489437290112619e+01 5.625896205884761692e+00
-1.104725776579334422e+02 2.183339058065809080e-01
-7.320315236894632704e+00 1.744487651336534384e+01
-4.656445577286077508e+01 8.171794533985528020e+00
-7.418935992083207509e+01 1.055922167099947728e+01
-4.845545527186758505e+01 -1.585321661780043812e+01
3.163539125942791230e+01 2.492650543342337954e+01
-7.158188373555067585e+01 1.315128800676268028e+01
-7.603596157036173508e+01 -3.398812768909618143e+01
-8.551839252777037714e+00 -2.937119191592664791e+01
-1.340804692837834295e+02 1.347857452495466468e+01
1.640837018467180428e+02 2.715114350014296818e+01
-1.618147838278088813e+01 6.167026238270969962e+00
7.807674753041112581e+01 3.313881559577095004e+01
2.018637735588987994e+02 -1.617772702761603654e+01
1.064040006382063268e+02 3.777677486847612442e+01
-4.264639207923575981e+01 2.161622704422278218e+01
7.200249502025661741e+01 3.255471693171905656e+01
1.167413319024299483e+02 -2.817327957665933624e+01
-6.390259866932969857e+01 1.677435591222312539e+01
-3.294181356628951107e+01 2.460478815595681112e+01
1.151516867830649105e+01 -9.584903051462774215e+00
-3.061004081273460287e+01 6.906995897369610304e+01
-8.838932507484989287e+01 -1.129533769569522228e+00
1.087788573001457166e+02 7.074046038084717658e+00
3.276505337235504811e+01 -5.165043517768408776e+01
4.217768604153259560e+01 -3.712101302133071812e+01
-5.544406278823303325e+01 1.883531215109891743e+00
4.071999722286170709e+01 1.072796262323415384e+01
-1.489057953011156030e+02 -1.203190891846074173e+01
-1.884866435623326879e+02 -6.983601589507402174e+00
-3.305873628524903296e+01 5.649297768363048533e+00
-4.280752010727200485e+01 -2.933533694921227308e+01
-6.059263084266132893e+01 2.313866928410567780e+01
8.786884536021251790e+01 -5.084660906058888230e+01
4.908800548218779092e+00 -8.021609113024489091e+00
3.872397344069430147e+01 1.407231633908570778e+01
2.977870670223187943e+01 7.480997782539536622e+00
1.519319349069066618e+02 2.739024689728393636e+00
-1.797887474242237937e+00 -1.974396286399865019e+01
-3.095244854773523002e+01 -1.558493727565129205e+01
1.702015624851595987e+02 1.457221978061228640e+01
1.565933021559837925e+02 1.657145408036716949e+00
-4.750013114681301829e+01 1.927039234227592601e+01
-4.109258198388585726e+01 -2.813988699213623690e+01
1.002508297768324041e+02 2.441954019207061677e+00
-2.353950635056605378e+01 -1.880922702543485769e+01
-7.721505214507144998e-01 2.005934218582779138e+01
-7.300622256631316986e+01 -2.518732134321572502e+01
-1.137218901362779775e+02 9.822602925888851422e-01
3.210585046954863486e+01 -4.565013774799322732e+01
-1.280364006737502791e+01 7.141291664976642473e+00
8.490882570500360771e+01 -4.506262574925390396e+00
-8.861439298021991817e+01 -2.112183361109773472e+01
-4.914143170020560802e+01 -3.890049179284874015e+01
4.043429911157289780e+01 2.596007256597526958e+00
8.829525750798335082e+01 1.530902883313482832e+01
-9.985821523567476277e+01 -1.196333535057440889e+00
4.552766525739685477e+01 1.020054953379517393e+01
-1.154263431967341660e+02 1.913849697247072257e+01
-1.098512773920387531e+02 2.655633319633620459e+01
1.134038468607083701e+02 -3.584450306528817976e+01
8.692445951747870936e+01 3.863067391154016761e+00
8.902013870109841776e+01 7.643857034185939092e+00
7.412712352627012535e+01 1.628036892697054228e+01
1.165080977504822499e+02 2.203756232355017275e+01
-8.008097664960610018e+01 1.913151423742247914e+01
-6.279946025460120040e+01 7.277643059113291457e+00
1.066942118773812069e+02 2.937691571428990756e+01
-8.955698087025585608e+01 8.617094713579884768e+00
4.023634257060064101e+01 2.704636305212766434e+00
-6.241260021167103389e+01 -1.857470190520962916e+01
5.775272926784448657e+01 -2.997313632510250514e+01
-1.956623231798120059e+02 2.396322991650675505e+01
-1.147848830484935263e+02 1.350188729491104311e+01
9.669473715706273254e+01 -1.348967387743978819e+01
-1.887228288966318530e+02 -8.305959513315922749e+00
1.251699703193212656e+02 -5.952123189293066829e+00
2.956242972483819997e+01 5.440292163912975809e+01
5.474668629530462738e+01 1.028150435148621789e+01
1.444828777421323274e+01 -4.993519621343269210e-01
-4.457443560518080261e+01 1.043215318307171557e+01
9.587670029113644432e+01 -2.923891807910463214e+01
6.820074433560409943e+01 1.472307449339491825e+01
-2.622449287417244257e+00 -3.804079168410105893e+01
2.472219293805682483e+01 1.037477563948979054e+01
-1.455901822027915102e+02 2.931775177858626069e+00
-2.283707766341785472e+01 -2.449198329178904032e+01
-5.757849067791932640e+01 3.529495882573025511e+01
-1.325080821029060871e+02 -1.367222378606294342e+01
1.260227849263148130e+02 8.811637575823770829e-01
-8.038662731787982807e+01 -4.300299875394156146e+01
1.697355446715381220e+02 3.712722009557324343e-01
-1.176270144133784896e+02 5.195928183109128184e+00
5.410282145391622066e+01 -1.377088544479415155e+01
-2.035537103949724269e+01 1.544560231073142020e+01
7.743410805051522061e+01 -2.903731415034851437e+00
2.782191832790296715e+01 1.294970343061286577e+01
-1.200410018037742965e+01 2.228003499327976655e+01
-8.787924623885267295e+01 -1.825048185001883372e+00
-5.230802573749133444e+01 2.027087376230470639e+01
1.732588366142148573e+01 -2.427127572965991575e+01
1.105759835493449117e+02 3.047496488493819200e+01
-8.365902028030292570e+01 1.006249171532587994e+01
8.533687687988658865e+01 -1.824575964342001200e+01
7.831740403838217901e+01 -1.392661112974276350e+01
9.379945913082597997e+01 -5.416425309752074035e+00
8.765280037634441612e+01 -1.092663228988317492e+01
-3.155700994030179984e+01 -1.466560933094677388e+01
-4.312231244278929410e+01 3.542965718890729931e+01
-5.396500354373282704e+01 1.099288083790218451e+01
1.201259853472816808e+01 2.039371707729419470e+01
1.060643774851286736e+02 1.274760363382219375e-01
-5.285117718475903814e+01 2.518545141472963778e+01
-9.807059048151465674e+01 -4.891045010472284815e+01
-1.588416621092115406e+02 -1.674292116063530500e+01
-1.534119927065478635e+02 -1.091882255919280276e+01
6.548902430428825028e+01 1.212298197289867652e+00
-1.162619412574785258e+02 -1.192314023837001535e+01
4.566345717737175391e+01 -5.708151402412307007e+00
1.279345666882274628e+02 -3.533335042755875399e+00
1.402023762839171468e+02 1.079305036489272673e+01
3.731865710008360093e+00 1.946276006227721567e+01
-2.819965651275761687e+01 -2.152734193003089302e+01
-3.345433634021398461e+01 2.825095978839952693e+01
-8.858902734564534143e+00 -2.553580517076031953e+01
4.542022254627150346e+01 -2.569504386317683498e+01
-5.370343342630530259e+01 -1.124297696863365736e+01
1.363577924748107648e+02 -1.948860773079918474e+01
8.823419931103764213e+00 -1.594788215406113530e+01
-4.525385239051930597e+01 2.393327842925823035e+01
1.333175214444322876e+02 2.031266771010999861e+01
5.468530306480609937e+01 -8.807736140827817906e+01
4.330031166035822565e+01 -2.365745055462427970e+01
-5.954525018149113613e+00 1.018478939241395125e+02
6.545944714724059033e+00 -9.206655755758074378e+00
-2.403112957083730805e+01 -6.228417280579159332e+00
2.382151890363558877e+01 7.111425828563086249e+00
-9.176604807639677119e+01 -7.212509094007572230e+01
3.831061273776287379e+01 -2.314222503620343119e+01
-8.330703169467759039e+01 2.013767334496638384e+01
1.299920956189244237e+02 -3.962217665878202411e+01
-1.396868002301936684e+01 1.195910061617631115e+01
1.385522989051025320e+02 8.058626164327655772e+00
7.046075795111107709e+01 -7.905620829871250699e+00
2.436431918756285242e+01 3.086868404746499905e+01
-4.680004233054461338e+00 -2.849097485936222807e+00
-9.907466276401743244e+01 -1.589367335676696635e+00
1.512775621795453844e+02 -2.501465757893246789e+01
-6.882875804469631476e+01 -2.410816388158540136e+01
1.022503797977144018e+02 4.976354745323082085e+01
-2.317517770524025167e+01 -4.338368814454575784e+00
-7.598972996762695686e+01 -1.464571004805708299e+01
-9.831740193819229034e+01 -7.476413970418205324e+00
1.081142842703576008e+02 2.787284426630990097e+01
1.400481317386063118e+01 6.439343791899775127e+00
1.428583392177673090e+02 1.062609471050948251e+01
-8.745482644805025529e+01 -7.495971797624474853e+00
2.765744894711427904e+01 3.706903542687290720e+00
-1.470715523677959524e+01 -1.544824763682923319e+01
-1.537895488445690440e+01 -1.405662503795769602e+01
4.466084600695388040e+00 1.733368419989441733e+01
-2.256908902208974865e+01 2.055801158885560920e+00
2.614389218433747786e+01 -1.019458578161057538e+01
1.448954768397937585e+02 -2.700556581959100555e+01
1.275309176026730142e+02 3.335588233180965645e+00
6.298610654958831212e+00 2.245988311141912330e+00
-2.196927589863076946e+02 -1.751106377606252096e+01
3.187234404492589945e+01 2.412820390267743065e+01
-6.183474920338046843e+01 -4.958290604672511925e+00
7.934015571320085769e+01 -3.505683691748499697e+00
-1.330940621922554712e+01 -1.028620329497156405e+01
8.881685064563625076e+01 -1.082272818352910271e+01
8.031001821750430736e+01 -3.661114865576704513e+00
-1.343953376501187620e+02 -1.047144107431841320e+01
-5.537930379992638308e+01 -5.052210016218550592e+00
1.931553384211839486e+01 3.504382763424729319e+01
-7.307370618264727113e+01 -2.470528553947741912e+01
-5.240792811066984314e+01 -2.439193913610093034e+01
1.240297513261463394e+02 1.840105472157696909e+01
1.699457786779285229e+01 -2.337174791220473580e+01
-1.950303433849130670e+02 -2.066914271625306299e+01
-1.245097528361380625e+02 -2.175163171120466643e+01
-7.408706278906535658e+01 1.583878228764075047e+01
1.895956388595606370e+02 -1.446231533490497601e+00
1.169037345656567481e+02 -1.612903546239609298e+01
-3.856603251492668960e+01 -8.465478593502210103e+00
-4.558983561175523391e+01 -1.315011168951344800e+01
-1.115489577617634041e+02 -8.048161043053985608e+00
-1.215114869844198431e+01 -4.047500873487465789e+00
2.910879435982845109e+01 -3.681868476339002427e+01
-6.812231111975471265e+01 -2.833649437165746576e+01
2.939428753831260011e+01 1.022600638675248241e+01
-1.206370397149399309e+02 2.374559705033977508e+01
1.586374782109924979e+02 -6.983884111415794571e+00
-7.870156341173353098e+01 -2.675220892672734863e+01
-1.231875064295536077e+02 2.327041779924134701e+01
5.575462739594968298e+01 -2.474824398384605928e+01
-2.547879489234432526e+01 6.930402054095443631e+00
1.432993239714607512e+02 1.484225834519848419e+01
8.203907561229986811e+01 1.928272618378046488e+01
-3.738158198999082060e+01 -4.156193442320262221e+00
-1.514101715226916269e+02 -5.157048660880621860e+00
9.775077079543748937e+01 3.330535171265601946e+01
-1.092061031575057228e+02 9.714555344905351220e+00
1.643767191787952981e+02 2.740142905582498400e+00
1.151230767158127435e+02 2.460051165985914068e+01
-5.302272509700967085e+00 2.245907736214764938e+01
3.071463493606108486e+01 5.273475555237851609e+00
6.943112077667079518e+01 3.271809941226823781e+01
4.074929524519384216e+01 7.413072586076068227e+00
1.512777232594194174e+02 7.507784978019853561e+00
1.214736895116592308e+02 -1.309304335986775847e+01
-5.637339463379640137e+01 9.200722142435797224e+00
-3.797535661474428537e+01 -2.991510133248250725e+01
-2.237165528802486492e+01 -9.188813519746965142e+00
-3.839153554880937236e+01 9.936531934226927376e+00
8.703623090948892127e+01 3.492070999210437066e+01
-4.165190246604762336e+00 -9.150500807717010687e+00
-9.073504044816584724e+01 3.462980428423244916e+01
-1.812038201213190192e+01 -1.842002894755930598e+01
-2.301971367590228112e+01 1.236877958338498118e+00
2.387293516935399396e+01 -8.158243232358405095e+00
-3.477979259990686245e+01 -2.102631278588081898e+01
-6.387560827688894882e+00 -3.304010010353255922e+01
-6.934469962838240065e+01 -1.956947242082179983e+01
1.601919585827308765e+02 1.962440252654764450e+01
-4.226928364504555447e+00 -4.916545621458737259e+01
8.199209796848405674e+00 -1.463416829513892559e+01
2.927019472801759559e+00 6.376455826192112042e+00
5.645951386860957655e+01 1.050492039304083391e+01
7.171167829383189485e+01 1.154771097370187682e+01
-4.200828827650240527e+01 -2.494289318011477263e+01
7.666226924117330555e+01 4.783351889671047275e+01
3.038704154963830728e+00 1.174965781503892082e+00
-1.120823481239576722e+02 2.289199755437281070e+01
7.321573648040769910e+01 2.509841832357387403e+01
2.652284371454167555e+01 -2.160207164728565843e+01
-1.432700562479276414e+02 1.565294290096126772e+01
1.578956470690023650e+01 3.512544794522368363e+01
-6.794891445023218068e+01 1.619126496526255732e+00
-2.714882329406871619e+01 -1.145879930429034665e+01
9.294034685317157596e+01 2.735285221332945493e+00
5.641608604142483330e+01 -2.702951567701154900e+01
-5.035113103915119837e+01 -2.927156386752254491e+01
-4.889376447582053231e+01 2.610356315625532986e+01
-1.532172322120568140e+02 -1.391967918456255227e+01
-4.220750628690106510e+01 -3.956000958499276265e+01
-1.295679765508253070e+02 -3.056403667908373478e+00
-3.431289889692674677e+00 -1.565681565904293571e+01
-1.176981116565886367e+02 1.663110901742876457e+00
-1.101003767005603891e+02 5.958021201341023954e+01
1.773398569268628933e+01 2.603269782155276157e+00
1.190837330168315020e+02 1.123364105300758808e+00
-7.234125578809172907e+01 -3.985985858140268334e+01
1.926644929582689940e+02 8.546573568015034539e+00
-9.797244246064995821e+01 3.351207413184652495e+01
-3.193902937162629740e+01 -3.465157128944540421e+00
4.919698663285398954e-01 -2.035488211591223973e+01
1.491589273089581411e+02 -4.160436434412018514e+01
-1.058841821203618583e+00 -1.408024824802198793e+01
3.769416287442381019e+01 2.971483750898134346e+01
1.810987475158467817e+02 6.702676721620568934e+00
-1.786844682786705363e+01 2.280072729768868101e+01
3.598484658247123491e+01 1.403548434986615590e+01
-9.960632591085744991e+01 9.948569205816419014e+00
-8.538224876782449257e+01 -1.723478298609525439e+01
-1.621229310622620901e+01 -9.390263832190916204e+00
1.427861759788118832e+02 6.657479387296241669e+01
9.105053371221600855e+00 -2.676882301395040464e+00
-9.043394371141133092e+01 3.298122331649657468e+01
5.496252838572336685e+01 1.374348285365297073e+01
-4.613497504157889750e+01 2.958696051696338714e+01
-2.492351119995297282e+01 -1.516473164928017869e+00
-6.596732775878933808e+01 -2.194798544565716547e+00
4.805125341416249540e+01 2.945898482012188424e+01
-3.198809480125357751e+01 9.951187109863877112e+00
4.766249515082130017e+01 1.570609394028775618e+01
6.764929358123325187e+01 1.688070283634516144e+01
-2.637523768917330536e+00 -2.637273629705138589e+01
5.010872095034294915e+01 -1.207332026046584872e+01
2.616068433084044287e+01 6.926987694429078246e+00
-7.058669586921969596e+01 -2.257305438541178333e+01
-1.845990822273230947e+02 -1.102839607248876241e+01
5.720354218323024931e+00 7.217194254707488987e+00
-1.656902314403259879e+02 1.936144538574341922e+01
5.636990940419348561e+01 -1.809555565780257780e+01
-8.216967392182307606e+01 9.137757022989731581e+00
3.693422685339924527e+01 -1.297278172218165970e+01
-4.062358821033882350e+01 -3.743726604240177380e+01
1.418341139774242166e+01 4.097574052475083306e+01
1.925638087897182800e+02 2.040666160411014474e+01
5.102806439097172841e+01 2.741817675976735202e+01
-1.760211856892459821e+02 -1.200473735042752921e+01
3.872923272542621920e+00 4.263951300970146185e+00
-9.111273509228411172e+00 5.035644050983354436e-01
2.048246106897446595e+01 1.729989771238194862e+01
-1.961496117427345212e+02 1.850280853403567605e+01
1.810287909288338142e+02 5.009400838584080695e+00
-1.588200477329143041e+02 -1.769427588213276836e+00
-2.649899696557478990e+01 -4.415220284270321116e+01
-1.941304136979125872e+02 -3.240010544418440475e+01
7.560996350016172585e+01 -4.351824312090840863e+01
-4.327009888032854690e+01 -9.291421644714817352e-02
7.739190459403828015e+01 3.033849153767345186e+01
-2.144307913790271769e+01 4.676456781578577448e+01
-1.133254635073659102e+02 9.576217656265333389e+00
-1.322375830956947595e+02 -3.179840542125641711e+00
-6.697653209477070213e-01 -1.178373770710899038e+01
-1.637767537360673771e+02 1.543274819557805344e+01
1.661518227466201267e+02 -4.066003488100675156e+01
-3.433376562835947965e+01 -2.453772938276708970e+01
-5.600008004311461463e+01 2.197212785363613463e+01
-5.107473605644134551e+01 -2.399508948861716817e+01
4.164151391849497230e+01 -8.951683334610660125e+00
9.614280139382124446e+00 -6.135539566472744788e+00
-1.692930689482235209e+02 1.492506550427004797e+01
2.465664033235152175e+01 -4.764255916612854946e+01
1.040497427276597193e+02 -1.563413437259642791e+01
-9.245384161112013999e+00 7.782020111765326043e+00
4.614581806176699530e+01 -1.688707286875258973e+01
-6.059582434022411945e+01 1.061649283214030959e+01
1.147362698342267038e+02 -3.351760087215306072e+01
6.623448138663813722e+01 -1.254673618366510190e+01
9.289267337400653446e+01 2.216619508705094432e+01
1.529876616054110912e+02 -1.817999025731005602e+01
6.391861313420515778e+00 4.818613293902283345e+01
-1.003004118039455648e+02 -2.396749933940430566e+01
7.815711562793327971e+01 -2.536977013263069125e+00
6.146072751739691142e+01 -1.962405475462499638e+01
1.543842421208111091e+02 4.594448514870039801e+00
-5.678762382013154308e+01 1.385038698892478237e+01
-2.640139724540262733e+01 -9.947123890553381642e+00
-1.067866200511752197e+02 1.997970778748437581e+01
2.196961478370479881e+02 2.672277350677241969e+01
-1.138856336737779174e+02 -1.796696312115109961e+01
5.099278651648292993e+01 7.536948327774187106e+00
1.247358860186130016e+02 -2.509044671023388418e+01
-7.092197680164595397e+01 2.286999978291429159e+01
8.040752046031003886e+01 -2.715408690156735716e+01
5.943075714338907289e+01 2.060352879725931885e+01
1.009139567074770483e+01 -4.377736809351906011e+00
3.427936306242056475e+01 1.294916718283170454e+01
9.108056703497518924e+01 1.487857413209332691e+01
-2.114821968618071679e+01 -3.117518943655839436e+01
-1.374498509856851172e+02 -6.867894112303337906e+00
-8.586192621443750284e+01 -5.760108056999978032e+01
1.585229650635807843e+02 -2.411222488602449587e+01
8.553528952863439372e+01 -8.581079688683249884e+00
1.169007161513892612e+02 4.293517871946060893e+01
-3.244859753039687433e+01 -2.963473448802707466e+01
-3.991477606608626161e+01 -3.174946171174946929e+00
-1.264779504624475948e+01 -1.723131529284337304e+01
-1.957194726289351934e+02 -6.397215485281748215e+00
9.237239502151024340e+01 1.581112515882676028e+01
-7.851214177759967328e+00 8.721115265500310798e+00
5.946569102073722490e+01 -1.984414593523030623e+00
1.509404643501395071e+02 -4.951598004024165078e+01
-1.618922440427243714e+01 -1.306599858008284265e+01
-5.336896317955680047e+01 -1.850127931195001807e+01
-6.358814200034662889e+01 -2.960222251269609473e+01
1.028990662512858307e+02 2.229749451785060543e+01
1.161570380414831476e+02 -4.774586899219928959e+00
-1.067629416249459773e+01 1.242378402668659554e+01
-1.087699476171985680e+02 1.162561509028375006e+01
6.403711453619108340e+01 2.328928049523771904e+01
-3.337613131363142571e+01 1.300142687011073406e+01
5.596211961020991765e+01 2.448547790935553792e+01
-1.487437068323261435e+01 2.962923203017417961e+01
1.467023785968229390e+02 -2.022831670872700371e+01
-1.085896696229094260e+01 2.162721592713197794e+01
5.966581552346459816e+00 -6.308557299585783318e-02
-3.575116429309341015e+01 -1.487457830440332307e+00
4.538424491053715570e+01 -1.474149080043234861e+00
1.977921043661325129e+01 -5.137349709611660487e+00
-8.851395261336250542e+01 7.913190313694713041e+00
4.912799937007890350e+01 -9.532210584946046339e+00
-1.938482358648510484e+01 -3.651360543257654001e+01
3.051786394500264166e+01 3.769999069627383648e+01
1.115563536381822729e+02 -3.293831980247282853e+00
2.217433777347330803e+01 2.679091396233618028e+01
2.384681268615036842e+01 1.938371671585582590e+01
-7.796189652307803897e+01 -1.326455687611821155e+01
-3.421180788485102653e+01 2.273089942573519195e+01
1.178889923626947649e+02 -2.348492238452629977e+01
-1.027229471063375001e+02 3.516876372157401232e+00
-9.336405130840401512e+01 -3.341254228190462783e+01
1.358045621625145429e+02 4.524511878436454637e+00
9.207915172579886587e+01 -2.811163063107318649e+01
1.441855107612407316e+01 9.222201454801592924e-01
-1.826928859491189172e+01 1.819664313398116917e+01
-1.422495695219763157e+01 -2.426552802974397238e+01
-3.014301830347403666e+01 -1.916329443783970632e+01
1.499888664813396417e+02 5.279380026812411586e+00
6.290731575940653464e+00 2.835929158250599613e+01
-9.317333384954994813e+01 1.152189715931396741e+01
3.183149219177253020e+00 4.075823408056807651e+00
2.069956458579117964e+01 1.199436000216551790e+01
4.221762964672611673e+01 -7.236216942854747924e-02
1.211004829869138604e+02 -6.826147673106041758e+00
-6.730372727128515464e+01 -2.757746807373614217e+00
-1.126045379537836340e+02 -1.881304438868468409e+01
-3.020814134562932196e+01 -3.227020570614745765e+01
-1.518104406610629376e+01 -5.207304368154675345e+00
3.077250547128720370e+01 -2.749624437942839350e+01
2.339989943308911968e+00 1.482375248731965911e+01
-4.082726139932042031e+00 1.038768367077427257e+01
1.406193810720654653e+02 2.574182116816797006e+01
8.106584653294473242e+01 9.643166838534392937e+00
-6.108674481953615398e+00 3.230787670787299959e+01
2.304348496027566640e+01 1.923071964502671349e+01
9.289474396793454503e+01 -2.240065965330736830e+01
1.812365628887170388e+01 -1.028405319248460614e+01
1.030866134267283627e+02 -1.267811348968208662e+01
-1.227103964427973040e+02 -7.924666306410902195e+00
-3.763999390816168500e+01 1.999605066729181502e+01
2.646055263495952303e+01 -2.854644108096809241e+00
2.748326909522986128e+01 -3.395208030293035861e+00
-5.002765238993689678e+01 2.438578477438521630e-01
5.870547043266600440e+01 4.931430445540507890e+01
1.066012459792599714e+02 9.819781372880376225e+00
-4.500673276278860158e+01 -4.504063088662864089e+01
1.222878335518958615e+01 -8.101852358331870230e-01
-1.114712947478366516e+02 -1.022035192129168024e+01
1.347995531181369167e+01 -1.881617635638792763e+01
-1.303876827533378968e+00 -2.010279214285175087e+01
-1.022481385602146808e+01 -5.310472371262558333e+00
-8.613285900360641278e+01 2.940878801018351751e+01
1.093088403081197697e+02 3.161107838399681569e+00
-9.058524397237036396e+01 1.613507119159410053e+01
1.135916033432167183e+02 -3.476697915865726429e+01
1.623014160731607092e+02 1.832339315917063161e+01
