2.696451204878420427e+01 -5.215227803274560259e+00
-1.351453096689203051e+02 -7.655447464220512366e+00
-6.411868639140226378e+01 8.710578836332718566e+00
-1.644551627838656600e+02 1.130500707037599817e+01
3.673785879578266389e+01 -3.471910219860880176e+01
-7.131776939420898032e+01 5.095169165431214786e+00
-3.666031426929750592e-01 -2.220613729998709829e+01
-1.091983237415738017e+02 3.327168791089907529e+01
-8.399241445190806132e+01 -1.280527440085845825e+01
-5.514347958142286643e+01 2.364907387752350487e-02
1.070646450261284743e-01 -5.293581255141810260e+01
-1.316230883279752106e+01 -4.824110893208143835e+01
-1.994156746620550962e+02 -6.710768776838651917e+00
-7.801164489160467497e+01 -1.176260179532327577e+01
5.685659390621101039e+00 -2.774496455121376215e+01
-1.364042859718925342e+02 2.601486927239617231e+01
5.690127612955016190e+01 2.531747554263852606e+01
-1.417004993290530592e+02 -3.216776905932846375e+00
-1.808123733886797595e+02 1.021224090183928901e+01
-7.575596258148266315e+01 -3.334296608119458938e+01
5.788213751482985003e+01 -2.381337424167416117e+01
9.322465543293394319e+01 1.515885203508684853e+01
4.984503120579898905e+01 3.745956547105092405e+00
-3.315458951785333142e+01 -1.907971743558455913e+01
-1.508874028274069445e+01 -1.042389069107548849e+01
-1.632915333059052614e+02 2.266635954605870040e+01
-2.919827133418910492e+01 1.692274036206549681e+01
-2.227285102360483382e+00 -2.951980167844885727e+01
-1.844918791050660900e+02 -2.534960793190186834e+01
-5.561155026376903976e+01 -1.538037936552452756e+01
-1.938596050715549666e+02 -5.453842543790309527e+00
-6.929752019106837224e+01 -1.844630378098757006e+01
-4.402747986022778548e+01 1.389488528903888920e+01
-1.247018929768134115e+02 -4.480968228488195848e+01
-2.827103898031546692e+01 -5.550207651202270220e+00
-6.826900717840179311e+01 1.587027908671328369e+01
1.374953968412969463e+00 2.204636589859252371e+00
-7.002328151154593172e+00 -6.563910894370511073e+01
-2.022476814268409750e+00 -1.620823731737797857e+01
4.358035484082178002e+00 1.834600043711851924e+01
-1.077193224930375237e+02 2.947840247152988979e+01
-8.062463576446830871e+01 -1.356416937218837582e+01
-1.472190836413842874e+02 3.212091110277722805e+01
-2.076746418118214024e+02 -1.373390102945471369e+01
-8.517273929812326116e+01 -4.441345193060413976e+01
-8.919079715393903030e+01 3.602474241344380346e+01
5.156950523381901519e+01 1.975919908443398754e+01
8.568660973376306345e+01 6.483090926029791490e+01
-7.732282134983731225e+01 -3.566464551582415510e+01
-1.618638038361531528e+02 -1.377382078542232335e+01
-3.955666129616735560e+01 -1.762036660141188804e+01
1.278881109066919919e+01 -1.589917886555074311e+01
1.078613984715740237e+01 -1.918280252931672081e+01
2.102293320008452326e+01 1.371004343794686342e+01
-9.650022284312798604e+01 -1.820893655209430406e+01
5.383295699129197232e+01 -1.955246083352326081e-01
7.229757881033684441e+01 2.605408942152691054e+01
-1.670185625286437698e+02 -2.420531864159817559e+01
-1.180810420588101124e+02 -2.148915407166183300e+01
-8.629693278299262360e+00 -4.558282846917368403e+00
-1.524879040481210382e+02 -9.569905671554270299e+00
1.113302902137147328e+02 3.196555796206923361e+01
-3.722441382777395802e+01 -3.999128481334015106e+00
-7.357574016532296923e+01 -2.598104131403127326e+01
-1.083627744216460087e+02 8.704041800321958178e+00
-4.710713308490301188e+01 2.679979515692866698e+01
-1.658137317024140600e+01 -2.244130069214971712e+00
-5.170334677826390646e+01 -3.967179755636806693e+00
-2.388069355335132471e+01 2.212966565177892520e+01
-1.281509853538479433e+02 9.392298546577428908e+00
-5.291997587012568260e+01 1.693887288881903785e+01
-3.845221999396503665e-01 1.173364326289184412e+00
-5.426410360095676566e+01 4.912238273399825994e-01
-1.280145895726885783e+02 5.914078172995236571e+01
-1.441254984932027412e+02 2.158811002718671190e+01
-1.716493640898630701e+02 4.357880352575896410e+01
9.686929196753122540e+01 7.836298082758781902e+01
-3.891347487818962492e+01 -1.088889429511315399e+01
-1.236603542741719508e+02 -2.176383875439165649e+01
-2.009222856059978568e+01 9.924526362241273603e+00
-1.755459617945537900e+02 -1.123797670208170452e+00
5.964118106899585570e+01 -3.901333426756870892e+01
-7.816506336599969984e+01 3.163465059938889468e+01
-8.167012651714755123e+01 2.979848308669137325e+01
-1.556775089883842327e+02 -1.163752677018576431e+00
9.289967907479596931e+01 -5.738456313466727465e+01
7.390786040197011175e+01 9.707712909320241224e+00
1.028844042376743140e+01 9.703678101646900700e+00
-1.125070148234453704e+01 -6.266627684364362949e+01
4.467085685373822201e+01 1.410380758853010086e+01
-1.653011334150857579e+02 -3.358357460789999749e+01
-9.181850525193900125e+01 1.036627689279868569e+01
1.072413769300069575e+01 -3.310061517395122621e+01
-8.044676867602980508e+01 -1.285701856244571850e+01
1.439399581647553532e+02 -4.342269084862823370e+00
-1.343968754748845242e+02 -6.830027042546597649e+00
2.023021063206972059e+01 3.310118202312460767e+01
-8.938494336688141573e+01 5.641169146167412940e+00
8.757463178029418316e+00 4.727524208288709673e+01
-1.210430022824464515e+02 1.333093424737517907e+01
-1.763304384942865610e+01 -3.177468968799460924e+01
-1.604323047754934635e+02 -2.853277798087487582e+01
-7.581667266061879218e+01 3.215968786431743442e+00
-1.603812633342636786e+02 1.769393680722512840e+01
-1.834495832847617862e+02 5.226206069130646625e+01
-1.687941236846492359e+02 -6.707268568749327642e+00
-1.797828607890006651e+02 -1.003132495406445557e+01
-2.927254902880791221e+01 -5.451697199537409055e+00
-9.310574845325523086e+01 3.818337300830253245e+00
-1.423596072628628519e+02 -1.017909324137074378e+01
-1.711743712200371306e+02 3.122752841882233454e+01
3.722296463677489342e+00 2.627169474693208784e+01
-1.995223675067296085e+02 1.233524033625554495e+01
-1.171463867465325279e+02 6.181274047014620798e+00
3.640446314347151002e+01 3.894841585201314071e+00
2.175839212726064231e-01 2.020074286990011103e+01
-3.445628004196071714e+01 7.539257203652048211e+00
-1.113179305605051326e+02 -1.372331487314350262e+01
1.036756909265708693e+01 2.851937920336390420e+01
-1.275150755383519474e+01 -4.341867156072419220e+01
8.690212471678553641e+01 -8.037839091888828946e+00
-1.779379630112428572e+02 2.584647913791440743e+01
-1.489235809293851105e+02 1.115973631961913348e+01
-1.599460482735301525e+02 2.054289685535498933e+01
1.314840953265762380e+01 1.591424881371690780e+01
2.563847408434211417e+01 3.176188521673552501e+01
-4.415287382800840277e+01 5.370628869762432700e+00
-1.125705256745405620e+02 -2.209230131660425300e+01
-1.834141942429154426e+02 -3.703387446141848116e-01
-1.317705849020942139e+02 -1.937198766769064662e+01
1.628440442419845269e+01 2.887148487763094806e+01
-5.798076457243797677e+01 1.210737680798150429e+01
-1.424095243464826126e+02 -1.765860319544302115e+01
-1.096420608903727612e+02 -2.562603742761917758e+01
-6.765204823532141631e+01 -2.848124809057651774e+01
9.471094106943752422e+00 3.058181123240651900e+01
-7.203194943583061338e+00 2.679377837613266777e+01
-9.605532617724340128e+01 -5.504886006014866773e+00
-1.322631407041325815e+02 -2.458290892829481677e+01
-1.085927805724254256e+02 -2.008232454509635545e+01
-1.857885239046550510e+02 4.253713816044172091e+00
-1.970268832218156945e+02 4.111376512604035582e+00
-1.445688041720459012e+02 -3.020180728785091695e+00
-1.385142213563953817e+02 -1.309572962894839421e+01
-1.642653337810318703e+01 5.689118090746468681e+00
-1.329155037033652036e+02 3.322911590818568239e+00
-2.590944662361632211e+01 1.621539888792907291e+01
-8.825621462243327642e+01 -8.749159812251169344e-01
8.539773249207186723e+00 7.946039803401575341e+01
-8.704497245335429056e+01 1.034175169298425168e+01
-1.678814192726685235e+02 3.360311514666136201e+00
2.978132239459596065e+01 -2.657420489279038023e+01
-5.659679767943716655e+01 -1.501361402680837642e+01
-3.470560296341133721e+01 2.645562275982357381e+00
2.548088659760401598e+01 5.284791530059071363e+01
1.337833467584294311e+01 4.822787164552495653e+01
-4.780652490411658562e+01 2.529768174705511541e+01
-3.183732732318043901e+01 9.950105387430946635e+00
-8.880250291743314506e+01 -4.033426216189731406e+01
5.432240450647472585e+01 3.020337513792470840e+00
-1.603639346789068441e+02 2.154814509943144607e+00
-2.437448977700111996e+01 3.841904879737265333e+01
5.366256195429627951e+01 2.692367989688551333e+01
-4.911240877610782007e+01 -2.754394047162523673e+00
-1.627646898051784641e+00 1.632867421423415166e+01
-1.490941138027528723e+02 3.253020425435051521e+01
4.119649634588189002e+00 3.256402644179285488e+01
-9.808020523619407527e+01 -2.565203993008025662e+01
5.472387742306915603e-01 -1.128628520621183817e+01
-1.181253401111184687e+01 -2.554257441897926473e+00
-7.593754254656722935e+01 -4.335915454659676982e+01
2.148925174340607480e+00 -2.794395157953937670e+01
-5.299255506517259562e+01 3.106075386088052426e+01
-2.924155547944185685e+01 -2.631333733486036408e+01
-1.227145683602066271e+02 9.345464841328444905e+00
-1.323086290774360236e+02 3.781494212438746416e+01
1.163003008441550357e+00 -2.613152778142666222e+01
3.924754727886053729e+01 6.345844121542717708e+00
-3.305308212223725661e+01 1.470029137580888801e+01
-5.537087293117834008e+01 -6.285135286484859307e+00
-1.027957502928903608e+02 4.008117113323005043e+01
-4.424760771687378735e+01 -1.592285336990142852e+01
-1.143578942741200990e+02 2.244733962541805905e+00
-1.495623033986566668e+02 5.079780626567091950e-01
-9.258221978958917475e+01 1.578229321082962500e+01
-8.922389546103988778e+01 -3.277111173961053225e+00
-5.560817047294298732e+01 -4.620936085987177222e+01
-1.197214808667864219e+02 -4.425579203470327627e+00
-1.724422500011266663e+02 -7.351899073018254960e+00
-6.516335315118854510e+01 -2.163504007734715628e+01
4.431478494146377045e+01 -4.746620595507894613e+00
7.527292825500607876e+01 -6.850086912088741542e+00
-7.106644315864335226e+01 4.167795909819063560e+00
7.785152697198412852e+00 2.348944414026196625e+01
-6.938934609547358434e+01 2.611436239798775816e+01
6.722128792939467701e+01 1.003722497082352128e+01
5.565106703349496797e+01 7.108079123800244759e+00
-7.180369856867943668e+01 -4.177447220681876416e+01
-1.731022319321478520e+01 -2.725671278670900222e+01
-6.729817715101326314e+01 1.774062880117298491e+01
-1.242723331488233924e+02 -3.265141704213753115e+01
-8.291314757417610792e+01 2.890082981293319619e+01
4.643949346686747504e+01 2.646493109912395880e+01
-5.312321325658071203e+01 1.839800395971843727e+01
-6.223936409563424377e+01 -2.077145801272602732e+00
-1.137380486249827101e+02 -4.728771056225472336e+01
7.842441399457956663e+01 -8.714140674427259370e+00
-6.807094074339485701e+01 -2.317427279181746869e+01
3.393207447313830016e+01 -2.580314885917243117e+01
-9.176637391070688921e+01 -4.147857051428532671e+00
-9.063637180633716639e+01 1.186799510304358307e+01
-7.749811169453877824e+01 -2.209761397314389342e+01
-8.110747705243420569e+01 2.490463966636718496e+01
-1.226358921618496112e+02 -8.516169799417788511e+00
1.568946644420839931e+01 -1.706570217819909629e+01
-9.304454052432312494e+01 1.455849231674055666e+01
-1.778498432981213853e+02 -1.204543666779962230e+01
5.328542813198455974e+01 3.392366710143566610e+00
-1.347745622569458988e+02 6.516737052881906855e+00
5.733816206404813443e+01 1.211040293293657655e+01
-9.202147029010074419e+00 -1.873364690051823711e+00
-3.297130376533976914e+01 2.883836689476263970e+01
-1.831897919657860996e+01 3.685507269653290052e+01
4.755301785474012632e+01 2.043037430659667564e+01
-7.950622884622769959e+01 2.640495014601282620e+01
-6.367498648754477131e+01 8.827290246746560598e+00
9.743731214291154075e+00 2.189179049043565328e+01
-5.853131202471146821e+01 1.142613709008645451e+01
-8.423438394215727953e+01 -7.819668104414234655e+00
4.626241584824406061e+01 5.087777433156425388e+00
-1.261775965986394255e+02 3.407174834213054027e+01
-1.031209728275081261e+02 -1.136994076544245047e+01
-7.829311173831484894e+01 -5.631986324711288461e+00
-1.195988360215332307e+02 -4.613889657294748758e+00
1.024256310373337726e+02 -6.349311596507110522e+01
-9.312111338845481612e+01 4.401092701545135810e+01
-1.134107229648725337e+02 -1.370927895995779799e+01
1.290998248793452490e+02 -1.151012418006950000e+01
-6.862738585725495000e+01 -6.232604762664438525e+00
-1.778476343763322802e+02 -4.689774308439993433e+00
-1.779573174873204096e+02 -7.614774276608208048e+00
-1.178666658203671318e+02 -4.676923753466710743e+00
4.266000113337477018e+01 6.208375495815268152e+00
-1.252647606115179286e+02 -3.307488484282289676e+01
-7.717648439729846643e+01 1.306845751869827055e+01
-8.548482208669543070e+01 -1.355475527308676487e+00
-6.975203022569570521e+01 1.539871579594309203e+01
-1.445969911206070435e+02 -1.807997296077326865e+01
1.200498408116088171e+02 5.833191449718683685e+01
-1.809966038434540110e+02 2.245277844617657692e+01
1.204497096805147649e+01 2.104003613387178007e+01
4.352548460675681952e+01 -7.069285876765990295e+00
-4.711383213195238007e+00 -7.399196643715697519e+00
7.427387683483054559e+01 1.161741334078897125e+01
-1.076343542141879510e+02 -1.487786280272444195e+00
-5.067974678397296628e+01 -3.011379133027768518e+01
-1.511939682265373506e+02 -1.621055128897384234e+00
-1.799800173710501667e+02 -1.687012666811617478e+01
5.306956347473885671e+01 -2.185898927140971537e+01
-6.872475781370923187e+01 4.610826155978093510e+01
2.120463217160223568e+00 1.067701598987107481e+01
-7.176673643150529358e+01 8.551321686756330109e+01
-8.594470251692551699e+01 -8.597955045358972370e+00
2.871806024156084547e+01 2.358004681504274558e+00
-2.733899174529777909e+01 1.041431295657586809e+01
-1.111736163162296833e+02 9.310910052577156648e+00
-6.979706537753187945e+01 1.067864839623479112e+00
-1.166918245191432391e+02 2.055833974851558565e+01
-1.187007181221780598e+02 3.692477340013343934e+01
-6.079923912619586446e+01 -1.144065953713732764e+00
3.852321730835977576e+01 -1.180916891248187106e+01
-1.803916101518610731e+02 -5.114728260013215788e+01
2.752768218002454148e+01 -2.845030783590604173e+01
5.437378142403439085e+01 1.466735489043827556e+01
-6.621095055949439256e+01 -3.282626212103663477e+01
6.950762454638453391e+01 2.292292338936752571e+01
4.427180632020355944e+01 9.038888647042851332e+00
-4.004274202113656145e+01 -7.130775439433540974e+00
-8.880228912582546741e+01 -2.837508964303822623e+01
-1.322612769585828971e+02 4.638374924725624737e+00
1.216158054568110174e+02 7.420247939607424570e+00
-1.126959687452804637e+01 3.321564892759303689e+01
-3.100619056875898139e+01 -2.155950082713128424e+01
-2.648216031902843781e+01 -5.437244350931444536e+00
-1.491981053747636849e+02 3.082093615197896597e+01
-1.853397290559339581e+02 2.514028618611744648e+01
-1.749647835100116140e+02 -6.329449452956046684e+01
-8.850997763093916149e+01 -2.302448491662896757e+01
3.866696353382329221e+01 -3.119575587885702816e+01
1.032803450698655467e+02 1.992125204353601831e+01
-1.021688179164484467e+02 4.577506363147042734e+00
-4.068116589113229153e+00 -6.338077515172447818e+01
5.419334032767778808e+01 1.328627205081768103e+01
4.367716005509014110e+01 -1.478750583707096311e+01
-1.028959393485746858e+02 3.215791035257031893e+01
3.345210059376160672e+01 1.851520724438519139e+01
-9.866904048198480837e+01 -1.083431893578615579e+01
-1.443217225072195333e+02 -5.458581494235792420e+00
-1.720732983661322990e+01 3.456731407675541590e+01
-8.155971871119329819e+01 -1.449470910237049104e+01
8.050743380195972065e+01 -1.110415975483850737e+01
-2.383424941718491041e+01 3.766329755742653163e+01
-4.645446532215611057e+01 5.692239695685496059e+01
-1.409833131416300134e+01 1.236770441899164963e+00
8.314972849584842152e+01 -5.017555301980450189e+00
-8.262509618120337507e+01 2.408399792163064745e+01
-9.937115542319622818e+01 -3.997297568624068731e+01
-5.665799912433327989e+01 -1.371564633649613230e+00
-1.199510440853640318e+02 -7.546867709812432601e-01
6.664893456627105195e+00 4.538374906543525711e+00
1.901942398185363743e+02 3.520312708553326075e+01
-1.070239202159153820e+02 7.016582123241997593e+00
1.006072674981378157e+02 -3.077108193382722590e+01
-1.750883615514644589e+02 -1.275197995373412274e+00
7.008058232005534904e+00 1.210848900693136088e+01
-1.110051814830945034e+02 -2.679518886662105004e+01
-3.270199939487048013e+00 -3.327131669301970351e-01
-6.290067017248377823e+01 -2.076032221484644680e+01
-6.762631331656788802e+01 9.163374408442628294e+00
-2.909620142194166448e+01 3.432834467401332024e+00
-6.485256429433664538e-01 2.159142338454532961e+01
-4.637649642403887995e+00 2.430230577605409437e+01
1.391738507313963851e+02 -4.845130598320470661e+00
-4.496787725023910554e+00 -3.397943203996620554e+01
-8.897666592051362500e+01 -1.110467051397155380e+01
-2.084912816434289340e+01 1.606461143641961087e+01
-1.115452261523686950e+01 -1.746577638735367799e+01
-4.751573391530239121e+01 -3.399632906710298386e+00
-5.768705757016547864e+01 3.119841575954098190e+01
-7.267208246250538650e+01 3.897237035424941354e+01
1.048472241905536251e+01 -2.899665104410641803e+01
3.538970101655777967e+01 -2.007182738614030271e+01
4.630718131393595627e+01 5.587492438322136223e+01
2.645927913492939965e+01 -2.276618817942394912e+01
-1.113050894521560679e+02 -2.610654104576625301e+01
-1.241381379559744005e+02 1.454691489567850837e+01
-1.599406292597554113e+02 1.230368300227823930e+01
-3.937524509077840662e+01 3.691871843332194914e+01
8.758110848271819293e+01 -7.584409822658196632e+00
-6.596170248959028015e+01 -4.029926238227181656e+00
3.420082459731754909e+01 1.299338792210728499e+01
-5.385215069031778512e+01 5.113054562448145823e+00
4.020563179962544353e+01 -1.784630740090889134e+01
-1.231543803605517127e+02 -3.693196626710908870e+00
-7.932470734252800071e+01 3.663588108254494102e+01
7.151902712046954491e+01 1.010887967284747724e+01
-1.274615306970282980e+01 -9.942069098031804941e+00
7.056181437623899910e+01 2.129198815151611512e+01
4.065128709247808558e+01 1.610300463658825620e+01
-1.202571636239816826e+02 -2.690578269977240478e+00
-7.114793010515282390e+01 -2.850512595297289664e+01
-1.395499773020712553e+02 -6.745746830641036196e-01
4.189536717401981747e+01 -2.514676818593301277e+01
-1.361247904581927912e+02 -2.535513519151684392e+01
5.288252389451253777e+01 4.373559182926385347e+01
-1.674201901493557898e+02 6.407125521262758028e+00
-1.469492414150591912e+02 -2.483107557924368791e+01
4.158495171691109960e+01 1.131002836061994721e+01
-1.437530117930390077e+02 6.053131143971535977e+01
-3.283934867257037382e+01 -2.723853892787443343e+01
2.909409071530015822e+01 2.089080990642014868e+01
-1.472059941690312712e+02 1.029047553726799613e+01
-2.146291681666489026e+01 -2.650278490507945151e+01
-7.445670711555719379e+01 -3.593983050007970093e+01
-8.142178514746697715e+01 8.597063604818886873e+00
4.724775930516094036e+01 1.009194880810634665e+01
4.618713609662417618e-01 1.864262294034284295e+01
-5.946787749737373474e+01 8.666835374325335906e+00
-2.381309887076215404e+01 2.116326276730990941e+01
-8.574445483222822872e+01 2.206113711959910617e+01
-1.199227480047264294e+02 1.257602651815012962e+01
-3.035334997594095796e+01 -1.049656025574579310e+01
6.547507870059090962e+00 -1.070827942253695575e+01
-6.386389696794969240e+01 -4.921376712708120493e+00
-1.146045658257534967e+02 -1.673628997040484379e+01
-4.743723543754031624e+01 -2.691377429168783642e-01
-1.566957855139628748e+02 2.260250437376446264e+00
-1.046434643351466036e+02 -1.516283964521229777e+01
4.183795880128064937e+01 2.472569088530955028e+00
-5.096922822118534668e+01 1.781085759144016345e+00
1.929074708429594125e+02 -3.612800703864802898e+00
-4.406712823495020359e+01 -2.061982781468154258e+01
-3.700942682483501045e+01 3.762583140617009825e+00
-3.308247009252510651e+01 -2.641259665338271745e+01
-4.526390703092086198e+01 4.163421368726066873e+01
-1.800060790872520045e+01 1.538195897634951770e+01
-7.854622370990864511e+01 1.380125196967175860e+01
-1.246087766056953683e+02 9.397304291549103183e+00
-4.414164848503016714e+01 1.509618275805979160e+01
-1.183976997292336080e+02 -2.561173054155309714e+01
-2.067848282479896227e+02 2.180648504811552701e+00
-1.111566040054963764e+02 -8.586570616252185983e-01
-1.497512585509359155e+02 -1.465718710602049590e+01
-1.031580992294941836e+02 -9.547151267223593862e+00
-1.419474668112011102e+02 -3.426215176874424895e+00
-1.112203830512028730e+02 2.438883272843012762e+00
-1.042270315301436057e+02 2.091409045559069924e+01
-6.051518877658280360e+01 2.719043857313426926e+01
-4.578784476263513259e-01 -2.884575774849744700e+00
-2.104780243632334802e+01 9.067576038729830756e+00
-1.321188945789570539e+02 1.012850510779988156e+01
-1.951162371751298679e+02 -1.374816119548650484e+01
-1.744038178798308252e+02 -3.074163721354420176e+00
-3.794078924676062314e+01 1.709252230936474248e+01
3.812523603531787320e+00 8.655477726365255364e+01
4.483814985208479698e+01 3.136183206803008616e+01
-1.533873395517761935e+02 5.886708973304306980e+00
-1.925839019418333180e+02 5.698634758241022169e+00
-1.785633559976708398e+02 7.303062747141167321e+00
2.137435286997957462e+01 3.262192815677013868e+01
7.685059695749873754e+01 8.388576189659532645e+01
-1.573017639493335764e+02 -9.762583650116042122e+00
7.697084036251749417e+00 5.910593407803752086e+00
-5.296136337287610729e+01 -4.363930092214295087e+01
-8.972943284087658355e+01 1.453051567083883944e-01
-1.330147920162868331e+02 -3.432072977148094850e+01
-9.080382195980503468e+01 1.056569750442312383e+01
-1.185646077961089873e+02 1.553949065369177163e+01
2.570661960228471443e+01 2.408894339903346804e+01
-1.194313351859271677e+02 -1.784949472544804294e+01
-1.208367563328105092e+02 2.929510583546901259e+01
-7.189257469023941027e+00 -2.262092178045736901e+01
-1.041755646743218335e+02 -1.105847740674764168e+01
6.866963852016623093e+01 2.156220344881204198e+01
-3.066480209969726811e+00 1.692061770418296973e+01
9.912623214802559346e+01 -1.826909166776095050e+00
2.513751061569403689e+01 -2.696067208043119479e+01
6.057325767664517002e+01 -3.066045267339263702e+01
-1.292904926372282830e+02 -4.338294626333996007e+01
-6.217017141437020911e+01 2.099884505393399081e+01
5.502103834972101737e+01 -5.530535126890666398e+00
-1.364590747106918798e+02 3.002252841001418204e+01
-2.527727281470347620e+01 -1.935249439980463748e+01
-6.093462008273331776e+01 3.723474830283581394e+00
-7.633732327778140814e+01 -6.728292416451505886e+00
-1.236302409403867983e+02 -8.062015736579978276e-01
-6.345492099973671429e+01 2.825408559658837149e+01
4.036957514105291978e+01 -2.972815369247190986e+01
4.717706629145381214e+01 -2.631754113286470798e+01
1.687753604124652895e+01 2.641309087619959328e+01
-1.405438444619383809e+01 8.063713103570154805e-01
-1.475332747949991017e+02 -1.659926876744765778e+01
-1.523063970449927922e+02 -2.993184867726382592e+01
-1.498241967217622239e+01 6.612909435807385883e+00
-5.535683036730442552e+01 5.697630505211665586e+00
-4.781927942286938560e+01 -2.006529559388201989e+01
-1.810362234456841009e+02 7.143668483990551543e+00
-1.257330042274296744e+01 1.403181789892078424e+00
-2.361191177200981528e+01 1.938456497541390178e+01
-1.672010772126415468e+00 2.710661030932303461e+01
-1.263443484342222689e+02 7.196305314064244563e+00
-2.471574445531937769e+01 2.810907519585087755e+01
-1.006040534646561824e+01 1.147911445814758302e+01
-1.125126350523181173e+02 2.509004029715020323e+01
-2.739514271642194387e+01 1.104753940687720437e+01
1.249466789929542010e+01 -3.393417219403698226e+01
-3.918816061391794392e+01 1.638884326030985150e+01
-1.293210522522474832e+02 1.098135785404074305e+01
-1.387723819583631553e+02 -1.285332286844593597e+01
-9.884999553363154234e+01 -4.123199812511974649e+00
1.308134153078997315e+02 -1.300022236910242235e+01
-1.223499594071168843e+02 2.764242293294315900e+01
-1.553674092989790267e+02 -3.954039600508405972e+00
-5.742880242382317846e+01 1.126203490625106340e+01
4.216080727382254167e+01 2.673441714746958908e+01
-7.052363385522316719e+01 2.444868401327081742e+01
-7.963266970107800091e+01 2.539157109553301694e+01
-1.574563074459963161e+02 2.495964962506280571e+01
4.159057141389101275e+01 -5.084781193531127030e+01
-1.433102789401768717e+00 6.389709708085553608e+00
-2.992704837838877197e+00 1.151750549221744713e+01
-1.312524404288633093e+02 -1.479984757725467048e+01
-8.084178460140734046e+01 2.029051040651690485e+01
-8.550231829369341341e+00 -1.638966661966053451e+01
-3.248258819779405826e+01 -1.133287543663790409e+01
-1.454705702033344323e+02 -1.810447343634697148e+01
-6.919525098994799350e+01 -1.480111954786183581e+01
8.880366843546755717e+01 1.342022047876221258e+01
6.824245929984951431e+01 1.389574667928484253e+01
1.574310796576340321e-01 -1.804081109625427448e+00
1.006912310170649327e+01 -2.819378928082930358e+01
-1.599892877762494550e+02 -2.948240837220630439e+01
-5.194419869300985226e+01 1.371534378914717500e+01
-5.989192007638377646e+01 -6.133400869562747104e+00
-1.315385298358729358e+02 -2.144037097063934283e+01
-8.196095399035429807e+01 -1.369396831327149577e+01
7.420508398341779355e+01 -2.188371669089346483e+01
-2.036388517687049671e+02 1.831660353351053416e+01
-3.563364445698594807e+01 4.155121628002162559e+00
1.786273320209470583e+01 -4.046932778111065332e+00
-1.448754040850612625e+02 1.412843372121957941e+01
-1.263426407348092653e+02 6.794336660381131487e+00
-1.224029889200262886e+02 1.603187822900425630e+01
-1.024272557196307787e+02 4.917572520341067133e+01
-8.091457543356023052e+01 1.748798413856157907e+01
-2.336148591064061009e+01 1.822618132171425387e+01
-9.625875937148644823e+01 1.044212528878703949e+01
-6.318996904219051913e+01 -1.430805242620730233e+01
-1.863317842800060760e+02 2.470679009343487920e+01
-6.858001686966491661e+01 -1.273118674221790148e+00
1.521240702425076279e+02 -7.906233755478407232e+00
-1.278186100615823335e+02 -3.135226103267291720e+01
-6.792018289671314335e+01 -1.721076947596028006e+01
4.839009360373529489e+01 -2.719704041558492236e+01
-9.220281332245278350e+01 7.393896400636103650e+00
-5.833478715191795771e+01 7.524160728954733202e+00
-9.779229534280302971e+01 3.390623947288389672e+01
9.448763064422541547e+00 9.529556871218890224e-02
-8.707838538405073336e+01 -2.551936069950033570e+01
-7.298696983849860942e+01 -3.132691252303492213e+00
-9.365647473106788823e+01 2.094364760392198477e+01
1.309437902442387269e+02 -2.389552799447137588e+01
5.707872035459640614e+01 -1.069329179085666226e+01
-4.375725055988729650e+01 -2.638104715810057854e+01
-3.427447428000918705e+01 -2.252436819277277280e+01
-1.846654407079964244e+02 7.861112138836006125e+00
-5.182298472167447301e+01 -2.399887715012245337e+01
-1.660247100309169639e+02 -7.816106446728715795e+00
-1.751709638720510043e+02 2.402273671835450486e+01
-3.999457283284681353e+01 -3.236928381805937338e+00
-1.482997525360564168e+02 5.964401362771278770e+01
-5.716396732649927515e+01 -2.435413609717459948e+01
-1.526278854102028504e+02 1.025277829752401360e+01
1.275892583842748529e+01 2.429200658275889069e+01
5.130127866691081806e+01 1.482418026860182092e+00
-3.156309889671549840e+01 -6.736815361361798260e+00
-1.661759391732508107e+02 -2.740080416415415598e+01
-1.577284395248262916e+00 2.033990848029054987e+01
3.628820236694485857e+01 4.561962274170326026e+01
9.248544962619733667e+01 2.704041794882276051e+01
-1.943943984648860805e+02 -3.315492964430541178e+01
4.054982582279798464e+01 -1.407927488346414790e+01
-8.259868471918949129e-02 -6.190497553755293758e+00
-1.419517065188923084e+02 2.704367302555585439e+00
2.029011164732357742e+01 1.732972176367417916e+01
4.790675827308745482e+01 4.647895044586649504e+01
-5.655115778999697085e+01 -1.957593643902955804e+01
-4.955946801685600533e+00 7.997978398191118998e+00
-1.745038689249691686e+02 -6.550945871273005139e+01
-1.223805802218723393e+01 1.341078926485693223e+01
-5.749561127051759257e+01 3.943760455758422268e+01
-2.474927445555126582e+01 3.120583896513055322e+01
-7.271509005494829125e+01 1.993815740492125066e+00
-4.317736831596747749e+01 -2.841358484556913666e+01
2.497910177594367553e+01 -3.995126842865563788e+01
-3.861801755530650837e+01 1.069146904950574140e+01
3.012566390983692344e+01 5.128727195193808797e+01
-4.383825552261957625e+01 9.187909544555175501e+00
6.287613956798303860e+01 -3.535485600638578418e+00
-5.221299797370208751e+01 1.158254585056125485e+01
-1.283605975312713952e+02 -1.617252348190986311e+01
-8.855458478754522389e+01 -2.822742314352415249e+01
1.634657946545716101e+01 -2.426877213184258864e+01
6.380022590557027229e+01 -9.345412290803004396e+00
1.248840576161751414e+01 -1.267202385671469855e+01
-5.735404953020787389e+01 3.070026535648180044e+01
2.932751528429337640e+01 1.856100009807264328e+01
-5.919943302119823159e+01 -3.357782561846794778e+01
-4.857994725058635055e+01 3.097328434062647418e+01
1.002678358080097354e+02 -4.362789875138555651e+00
-7.009063410068722355e+00 -1.074908892696386253e+01
-5.853163595502399374e+01 1.054016760500572580e+00
1.485182702534221733e+01 -1.020049909515676489e+01
-1.045077130592524099e+02 -8.203997002051567122e+00
3.623001338066336530e+01 -8.366693502807768468e+00
-8.718747095317198159e+01 4.818962705282928027e+01
-2.335229116119901249e+01 -3.162827749011160705e+01
-9.991412615756142657e+01 -3.351297384177776451e+01
-1.869559730575106187e+02 -1.556579743395694315e+01
-1.477698211637949122e+01 -3.504597020052595724e+01
-1.264385294189566338e+02 2.177918514404955541e+00
3.379445474357052603e+01 5.244477593787808445e+01
-9.499345471311961830e+01 6.967151238734930985e+01
1.249153246915660844e+02 2.254070773855511334e+01
1.590731970255250189e+02 -2.191047545076143876e+01
5.802672250152415501e+01 -1.863262397852545504e+01
1.218586240857298009e+01 -9.959036967089931025e+00
-9.935001034579948964e+01 -5.109036496931125271e+00
-1.503236833714276486e+02 -1.417460954244584492e+01
-7.172009408147080478e+01 -7.918054693125082366e+00
-1.354162844716054508e+02 3.855580105367590438e+00
-3.358803686381642706e+01 -1.330473025222634575e+01
-1.768210773271055416e+02 -1.410739960857432429e+01
-4.699469696840010613e+01 -1.819265577564548408e+01
-1.047228646656530593e+01 1.435063053953223200e+00
-2.601301826024047514e+01 -1.842028657064697938e+01
-1.096408720034029329e+02 6.197338499436320980e+00
-8.345978178898288036e+01 -3.934336234798924892e+01
3.025803642292399687e+01 5.970804286491864232e+00
-9.846403041355084440e+01 1.900998607775598925e+00
-4.792345906389590127e+00 -1.757091504642128044e+00
-8.341421835438013943e+01 -8.712161336937041867e+00
4.684109937550378788e+01 -8.953279354134114243e+00
-1.119075226594781185e+02 -1.861957455652876803e+01
-7.109864298873218047e+01 1.081904738079004780e+01
-2.916266197178990538e+01 2.567696349448771542e+01
-1.005028565627890345e+02 -4.153079594857904056e+01
-1.203736466647504812e+02 -1.805189929196985288e+00
-1.226827364219335124e+02 -6.676535831991243342e+00
-2.033316897806097359e+02 1.563357142639413944e+01
-6.333206430158902123e+01 2.980036387183206159e+01
1.074882283571609918e+02 6.337119942422077656e+01
-3.925991103599123733e+01 -2.610166890002096451e+01
-1.023354414325196338e+01 -2.626682255792717058e+01
2.755529967485999165e+01 -1.738080669493003327e+01
-1.567755848984454303e+02 -4.359934665348639982e+01
-1.763565862019749275e+01 -2.028325307272059774e+01
-8.797360725817006255e+01 2.905502063618835606e+01
-1.301076986308240748e+02 -5.119092922450398930e+01
-1.115381575458209795e+02 -2.196173513207044081e+01
-9.061665526416861383e+01 -8.083120397848402305e+00
-3.297729893512169497e+01 -1.194269522101518266e+00
-9.409317504337620619e+01 4.771276447726747527e+00
-1.345580840885016016e+02 3.979164981579405236e+01
9.686158416848087427e+00 -5.023893658724509947e+01
-1.832597257834180766e+02 5.266392280046805041e+00
-1.496302819207744790e+02 -3.811030660854588348e+01
-2.375780798200169386e+01 -2.631357527052257339e+01
-1.303736815573466572e+02 -2.343621241043063741e-01
9.185335308036007618e+00 7.350004178261301924e+00
-6.280982640522453408e+01 1.015995539952455395e+01
6.098264426176896791e+01 -1.847746305469447137e+01
-2.885154278712418119e+01 1.509974057771376010e+01
-2.435679668861159186e+01 -9.992167887762862577e+00
-2.026672962991927136e+02 2.113161064927065524e+01
9.052727833845555239e+00 3.231820488008748526e+01
-1.265976343720669774e+02 4.194831843744427147e+01
-4.779636576504896261e+00 -6.740881272951336989e+00
-1.400456407336390652e-01 -2.283207437181949118e+01
-1.192931053306768376e+02 -8.934148121426492395e+00
9.704467909282404037e+01 -2.175163050912804596e+00
-6.499850189304672199e+01 -2.452562159544364562e+01
-2.315722492951929112e+01 2.645787650494217047e+01
3.455727220119249665e+01 1.694628643543992297e+01
3.151947762544783771e+01 3.962138576780375843e+00
-6.228664816880744581e+01 1.005045761764211143e+01
-1.317359071497809566e+02 -5.176149924017532555e+01
-1.216192380167659906e+02 -1.757771253047136328e+00
-2.675583285217147278e+01 -1.338080439573667491e+01
-1.725568501355781450e+02 -4.735081162270463828e+00
-1.875046659707136598e+02 9.299553292867924981e+00
-1.126023514235454002e+02 -2.961092404674537804e+01
-1.581936046224312804e+02 7.258641170662917830e+01
6.786558023047696508e+01 3.858557942864877788e+01
-3.094182214022929145e+01 -4.482169054256392116e+01
-2.943098313966975965e+01 7.713948535304934184e-01
7.279641375794294333e+01 -3.301958087239373896e+01
8.236870744321731763e+01 2.649578169111089210e+01
-1.675542672527974730e+02 -8.822644565560517904e+00
-6.413645518159825087e+01 4.058713187779702736e+01
-9.728326862834984468e+01 2.348816931361135474e+01
4.283986248597114610e+01 -3.276119900303033461e+01
-9.189836621665510563e+01 -3.016143953334107408e+01
1.212428830081181985e+02 -1.347658143423375599e+01
-4.216891513966371718e+01 9.966898833194099083e+00
-1.499932812589406126e+02 -1.652068139121506718e+01
-1.468611452784527387e+02 -2.983390259279295798e+00
-9.223184091594620782e+01 -2.073301495389736004e+01
-1.835702236869870205e+02 3.013898296688321565e+01
-1.477415691917329639e+02 -7.547949257740445006e+00
-6.644843706743171197e+01 1.549776999174673620e+01
-1.316514213852805995e+02 -6.552821348392770417e+00
-1.646299498421014817e+01 -2.247023391419527982e+01
2.850803764646163074e+01 -2.469028156207068747e+01
1.447114854591576893e+01 -2.305139521158324811e+01
3.902748897800512395e+01 -1.828445560682586191e+01
-1.649775102299234959e+02 7.320735892559222968e+00
-1.162996099761067939e+02 -6.550670480081252833e+01
-1.698955353729568287e+02 -1.145782811874381579e+01
5.273402835658855814e+00 -1.133222149794838884e+01
-8.829450447227492305e+01 1.479429544577468647e+01
-1.523343558321531646e+02 -4.060471461727233944e+00
-8.126826624287389222e+01 3.954896847021057038e+00
-4.258269267646932832e+01 -3.410324450378777739e-01
-4.056052219832521644e+01 5.986271486169577827e+00
-4.113918732162976255e+01 -9.810848226728403176e+00
-9.777815741103984237e+01 -3.460155464491419419e+00
-1.040349351502736255e+02 9.872594944323198618e+00
-2.078532896483049441e+01 -1.452530035860210589e+01
-1.332144029390019213e+01 -1.478162412533294834e+01
3.988340600483869736e+01 2.144888409658041795e+01
-3.016322407539813355e+01 8.295379656902612808e+00
-7.515376543766073780e+01 1.974575774586021026e+01
-2.419560276883148475e+01 -1.720814538950763861e+01
-1.021155882155342880e+02 -2.946331681476544162e+01
-4.723307703839625837e+00 -5.942024380678038398e+01
-1.313351575983650150e+02 -1.661239090639109506e+01
-1.081945522433359770e+02 -9.473524943286044220e+00
-4.310489802487196442e+01 1.786712157767725273e+01
-1.017569327227601228e+01 1.540690555196426992e+01
-1.441691403376040057e+02 5.404180827950320953e+00
6.929216375109551507e+01 2.309055197464629838e+00
-1.300074855554123587e+02 -5.270599990417785818e+00
6.719533594749881900e+01 -7.143278149100160590e+01
-1.731346745801477880e+02 -1.941629037849880035e+01
-9.745290893995181136e+01 -1.008314142352472409e+00
1.000071492953481425e+02 5.948617073289869772e+00
-1.199263706575194703e+02 -9.153834197662829908e+00
-6.719480343368003616e+01 -4.068273360746903933e+01
-1.270222461683813719e+02 -3.993088043590975467e+00
3.869586994102694177e+01 -3.262443847601652891e+01
-9.972325346817446245e+01 -1.229717967085355745e+01
1.009091539317364408e+02 3.497882120527083316e+01
-2.099437606228080000e+01 -3.339290598833704493e+00
-5.561361302648987248e+01 7.410690968201906870e+00
-1.485001753463724867e+02 -2.419226691413732766e+01
1.001118462281575461e+02 -4.800222604073464794e+00
-1.460080856705552605e+02 -1.595375887007267579e+01
2.753384213281660209e+01 1.845624544804612910e+01
-1.146303012467291040e+02 3.013473843520979578e+00
3.510233182921993045e+00 -4.707457339969224819e+01
-1.118424371085152558e+02 -1.704201232345470984e+01
-1.195750323558893236e+01 -1.120626402428441182e+01
1.530955736059133621e+01 8.995135111696704655e+00
-2.208224707948460619e+01 1.257462008619778082e+01
-2.571886435490648282e+01 -1.784364544393890251e+00
-2.563607573691096775e+01 2.636353226144870376e+01
6.508346548939181275e+01 5.116096628318780759e+00
-2.413542371802378739e+01 -1.668082685413061839e+01
-1.441587444582009141e+02 -2.989348074275373968e+00
-1.269821704180591304e+01 2.809463208379615295e+01
-1.171186423812461754e+02 -2.187581205388415739e+01
3.295001096104030580e+01 -1.812692597414457651e+01
-1.006448575023107992e+02 -2.428930359053267551e+01
-8.449342876880167807e+01 -3.785037629856504537e+01
9.223289519658255387e+00 2.201663114608220440e+01
6.148585941248964559e+01 2.038937459807224073e+00
-1.743101827561420691e+01 -2.064726654887661894e+01
2.058747144360587100e+01 -3.726405882914114187e+01
-8.931929401432358873e+01 -1.949317675974714348e+01
-2.410918590488118340e+01 -6.521993758361039895e+00
-4.315018749993242864e+01 3.654534449522456185e+01
-1.505339012048824259e+02 -1.569174136220164506e+01
-1.491897942044300862e+02 -1.828157143928260098e+01
-3.870014989847188502e+01 1.835291274892386326e+01
1.554018409131945333e+00 -2.067452212084887364e+01
8.971099751356033991e+00 2.150629545312512825e+00
-5.210637723303817381e+01 -3.272008384843542927e+01
-8.595565169213030288e+01 -3.853978019275341893e+01
6.032311075807633927e+00 -1.911994898084817507e+01
-5.306526109058867036e+01 -3.929257304752021440e+01
6.998274402096812707e+01 -3.547409744009252019e+00
-1.031636093162074985e+01 -2.480631622750882226e+00
-1.920803142429543868e+02 2.329534477480249421e+01
-4.472155704519924058e+01 1.734137693686600201e+01
-8.270897596328146051e+01 -2.115436925303619020e+01
-1.649168030736801711e+02 -1.920936083809770523e+01
-7.785946922130035830e+01 -1.491343460930744946e+01
-1.425999438925622087e+02 1.229886739650294736e+01
-1.241719377386217786e+02 1.788971597544657044e+01
3.720322504617705306e+01 -2.412454802134791265e+01
-1.072259691699224646e+02 -2.253723837370494110e+01
1.682669918251922470e+00 -3.155930770170171584e+01
-1.892243278795867525e+02 1.100072176770741095e+01
-1.299447913938198269e+02 1.088180284027130362e+01
-1.310046030044027816e+02 -2.243669999514560587e+00
-1.966481918572441714e+02 2.484942284007101776e+01
-2.777598767006461955e+01 -2.881052905106680839e+01
-5.719019405686543678e+01 2.357601702711710878e+00
-5.173302547819067598e+01 -6.178874072024800768e+00
-1.640086699926245615e+02 -1.188874113189156034e+01
-1.103062631239093179e+02 3.173630778947105924e+01
-2.718103825705635757e+01 -1.857100752552211986e+01
-1.177577881457280284e+01 2.555060331431592502e+01
-3.745167524091204569e+01 1.438391173500000519e+01
4.929285206100001915e+01 2.266045061054516907e+01
-9.382763598226634372e+01 -1.021773733749892799e+01
-1.203816085688991819e+02 -2.103292718163460506e+01
-1.997517347108309878e+02 1.392030969242787819e+01
3.735880662844143529e+01 -6.820378560544431146e-01
8.521312704135139882e+01 2.084495048505861092e+01
-8.274437513438904546e+01 2.239522715428708466e+01
1.001306862923081731e+01 -1.442479275858057086e+01
-4.533569335429944402e+01 -1.594403850362121489e+01
-1.702770549331079053e+02 7.878208277287759742e+00
-1.741885202365926943e+02 -4.052936849470108172e+01
-9.518307223770004555e+01 -1.047770214131124922e+00
-1.158766062105825938e+02 4.681493976155670111e+01
-2.128254617332218857e+01 -3.873297918771847925e+00
5.475285763389258875e+01 -1.457251718820175235e+01
1.585050540795366203e+01 2.290149668365043922e+01
-1.655442134449551190e+02 -3.778596420544388934e+01
3.829364205229931883e+01 3.409805686704253702e+01
-1.193815562799394314e+02 1.039391987288161801e+01
5.454381429730236874e+01 1.961262238048894346e+01
3.583485579219672701e+01 -3.330308922792550419e+01
-5.583076331110297019e+01 -2.943154601880121035e+01
6.612463417603585469e+01 8.715019422886852496e+00
2.178897520048298730e+01 -2.388367974673155558e+01
-4.729825843799094542e+01 -1.454664353380964847e+01
-1.619185499031007112e+02 -3.089961980625465454e+00
-1.151616266450341328e+02 1.271590687263643638e+01
3.997906616636342392e+01 2.432168594741182588e+01
-1.660702754258064431e+02 1.861464463906492739e+01
-5.142856867908474072e+01 -4.398338386730666905e+00
-1.802407058613792117e+02 2.130712070028434368e+01
2.256735389026887262e+01 -1.346641156727783839e+00
-6.457561464560131981e+01 5.720958571222175770e+00
3.843640203354798945e+00 5.798965376469100619e+01
-1.191804326979121669e+02 -1.757159879787837298e+01
-7.100781913751005447e+01 -1.588893178276020279e+01
6.788525188747377115e+01 2.529558711513232527e+00
-1.211929282187665109e+02 4.435813969058668960e+01
-7.673518406802705272e+01 2.978451861237038045e+01
-6.438419617854525256e+01 -1.476698520972415096e+01
-8.791463762410865357e+00 -2.373661591431695328e+01
-2.984223001959392718e+00 3.209130443413888401e+01
-2.582608981709997309e+01 6.537856572370968422e+01
-1.822082650891793492e+02 -2.659935801878814132e+01
-8.819755842060357054e+01 1.859087746864079094e+01
-4.155158591311749205e+01 -8.482118625426485203e-02
3.702550105280244974e+00 -1.751813454371333378e+01
-1.553310391836919990e+01 -4.182887695897752423e+01
1.563064741520738821e+01 -1.845037451157362618e+00
-4.900760177451790156e+01 -4.485992308685997187e+01
3.314953439935962365e+01 -3.234793320989526766e+00
-8.144248837222039583e+01 -2.182870355401397333e+01
2.264063454614539239e+01 1.497678447514287470e+01
-1.087965746781142542e+02 -1.101501816043874094e+01
-1.230586429642909962e+02 -1.806465892463171841e+01
-1.601938883068170867e+02 4.845045924446235830e+00
-9.594594448485322946e-01 1.658026438125923008e+01
2.746555781675263930e-01 2.207236509891880871e+01
-1.745802872255750344e+02 -6.457318489448766741e+00
1.591552256906350351e+02 -6.673547985401476090e+00
-6.189288727185675754e+01 3.858452339348588112e+01
-7.966186419903038995e+01 3.106387499820569786e+01
6.150605862882930097e+01 -3.348428175799000428e+01
-3.333189590075177478e+01 -7.189327849000851423e+00
6.167480187850178197e+01 5.496930266787371266e+01
-4.770723103976283852e+00 -3.003195870359660802e+01
-1.206222833557347798e+02 -6.865807822013166195e+00
-4.439844855230093401e+01 2.163059824807016085e+01
-1.529534530618136330e+02 4.257284546932267766e+00
-8.785091228789019269e+00 2.912558913156637885e+01
-1.386815386482616930e+01 1.818025073952570736e+01
-9.929971941535131918e+01 -2.999283032965413298e+01
-1.673036132596900245e+02 1.413186862466384319e+01
9.431368081166721140e+01 3.479057207683757724e+01
2.008818640034693459e+01 2.294740442663249880e+01
5.834670055340189521e+01 4.521945959669894677e+01
-5.017899366937167827e+01 3.059409378898644061e+00
-1.359256273998463485e+02 -2.168156835764394330e+01
-2.100354806824946081e+02 9.630597647985297272e+00
-5.060196772716020064e+01 -2.098704430536575316e+01
-2.365368546504845426e+01 5.621532424507466885e+01
8.615938703198658288e+01 -3.270165242757317348e+00
-6.362029737745870506e+01 2.006643210029145408e+01
-1.197615778719980568e+02 2.215950478587256711e+01
-6.168885034012271262e+01 -8.376952755798984640e+01
-4.466298430696785005e+01 2.401530700272689245e+01
-2.640673712847824959e+02 -6.666671945281850142e+00
1.098553470990375702e+00 -2.530628090640370420e+00
-2.352869620793135397e+01 -1.753043022606839330e+01
-2.163525447958225101e+01 -4.276113856856350992e+01
-1.253195061259642387e+02 1.430212573785220265e+01
1.080196918267099875e+02 -4.303733577637731145e+01
-8.318245656212246786e+01 1.673532485222847477e+00
-4.195027859246904001e+01 -2.396189045409353469e+01
-4.782028006712667434e+01 -7.389711091836177914e+00
-1.558492729978683933e+01 2.112458206739680477e+01
2.373735454277443324e+01 -2.704715931173426569e+00
-1.107814872029928637e+02 4.189956112967762181e+01
7.676867452550932569e+01 2.023525793370936299e+01
-9.620367149296394871e+01 6.980447804528442379e-01
-1.210208199282698303e+02 -2.506886226784448723e+01
-1.345859885933950295e+01 -1.445667736704909956e+01
-1.211480281796619920e+02 -2.509050096376601147e+01
-5.613337713908522630e+01 4.510549965194417865e+00
-1.870271556213360142e+01 -7.153164295406956086e+00
-4.386428586101452254e+01 -1.013793258047914669e+01
7.689573567786681885e+00 -3.102836002661146253e+01
-5.527203361739930898e+01 -1.402140895458825476e+00
-1.399263063849806485e+02 -8.638430891999384187e+00
-7.186559723161032309e+01 -2.035283149280939696e+01
1.546530515077472501e+02 2.738266048074184056e+01
-6.620764889551239207e+00 -6.211778417978397471e+00
-9.286369183622434909e-01 3.267711754479963560e+01
-1.745702126481669438e+02 -1.414332783219905565e+01
-1.433039631272018255e+02 -1.248096711201192477e+01
-1.285653988733173776e+02 -1.639397382273818948e+01
2.784529518897575073e+01 2.209558786005113262e+01
-6.555635084359046516e+01 -3.201272716224580961e+01
-1.939415525037626367e+02 -1.858586608363202552e+00
-1.445578571339634379e+02 -7.647491324238809618e+00
-3.599503291533139304e+00 -6.232718665221104182e+00
-7.365610339213289137e+01 -5.988907341312079247e+00
-4.173845112713580363e+01 8.158780672168918002e+00
9.884306295743122917e+01 -5.526276776035174265e+01
3.354167643674357890e+01 1.138503035522260909e+01
-1.395882412328660749e+01 1.436043465230858018e+00
-9.119110391196213072e+01 7.506321122490910991e-01
3.890872156251536040e+01 -2.436264174578407093e+01
7.999893522220297370e+01 -1.888130804209539804e+01
-1.027612997210510599e+02 -1.561092660623869310e+00
-1.008811696117107601e+02 -1.159555766524800724e+01
-1.579309394181780419e+02 -2.311141789982418970e+01
-7.284324953251011436e+01 2.940185645783883217e+01
-7.907756577588737912e+01 -2.406661205919501256e+01
3.783873157104529383e+01 1.597891109120854480e+01
1.015107570728497990e+02 -5.422806022533444548e+01
-3.312260710209685044e+01 7.753439575685214358e+00
-6.067757882152215565e+00 7.027258569972026692e+00
-1.025334552694511636e+01 -9.848279282224456921e+00
-1.186514641793483982e+01 -2.594634145560360139e+01
4.591891944733393416e+01 -5.787013116352797937e+01
-1.063418969212561294e+01 1.299563974586557791e+01
-1.700915004012603333e+02 8.618358468409240913e+00
-5.724108360370252058e+01 -1.038394274099651987e-01
-9.381370741371232214e+01 -1.640116387460232472e+00
-6.758909404022503509e+01 -2.406285691127890036e+00
3.685803838847930081e+01 -1.949799935347136426e+01
-5.483227846581107912e+01 -2.255033432583908759e+00
4.501987200677560708e+01 1.456161603085829093e+01
2.136869747690744603e+01 4.457984083384838314e-01
-7.003725461881307979e+01 2.564618210336893256e+01
-4.564401092020526107e+01 -3.534784880053903322e+01
2.502661936474958182e+01 3.403173428095271902e+01
-9.920378480852102143e+01 9.813428067847711489e+00
-8.001569921645705108e+01 1.327564266450174912e+01
-1.079011438939104153e+02 -5.116394055784856398e+00
-8.111060759194496939e+01 -3.767606181696776702e+01
-8.083819396747304609e+01 3.079233038138873013e+01
3.621669131053607771e+01 1.492604836740124696e+01
-7.423936909575802190e+01 1.402819166252366756e+01
-1.561755470168649822e+02 1.036380185160527745e+01
-1.628820127661292645e+02 4.495071457552866967e+00
-1.731296637107441825e+02 1.122788073177756196e+01
7.148377995555578934e+01 1.729631834843941363e+01
-7.171401462848209007e+01 -4.763475802628054367e+01
-1.725398443405652671e+01 6.402574632163906543e+00
-1.643168907513388604e+02 -3.071253123642387806e+01
-8.056681002293086635e+01 -1.647056409773228536e+00
-1.026462654712284319e+02 2.444812021291301107e+01
-3.811872259793914708e+01 -2.118709398286830847e+01
2.605643952909271022e+01 -1.835884247454086804e+01
1.195454530338656980e+02 6.418102633731207618e+01
-7.083898452445154703e+01 -8.648658550922592170e+00
-5.868814604336709095e+01 -9.781760570876311789e+00
-7.083294037827961631e+01 -9.891100024000028412e+00
3.036730199945890440e+00 6.102563474173743430e+01
-6.056279662335921188e+01 1.805707601741172752e+01
-9.306756881212049848e+01 -5.086699491092343095e+00
-1.654640426473217190e+02 -1.526765573552722266e+01
-5.747035552854355700e+01 -4.896669214514469104e+01
1.232914586527047263e+01 6.561728039514671096e+00
-3.898425788927295521e+00 1.277913817448539646e+01
6.938725934946933194e+01 2.537921992282334926e+01
-6.213417827587941389e+01 -6.006673282845102158e+00
-1.676494547125112149e+02 -1.558630818015809005e+01
-5.723403841420763172e+01 9.605737312552658835e+00
3.178475494413368097e+01 1.721440738097959411e+01
1.653325788143354558e+01 5.879606172248543317e+00
5.772477300765456931e+01 -1.859015345331243907e+01
-1.599653591417975207e+01 7.952288795393982035e+00
-6.218978299760121331e+01 8.451650492533010706e+00
-8.316812478399846498e+01 -1.967963992989098898e+01
7.123180005022931027e+00 -2.095430045143634246e+01
-4.345584409990551933e+01 -1.450744162190356512e+01
-1.619348278799631089e+02 -1.071098783675663135e+01
-1.734696438852091660e+01 5.938459444520961306e+00
1.206644252163848741e+01 -1.117316618217821578e+01
-6.047890227244940320e+01 -2.973824792424160979e+00
-1.225863670265994614e+02 8.391522477779085776e+00
5.609656736215608674e+01 1.019311108558341950e+01
-3.368852143764956253e+01 2.724037818098861763e+01
1.710714028365186579e+01 5.656992380013466715e+01
4.746223056799161100e+01 3.289214459981030814e+01
8.288218956450730701e+00 -1.484469932814733051e+00
3.212212744769819750e+01 2.634793879021543273e+00
-1.023933128790640978e+01 -6.837358186210251709e+00
-1.161582544056222019e+02 -5.413592069645082994e+00
-1.510352037166816217e+02 -2.049642517996824864e+01
-7.936020603016230268e+01 -2.276425845670912995e+00
-9.436694079401935653e+01 -1.359737214892995283e+01
4.101563129999029655e+01 1.236814141942452316e+01
-9.530173014123452901e+01 8.534638337874369540e+00
1.528108516890541679e+01 -1.702109641046742539e+01
-1.263355104404987372e+02 2.816968980304295300e+01
-1.089497882539480571e+02 -7.890938527680278369e+00
-2.504292970561472487e+02 1.770284587514333197e+01
-1.556008245098831821e+02 -3.298638282719173986e+01
-1.737107217638360623e+02 -1.591261907541471388e+01
-2.921887607315361279e+01 6.377211953999001537e+00
-1.016956261912337993e+02 1.242308942661944116e+01
7.832156895857102086e+01 -3.641817414221959126e+01
-3.494922898188504234e+01 -3.514813169306043594e+00
-5.976416771976772679e+01 6.286507559965457403e+01
-1.771513684827683122e+01 -2.541489499349179937e+01
-9.973336280514043040e+01 -3.940833007416951972e+01
1.869839589783808975e+01 1.698033433297101880e+01
-1.106393321198216597e+02 9.526033165562733274e+00
-1.300182051760448099e+00 5.245131481361781312e+01
-6.676473657339024648e+00 1.893843872994351329e+01
-5.708312755500846691e+01 1.206299000223928530e+01
4.918387109424302395e+01 4.101013275078809195e-01
-1.497805884296873273e+02 -1.136563072142654995e+01
-5.115545267284148423e+01 2.177686630529986545e+01
2.462277251191228444e+01 6.197379365412674979e+00
-4.280959713723507321e+01 -1.385455887542097386e+01
