-1.520646312097165662e+02 -1.977651224583648570e+01
9.168289966881218334e+01 -8.868827401989708648e+00
-9.695722029485951410e+00 7.976961964699083474e+00
1.884988751494847463e+02 4.850718468640363490e+00
-8.943956598838948935e+01 -2.334321390892125869e+00
1.246710554296737712e+02 -2.103016426668658667e+01
1.925642490756357290e+02 1.404954014569654497e+01
-3.512367560209584383e+01 -1.814236776986201249e+01
3.281699438109360756e+01 -2.064655310331948268e+00
1.995550999402260572e+02 9.701174464097443106e+00
-4.222419903721513634e+01 -2.429209001338358576e+01
8.639769156458959287e+01 2.529984521847410051e+01
-1.032482532892109930e+02 -4.095295487108815990e+01
6.046363691971435372e+01 4.869475274015640309e+01
1.997736954342418869e+02 2.578092070214217379e-01
-3.302130762398224562e+01 1.336146796596038122e+01
3.719734160202933992e+01 -1.302906228383057297e+01
-2.625425724297983265e+01 2.265767463313425623e+01
9.438638751792171888e+01 -4.593317475576652953e+01
1.451722772819970260e+02 3.748365612411710401e+01
-8.806833957491058129e+01 -1.454138932991580724e+01
1.913713794525531000e+02 -2.469214366039335218e+01
8.056028148405307832e+01 -8.799726065720493651e+00
2.003013431433091966e+02 -7.068882050747669155e+01
1.898770626131834263e+02 -1.396648865143989759e+01
1.946091717463569069e+02 5.421406575339317868e+01
-9.377381575182793938e+01 2.023686767024470967e+01
-5.711634557262244272e+01 7.313790208154833827e+00
1.263054071295477883e+02 1.266028409757036854e+01
3.230110548753053479e+01 1.736874305328412404e+01
8.311856126779501608e+01 -1.193949576605292506e+01
-1.888378068384259052e+02 -1.290865118796675226e+01
1.907146157405442466e+02 6.517845034315977060e+00
2.008333333178501050e+02 -3.418748145313634357e+00
1.811909386503147630e+02 7.845872400428405946e+00
5.021478615286404334e+01 3.040000208990703445e+00
5.002792517531826633e+01 -9.547494319874285651e+00
2.519301611461112316e+02 -8.657763390927314617e+00
4.284093237206447924e+01 -1.071138634936640344e+01
-6.345403585042331684e+01 -4.183692516475870704e+00
-4.002513272345232309e+01 1.606891971073656666e+00
1.100186638391017766e+02 -2.245349176504735311e+01
1.226186362253078102e+02 -1.024452965646372427e+01
1.642955992552762439e+02 -2.066320923165566370e+00
9.989932905796022666e+00 1.359225140487719941e+01
1.709545564261824779e+02 4.084080967614166013e+01
1.686418007600396436e+02 -2.380462140799608761e+01
1.376821532789534217e+02 -3.826620030973378306e+01
9.175330733379269077e+01 2.167308339505445147e+01
4.703830501330173064e+01 1.515652276254361830e+01
-8.882400661061714331e+00 9.154428818047614769e+00
-8.238598684749834433e+01 2.775096720229741365e+01
1.715292776178337704e+02 -5.793736859610987278e-01
2.211041846522682022e+02 3.242483052330690185e+01
-1.295197668460594969e+02 -1.819761328354837104e+01
-1.683352863114986349e+02 2.382447852418048484e+01
2.060448379792461537e+02 -1.563619642617708472e+01
8.469749866661518922e+01 1.182372644237924675e+01
-9.708284924146519757e+01 -2.903491456953928918e+01
2.155297598832819972e+01 -1.200597364303689396e+01
1.348888551018392548e+02 1.256300123082468190e+01
1.033548389609031801e+02 2.131472763745328081e+01
1.996087673363622059e+02 -2.873715555921311093e+01
1.169871903174811507e+02 -1.892391980133316665e+01
1.845615934338519253e+02 -1.149025880174418646e+00
2.271809740109690097e+02 -3.824202283503804978e+01
1.661116258252382920e+02 6.140659135216406384e+00
1.832735653729907597e+02 3.974952722880033917e+01
1.640748835275247757e+02 3.197636007555536963e+01
9.278559807360417722e+01 -5.886945497332236599e+00
1.052310850559485971e+02 3.859508906207493339e+01
5.166533188603118276e+01 5.874075037048459791e+00
-5.362374972287590680e+01 -1.423331195725196530e+01
1.839420103306871681e+02 7.343643055505112649e+00
3.461038082742560817e+01 -1.647080961209809047e+01
-2.730474217464424314e+00 6.402220058964653049e+01
1.055159704019769009e+02 2.315695312522660476e+00
1.851958850925928175e+02 3.775801907880463659e+01
2.320623698992573338e+02 1.367839239887080005e+00
5.463928092856765772e+01 -2.831175716668607123e+00
2.026703057223128042e+02 -1.492014468641578695e+01
4.562444557222016073e+01 -3.550879558001484693e+00
1.175398541045286862e+02 -3.739108880060604889e+01
-1.079993464573525159e+02 -8.234537065933706401e+01
-1.987890441655193641e+01 -1.428821801306276384e+01
1.734869099679173843e+01 3.768838331249670048e+00
-6.188957270823345347e-01 1.627811291542892391e+01
1.507988497658009237e+02 2.893370651274460315e+01
1.825419069074364984e+02 2.435169135191006617e+01
-1.163187603155947585e+02 4.253405626638637216e+01
8.775245521375236990e+01 -1.533306927103386919e+01
9.367982720543494679e+01 2.543600791728751176e+01
6.446555227753981399e+01 1.329112208700386333e+01
-1.550260863036452008e+02 1.773097692848871532e+01
8.772069047870166969e+01 -2.768901235444186071e+01
2.425264950130739692e+02 1.903782822263434937e+01
-8.218995335494154730e+00 -1.498467622402977462e+01
5.179931825662289668e+01 8.157617199561235211e+00
1.729483084167376319e+02 -1.037080732445058295e+01
1.565783170281264347e+02 -3.960876678584511090e+00
1.030579311816529469e+02 -2.033153775160617727e+01
1.198499012532861485e+02 -7.024461829856516459e+00
1.215712797496649102e+02 -1.012533148729566790e+01
-1.175484462215120942e+02 -1.969203672678835559e+01
-8.150862261281529797e+00 -6.084650875363394107e+00
1.403354743529700102e+02 4.525217301970277362e+01
-7.680753322965276197e+01 1.015956805585044265e+01
1.232999836209405089e+02 -5.225535451868327463e+00
4.629606829808695068e+01 -2.369684187184376611e+01
2.344943765397318600e+02 2.942363731709243524e+01
-2.907788102852591194e+01 1.369715389145796003e+01
4.760655709780822065e+01 2.073934265650906639e+01
-1.517548900785093906e+02 3.981823064471442297e+00
7.381477997110150113e+01 -5.869366459475218178e+00
-1.081242768162084360e+02 -2.324013392562705960e+01
-6.456119922942305323e+01 -2.505068351413498107e+01
1.640029172722727253e+02 5.230580538945932112e+00
1.272642828893267790e+02 3.357365278392044416e+01
-2.424673293698034726e+01 -9.889717834218442860e+00
1.037333417023726838e+02 1.815893875098635490e+01
-8.223564353449617670e+00 1.041936833483159686e-01
2.155109027571265301e+02 -5.506299430953057517e+00
-1.489781983632297511e+02 -3.000281787807110589e+01
-1.761835052942451796e+01 -2.813608479022739584e+00
9.950970594990681661e+01 5.567759061852013414e-01
9.247893865483382569e+01 2.972279113935075046e+00
1.629475373062118422e+02 -1.000734214111171916e+00
1.521821400888244114e+02 -2.319434023014068558e+01
-4.625265327146647820e+01 4.142018084601865269e+01
-7.317287499909527071e+01 -1.641095842484815748e+01
2.031556763386901423e+02 -3.284530860260235841e+01
-5.867565922668975986e+01 7.021519333212710023e+01
2.419480885620777499e+01 -2.822665671748151794e+01
-6.326269233829051331e+01 -1.855316207092782932e+01
9.110328698561728800e+01 -5.760606791472857147e+00
1.671236642410702586e+02 -1.706742109961929543e+01
1.447256968515867186e+02 9.548779846231887802e+00
-4.026243709408884541e+01 -5.267293156883689598e+00
8.911742740454268130e+01 3.254412995526759111e+00
1.267887859123543137e+02 -7.995115444430787477e+00
1.934303186574759934e+02 -2.278673851539617434e+00
2.013801280551957973e+02 -2.876337981135799993e+01
-8.130813436733862432e+01 -2.172600762987359602e+01
1.327132467888509666e+02 3.873581762492875669e+00
1.541051578109277216e+02 1.548576309492677794e+01
2.236789915679627594e+00 -6.987843364692008841e+00
-2.035966246031439084e+02 -1.017856444716122688e+01
-8.368557290436456242e+00 2.106559871382974691e+01
-1.412909546938789163e+01 3.126463947103381713e+01
1.839628237710880114e+02 2.086237642736537978e+01
2.022151182399112486e+02 -4.727318989673841898e+00
1.201029379247866160e+02 1.901392280900498832e+01
1.516368369496873072e+02 7.361991388026834215e+01
-8.552043839451077645e+01 -2.709538925318503999e+01
1.646006398013582555e+02 5.409166234476375124e+00
1.366348944511167645e+02 1.450134209054360568e+01
1.792416180608712182e+02 1.532999177299576843e+01
1.286056823122641219e+02 -2.767074145905832694e+01
2.050832279863530516e+02 -1.135890123391533946e+00
-2.736642711696422126e+01 -7.458721918038448528e+00
2.487442783446991825e+02 -3.500920816980958961e+01
1.192795091017205067e+02 1.119583404621210576e+01
-9.031708466090684340e+00 -2.060248847899741165e+00
1.794255728224917448e+02 -1.425583058263062064e+01
2.267174027166076371e+02 3.432247926043834951e+01
1.385989638802770401e+02 1.043660844134425325e+01
1.798773733685897014e+02 -1.354303402225950137e+01
-8.054723928117080334e+01 -1.490576553119452585e+00
1.991834140417580841e+02 -2.051559505150071794e-01
1.553856311503953407e+02 1.480322989119153476e+01
2.000768759821248466e+02 -1.201689881077741440e+00
1.547482702699898311e+02 -3.432605705072940339e+01
8.778712317912759033e+01 -2.588663333085346352e+00
-8.644762624629127856e+01 -2.844244027524344176e+01
3.543683216127281810e+01 1.630694238655818751e+01
1.711690162311894881e+02 -1.424746782664790956e+01
7.709099224073180778e+01 -7.671163149568347883e+00
-9.438141624835262178e+01 -1.574541841651741159e+01
1.762488448300937023e+02 3.951101240244041435e+01
8.224030918559765269e+01 -5.630899879375129480e+00
2.071340785261994881e+02 4.976694003162104707e+01
9.462298700904223381e+01 -1.779367144399027367e+01
2.918516175171891547e+01 -1.280554369058019404e+01
-9.486918743611133209e+01 -3.603343510186993726e+00
-1.372862654311466315e+02 9.889411385340576288e+00
-9.451204748917564302e+01 -2.162786861465287558e+01
1.845110722816179134e+02 4.909786489393997755e+00
1.275032080646104902e+02 5.243172521457237423e+01
-5.994575670792033151e+01 2.525910552861460445e+01
6.980986732408065620e+01 -2.225825231808743609e+01
1.490083034760613998e+02 7.567687187083167899e+00
1.632903978743626965e+02 -4.862371930644266094e+00
8.822135201918925418e+01 3.225613699570983073e+01
-1.641151978223908827e+02 -1.221542328726820115e+00
1.874648788302529852e+02 -3.492208440800002034e+00
1.568215159254869491e+02 -3.630790473083690273e+01
1.763036459549497295e+02 -2.621225430110108334e+01
-2.377746887378903651e+01 -4.694659426970368088e+00
-5.829544535502250824e+01 1.380344959022539797e+01
1.823784129090906276e+02 -1.748902351046301717e+01
-2.079156079969687099e+01 1.637859013932551377e+01
1.443777859839595124e+02 -2.175016656233337731e+00
1.673488163873243764e+02 -1.719214887685273396e+01
1.391439765870364056e+02 4.400826650187847910e-01
6.223232415828287856e+01 1.863049110461223279e+01
2.029857761998371757e+02 -1.033484294624308042e+01
1.848774358742598167e+02 -7.056144220776755738e+00
1.930121611716585903e+02 1.707817879823903695e+01
1.372204641048220992e+02 -1.385480871260760694e+01
-4.492860247697022302e+00 1.246509369712117987e+01
1.889159042012223040e+02 7.382311982903068781e+00
5.415806109557053816e+01 7.949403767776207275e+00
1.590634649547003789e+02 1.072662839556789471e+01
1.075691766713052715e+02 1.605755247731773139e+01
1.003475237945358316e+02 -2.187889897512997806e+01
3.979734166580936261e+01 2.183774609672479627e+01
5.864071237960728666e+01 -9.571852223266649418e+00
4.913618237791021137e+00 -6.534606828424629477e+00
-9.323546971798332095e+01 2.803048445878387795e+01
1.945078495486221470e+02 3.394899721357789169e+00
1.059334165421222025e+02 -2.013464481741823775e+01
1.263809052723213284e+02 3.880715850503311515e+01
1.896189198451537834e+02 2.595874762365684418e+01
1.143789653068853767e+02 5.168249755125960831e+01
1.149592575148231788e+02 1.637359204942797675e+01
-1.318835949756034438e+02 -1.060385044964966106e+01
1.989502464842869074e+02 -4.650280770518756768e+00
5.061845143811822822e+01 6.619348345430024594e+00
1.507664658376303635e+02 2.790999275075139963e+01
1.782825502176663406e+02 2.049008526391879670e+01
-1.123068285990316895e+02 2.226061406436978274e+01
1.924250231086661245e+02 4.155564961646775579e+00
9.021867277997255030e+01 -7.264414440520160277e+00
1.396156750277898198e+02 -1.380263348606937335e+01
2.046381725197433354e+02 -1.872472621954770267e+00
-2.875933566801820263e+01 2.200571550293640044e+01
-4.608394726288199195e+01 2.060287228712420671e+01
-1.138057130405144477e+02 1.690165883451705753e+01
5.818440481981932777e+01 -1.480700151997919001e+01
2.033166425236003363e+02 2.790510030619704196e+01
-1.024840972368978953e+02 -3.824020678429196352e+01
1.785395888599072123e+02 1.202806154851769804e+01
-6.297596387046780109e+01 -2.273855515880762823e+01
1.851505602464503397e+02 6.957392772578183227e+00
1.636488740164034823e+02 -3.231863417475334899e+01
1.674806376848600564e+02 -7.947064764944014037e+00
2.533532723806792220e+01 4.842543307520540630e+00
-1.432486864233432300e+02 2.642194163601311629e+01
1.979786766162871174e+02 -9.054510799142366784e-01
-3.094117122798764186e+01 -2.414342591395802629e+01
1.609487583471617427e+02 -1.700927578190321654e+01
1.126968831421207966e+02 2.201591930904565686e+01
9.053137680228863360e+01 6.378610716276827297e+00
5.216575242163051485e+01 -1.871871917399137430e+01
-2.204918133615448994e+02 -1.606452050288892508e+01
4.488257740329609780e-01 8.829929286901766261e+00
1.882629077574404448e+02 1.488639609847537670e+01
1.251906078064338317e+02 6.856489038471460518e+00
7.018862746532259678e+01 5.264058155742361578e+00
1.553967249576751897e+02 -1.355934924529873165e+01
1.645070512656828328e+02 -2.290065122312563162e+01
1.140376972584280963e+02 -5.990384347722509162e+00
6.356515251502455754e+01 9.133508380595239728e+00
1.391667190417841766e+02 3.398014256052008619e+01
-5.166574038708457550e+00 2.371214245255154651e+01
4.794337303783747473e+01 -9.572995166170406023e+00
2.119763645986895426e+02 7.116582248570278324e+00
-2.742112308854384395e+01 3.612021259075016388e+01
2.029313066538790267e+01 -1.409768758718710124e+01
3.846584907201686576e+01 -2.026738188912418792e+01
-8.114101830632694146e+01 1.511656148787267817e+01
1.777048716332571132e+02 -2.232493193866836023e+01
5.506350093898591780e+01 2.108008482190648891e+01
9.775629020858858098e+01 -1.781282822263206356e+01
1.561931441462978114e+02 -1.639855749333086621e+01
-8.034944841038395680e+01 1.195827909295938296e+00
-5.109385563324197932e+01 4.038755837907743285e+00
-1.136858493259573422e+01 1.000439454135966599e+01
1.673641593493114783e+02 -1.259614184189910624e+01
9.197817788959872587e+01 7.317504440002986499e+00
1.612090289856183460e+02 3.436689529049579050e+01
-5.259126493559615767e+01 -5.958024266118060019e+00
-1.439188240438043920e+01 -1.551407475880261622e+00
1.323318066543666873e+02 1.660587691032503699e+01
1.499927924409769560e+02 3.551045778829755140e+00
1.558309497939663686e+02 2.744841466000271879e+01
-5.505904525758446511e+01 1.384823455922643376e+01
3.568257001862885147e+01 -7.227483312109421298e+00
1.977737302709255118e+02 3.966353696969343190e+01
-1.261782353196801267e+02 1.739575673810277934e+01
2.354807992479410217e+01 -9.138108149888161336e+00
1.751833608014778179e+02 4.693865319909146794e-01
2.044104975258542822e+02 -7.891237864810373814e+00
1.038960137825225694e+01 -7.164816181606171952e+00
1.704949793049842981e+02 -1.304246324354772568e+01
-1.078978463630825928e+02 2.299535698979445897e+01
1.497597099876135189e+02 7.488248490357669596e+01
-7.818091079862053050e+01 -6.044106707893075470e-01
6.968570545504437064e+01 9.842927822043879615e+00
2.139602416522200201e+01 3.291141604814027843e+00
2.105707832626625020e+02 -1.387877259127980878e+01
1.579256641560924095e+02 1.711633635645342366e+01
1.212032015880868840e+02 -1.361499103996186122e+01
6.250787569975756952e+01 -1.825941257647930627e+01
-4.009606413456304352e+01 -1.064761163313337811e+01
1.734577748515240785e+02 1.162158593481461821e+01
1.444537432709357461e+02 -2.374087395946859402e+01
5.239502934717668126e+01 -1.977612391292346317e+01
-3.035497732023079820e+00 -4.022230753214950738e+01
1.198930723421548237e+02 -1.924879158589642980e-01
1.963105826710662143e+02 2.746590422936394216e+00
-3.363688816272357229e+01 -1.203071666150244523e+00
1.934950607132122968e+02 4.295475915967343461e+00
1.420750619634601364e+00 -3.610154287552368402e+01
2.000677186279391435e+02 1.622045455167007333e+01
1.220775808425570474e+01 1.381635448720005765e+00
6.272434707460089243e+01 3.638849343436798556e+00
1.048870414752556286e+02 -3.584218418006971163e+00
1.658552839087190307e+02 -1.981130177225573874e+01
1.708850602417903701e+02 9.393671140325247748e+00
7.514252122626123764e+01 -8.119333710541548399e+00
1.640073706718048641e+02 -1.393705688104887130e+01
2.536670846548116742e+01 -1.711432704962912332e+00
3.970713429219694746e+01 -4.679589089024882576e+00
1.929553970201311870e+02 8.874108399325209007e+00
2.027354691485132605e+02 2.114195140044631316e+01
1.981254216113256064e+02 2.740520956210858117e+01
2.065537405166219855e+02 3.790749280543106181e+01
8.421670470143121179e+01 -1.078740794822180504e+01
4.383945961047734130e+01 4.483245756050488140e+00
8.670232994391557213e+01 5.891973321145901332e-01
-2.407352022307262374e+01 7.172477728866504698e+00
1.797281913006079037e+02 7.131137655620684690e+00
1.217356402014612229e+02 3.106809940424084360e+01
1.842092377485680004e+02 2.464870987866401020e+00
8.687806856801330468e+01 -1.546648655196241684e+01
-8.087688771095918128e+01 -2.955591677103247505e+01
2.578273309119438750e+01 1.021360555862269592e+01
7.147193397169772311e+01 1.892359374237516878e+00
2.019962570224062119e+02 2.476923959118772700e+01
1.848531935344728652e+02 -3.456114145057509912e+00
1.654076584575514062e+02 -1.466663122869655922e+01
1.962525236837814191e+02 4.294042256526559243e+00
1.190513457792047660e+02 -9.036111819989583793e+00
6.375833507387345378e+01 -5.028843523110591462e+00
1.912960332706263387e+02 -2.691862076322087916e+01
1.316299777002120095e+02 -6.470308241698705665e+00
4.899393917752788497e+01 -2.323542162720771387e+01
9.584153880758300659e+00 6.239905918439068166e+00
8.927875957469957768e+01 3.000489185762620181e+01
1.520006186306961808e+02 -5.145668115028905198e+00
9.165915458045007824e+01 -6.122094427091383295e+00
1.479882100525698831e+02 -1.821059005307739342e+00
6.515858119427848294e+01 -2.528162642239555069e+01
7.311152566057688773e+01 2.129945715622969971e+00
1.715848048244327799e+02 -3.319580105683013471e+01
1.884353074339342697e+02 -3.545592480607253805e+01
1.129573248968100430e+01 3.044992766821783903e+01
7.076581720047039425e+01 -5.430996403597755373e-01
4.027681579857199523e+01 1.498170839759383099e+01
1.267363179292106423e+02 6.304001531191484275e+01
-1.555717979478652921e+02 -1.319962346959474431e+01
-4.307400377110482026e+01 -2.652720051281797353e+01
-5.833672581283700254e+01 2.112588190659327125e+01
-1.039150780351513248e+01 -1.381271675153773337e+01
1.599931188008810068e+02 1.313339067638335145e+01
-2.230506602215973544e+01 -3.479109796873169902e+00
4.460382504703345319e+01 -1.142278921432396288e+01
3.507852048649407806e+01 -8.540325304570565379e+00
1.787601232291534359e+02 1.956596043788602657e+01
4.153473570855491914e+01 -8.142388616076118302e-01
4.469120111957125374e+01 5.230845428289922161e+00
1.466397639503280175e+02 2.949177454613604610e+01
-5.179704651262565562e+01 -4.279148583338852774e+01
9.954508895862619511e+01 8.846293454370067977e+00
-1.046177803089563128e+02 -1.710532684351116384e+00
1.893908695594633116e+02 -1.541881988837753070e+01
8.248555073896150702e+01 2.579735342390948460e+01
-8.050621989834525039e+01 -1.998629721613685462e+01
1.623400846131458479e+02 -1.221389963818515056e+01
1.408653122029270719e+02 -1.155520099007607771e+00
2.105469620928495544e+02 2.702680024557601968e+01
-2.112525818891700879e+01 -7.815241972881656451e+00
-1.162996436628462362e+02 -5.986930379651033718e+01
-1.305096349157418558e+02 -5.409634457894060233e+01
9.223982368253523134e+01 -1.956941602731534147e+01
1.484171482383495970e+02 1.292045676534648635e+00
3.801620970432568214e+01 3.658929257772371102e+01
2.090876630076322726e+02 -9.033768406305865639e+00
-1.597647625028932907e+02 -2.471759935878319681e+01
9.468571858765096749e+01 -6.500028013687276562e+00
1.085698889689879962e+02 2.638321498805216603e+00
-3.012902510228676434e+01 -1.712909213389518825e+01
-1.716195881900008828e+02 3.812544169394288218e+01
1.526855185136859916e+02 -9.768694074732993116e+00
-8.280020183418459112e+01 -2.626723864577685319e+01
3.258580914647340165e+01 -1.235587861661268522e-01
9.949922413052088643e+01 1.526802709175061779e+01
1.079874345277849983e+02 2.655438165174211917e+01
2.879700942609856185e+01 2.786578749783269870e+01
1.848128024419309554e+02 -1.340663148446808339e+00
-8.222380725843638061e+01 -2.863071208449301963e+00
1.769539328515527075e+02 5.872203731867537968e+00
7.595851334988435610e+01 4.913223121369885149e+01
-1.378968061770522127e+02 -2.403737736355789067e+01
1.669391311966624301e+02 1.309856145936407223e+01
1.861173884557988600e+01 -2.953444452734597903e+01
2.092303350635484946e+02 4.149544499184368185e+00
-3.617733585326013923e+01 1.020267869963126373e+01
6.850236415337793972e+01 1.835896664593664696e+01
1.803862980147713415e+02 -2.370637585145554382e+01
7.067341203318983389e+01 2.632171736603275392e+01
1.917590715504564116e+02 9.232760579864207617e-01
-4.281508898265580143e+01 -1.140872405112889432e+01
2.025531044971424706e+02 1.140506664110714041e+01
1.445501124832344431e+02 1.064244194825213796e+01
-1.097199209700212350e+02 8.204688034674579855e-01
-1.174672625008985705e+02 2.525821874506000153e-01
6.747035119554611526e+01 -3.377969613803222693e+00
-5.648595965826620358e+01 -1.725000294896614150e+01
-1.320238302555155769e+02 -3.213617355954482946e+01
1.956853593898280224e+02 -3.595741913190436900e+00
-1.507781781402679542e+02 2.330201627454334457e+01
1.347355871380792962e+02 2.558255402271816692e+01
-3.289594531156730284e+01 6.805633707593345072e+00
-5.497986826952243433e+01 -2.789297568912852299e+01
1.229751980265192230e+02 -3.407510626789513442e+00
-3.914018346183119945e+01 -1.674872115102069259e+01
2.276406843733097674e+02 5.364968625830953641e+01
2.103226817614377353e+02 -5.667558611811240876e-02
-2.478030192867058545e+01 3.243127245372718193e+01
1.314357685812549050e+02 1.535429666249436842e+01
-2.644115523337203655e+01 -3.990343594975501507e+00
7.816503672447315409e+01 -1.624727744800325269e+01
1.216105935919996561e+01 -2.831957093436629336e+01
1.113771154362472871e+00 7.013454840777575860e+00
-2.131508691393723254e+01 2.145310387318581036e+01
3.308516438024821582e+01 6.177505607993402315e+00
1.461647085124536432e+02 2.727766396564451412e+00
1.927814652409086875e+02 2.770284648110939330e+00
-1.339399584250529252e+01 -1.084018070010872492e+01
4.432983807027967771e+01 -1.592211098629344512e+01
1.223177449733460946e+02 5.004994705223476892e+00
1.332627209749578867e+02 -2.237414204503404846e+01
-1.667295104347717256e+02 1.867074551696648399e+01
-3.969357805272885287e+01 3.806215388623088169e-01
-9.049066364840663823e+01 7.762407039684178223e+00
-4.599543707371180545e+01 1.309539857500517934e+00
1.902673294550716321e+02 -1.300887321509467398e+01
-4.225765878363524308e+01 4.285807865631373836e+00
1.339883548476826149e+02 5.330238416300570492e+00
1.900211771966401670e+02 1.119091378371099621e+00
1.229494771642443993e+02 3.610151162697538219e+00
1.511705156667719336e+02 2.850456628917693536e+01
-2.758744394086841023e+00 1.070472290193343490e+01
1.749371343156249736e+02 2.258047875651780956e+01
2.345491082801541722e+02 1.815824178027833469e+01
1.878725263848124882e+01 1.834225337283124802e+01
1.743380195326950002e+02 -5.243462419996888779e-02
2.051743868824819970e+02 -3.476427007622599064e+01
9.670205308156384660e+01 1.975843390081429973e+01
1.823345576581783405e+02 1.819712948983632828e+01
1.360882860002970745e+02 2.182078078576977376e+01
1.323989223414965579e+02 -2.730072917491294771e+00
3.544698693030591841e+01 1.305401372742936328e+00
-3.698589197971083209e+00 -8.509353835280389688e+00
9.744217877548224749e+01 1.877205827661768911e+00
2.038366129495008465e+02 -8.208784667328769658e+00
2.189752963918759292e+02 -3.174405950366997686e+00
1.772995018468872672e+02 -5.079848754859578541e+00
1.371092840783441886e+02 -7.396312263204104731e+00
-2.677006768711776274e+01 2.404515620326969838e+01
-1.484805669570426971e+02 -2.551887303557720088e+00
1.186763553192153182e+02 -1.834956256612115055e+01
7.299541084802022795e+01 -1.374072119377929546e+01
-1.877113555301503141e+02 4.278311469948145884e+01
2.348190903168408994e+01 9.605804831955850887e+00
1.440609853542702865e+02 -2.341181686342124380e+01
2.115246420908543712e+02 1.670726403499759272e+01
-2.344481550536311687e+00 1.005231290337545502e+01
1.393903719096353768e+02 3.495530828104971022e+01
7.295483909512914522e+01 -8.724403833723961554e+00
-5.802550820483062921e+01 -2.668033446481925353e+01
3.373658461047105561e+01 -1.635169103353465436e+00
1.872191573796643809e+02 -3.397654068602306232e+00
1.255857228695896879e+02 -2.555122112105004462e+01
7.789147391642056562e+01 1.188810110599336589e+01
1.285709685823992920e+01 1.194534239203600912e+01
2.706111952957451550e+01 -7.436433017025785297e+00
1.744952025375653477e+02 1.650390171539730666e-01
-8.982114465114347013e+01 1.038010246903599310e+01
1.730256113499667663e+02 4.113216104450050814e+00
9.784637037725946129e+01 4.648282859365362896e+00
1.738061462638880528e+02 8.486247066273264750e+00
-1.020050069769839638e+02 -3.577813806518975781e+01
-1.376317231030184587e+02 4.564193325206883145e+00
1.442925277602714118e+02 -5.931061139963034634e+00
4.898558945887916849e+01 6.847262025859634171e+00
2.072063237272032552e+02 4.174949933779943478e+01
-1.845736828115586192e+01 2.608011810098367178e+01
6.363088004889889504e+01 -1.381646882187915892e+01
2.100648425851875345e+02 2.366481814451013577e+00
3.409350345116077818e+01 -7.452551987219420138e-01
1.909585114461647777e+02 -3.725481118471506203e+00
1.630851328614957936e+02 1.989920940830054974e+01
1.893241245821674283e+02 -4.947663395607021286e+00
1.225848820102644652e+02 4.186553588368065704e+01
2.811352828235849302e+02 6.693009824050551515e+01
1.659497142061196371e+02 -2.144952188393309811e+01
7.508037467917804975e+01 -1.891803597630156375e+01
-9.803680498378768959e+01 -2.713255383430406198e+01
-1.018868663232642433e+02 -9.544492094386351155e+00
1.415101612251770007e+02 4.005142841180784785e+00
6.071476649194842423e+01 6.027457018561374724e+00
1.319189276605683006e+02 -2.193808632081461241e+01
-9.690134709948591762e+01 -3.033488630268845654e+01
6.408347537617984813e+01 1.624873945490690375e+01
8.803100301469108047e+01 -2.400860859764626909e+01
1.270822339725249890e+02 -4.394048001444235574e+00
-4.261669571963167868e+01 -2.336339979264395694e+01
2.827920940335182465e+01 -2.803369994222642703e+01
1.248747856771539233e+02 1.028039815422326342e+01
-7.784992688027296026e+01 -3.368716063924956217e+01
6.072840540006184540e+01 -7.396290092880911438e+00
1.523280148187386658e+02 -2.839800063260240748e+01
1.464726738913295776e+02 1.681185603129206285e+01
1.112396982438522457e+02 -1.042692024341720014e+01
1.146428478326931071e+02 -4.149906677666216126e+00
7.416532531478191004e+01 3.820939952133895190e+01
-8.906990217305745716e+01 7.161589104854986232e+00
9.615271661756355570e+01 -9.160076539275388896e+00
-3.825405449020394144e+01 7.338162738742787461e+00
7.090766083393972963e+01 5.628468194901575572e+01
-1.219117861456048928e+02 2.941591104745445406e+01
1.395934274234998327e+02 -1.925258058922003812e+01
1.756796724845916060e+02 -8.275842759483978739e+00
1.870533900031060455e+02 1.797783154305840014e+01
1.848961012819449081e+02 2.720055394739075538e+01
-1.086107411252002493e+02 6.017340784233658368e+00
2.028745599085161757e+02 -2.280820006933389976e+01
1.436299405254177088e+02 4.890355169167286409e-01
1.754664467184307455e+02 -6.508211617394373816e-01
3.944731270398747114e+01 4.300259183006982511e+00
-1.048287099129984945e+01 1.403186433285794621e+01
-1.136254437417696579e+02 -2.189110612380916265e+01
4.916424310671565934e+01 4.510957785999326397e+00
1.055588766683869153e+02 2.100238154826266879e+01
3.048082494724903668e+01 -5.294833140296471008e-01
1.357357695741547161e+02 1.046248930342327732e+01
7.292645287155606582e+01 -2.133323245043802885e+01
-9.891218097889750993e+01 5.710687402815714186e+00
2.028027213955855075e+02 -2.943126918632111289e-01
-3.041136288795983855e+00 2.733927540475317741e+01
8.142049302095458074e+01 6.326811773084008550e+00
1.330287435757257981e+02 -1.781021565648812643e+00
-4.179443749954994303e+01 8.402832987765364692e+00
1.844148907434749276e+02 -2.338491782304401312e+01
-7.386556501302804634e+01 1.084761885713633767e+01
1.539642131808138004e+02 -3.088647287225522575e+01
-6.230535133698823103e+01 -1.320177844319673177e+01
-4.353665188189652469e+01 -3.033198564882714621e+01
1.134200965961854735e+02 -3.200747844489993099e+01
4.341867539227056483e+01 1.049440971101158659e+01
6.686151544131371338e+01 -8.626560842155208775e+01
1.759644299024998588e+02 4.198280117020381397e+00
2.040252488348100712e+01 -3.647861547732637710e+00
-4.800584407285791855e+01 9.605432741773330119e-02
1.594576112655026350e+02 -2.104741674996045475e+01
-1.421768159518289281e+02 -4.191728337348318689e+01
1.550873985148058978e+02 -8.038851533472455291e-01
2.185195756091378314e+02 -1.683022263553661091e+01
-1.141524521767285023e+02 -4.810779761119500009e+00
1.427373444414290873e+02 1.060943604086155467e+01
1.515472760942365369e+02 -2.127148023098117235e+01
1.949867027862016471e+02 -4.567540108393216514e+01
-1.410277587730022617e+02 1.872651064714298030e+01
6.174619703013694760e+01 6.666462069269353030e+00
-1.648717245856417151e+02 2.595779275286871268e+01
-1.448402426818882418e+02 1.179655038493851293e+01
-3.099652210145962172e+01 -1.852513382437757627e+01
2.205824789990739276e+01 4.713845747070144476e+00
8.914190778004504878e+00 -4.058795564333230743e+01
-1.291505063534555475e+01 -1.768431105165420192e+01
1.605945848489421337e+02 -5.881074163651321385e+01
6.954292799172472428e+01 3.525636323583323417e+01
-1.758630871305658516e+01 -4.619215502791168326e+00
3.010930806980194774e+01 -1.470303313687740676e+01
4.935820245795758154e+01 2.369232016911951533e+01
1.212353383973025416e+02 -3.488092406680490143e+01
8.048463385282053650e+01 9.554530247617936567e+00
6.140997728349673679e+01 3.513931365140661178e+00
1.071493273501246932e+02 2.617182580733574326e+01
7.130925864507872802e+01 7.438380474674212905e+01
1.551352598371004774e+02 -1.353681267899268015e+01
-2.464587057139495130e+01 -1.047780637443277207e+01
6.513135396381700559e+01 -1.181678738646348314e+01
1.604002897666672141e+02 -4.646314023368132951e+01
1.796115313654445629e+02 2.587830064270823271e+01
2.122165499118004561e+02 -9.561601586326116120e+00
2.280323242176887391e+02 -1.974331588290699457e+01
8.970636255753059629e+01 -1.411347460862992520e+01
1.721053225349166098e+02 1.526608779411292138e+00
1.781664776508873445e+02 3.672994203777521705e+01
9.174185954489496453e+01 1.339801300853981525e+00
-6.455590728110475851e+00 1.576216460738942393e+00
-4.040002328985647750e+01 -1.184515287537447215e+01
1.659623903256459414e+02 1.639565139741307931e+01
-5.586472270458293821e+01 1.568273044518961612e+01
2.042513884365442323e+02 -1.092500738508790903e+01
-6.377712274917038826e+01 -2.136274733555529437e+01
-1.138752880834055929e+02 -1.066558738874326728e+00
1.219155495239673854e+02 -2.760930635756339768e+01
1.730890713293565284e+02 3.472482159656601652e+01
1.649542901354568869e+02 3.160156814000427250e+00
1.311540922311927488e+02 2.714059164294350168e+01
1.157091423801260532e+02 -1.481997550222750881e+01
1.408937534156226263e+02 -3.017013530130765986e+01
1.335069850255678716e+02 2.351827175178889817e+01
6.595840222406529563e+01 5.102738453857250533e+01
-1.219281392023672765e+02 9.809271129675179779e+00
1.178590994963275875e+02 3.487946956852783131e+01
1.083451924860060274e+02 2.357707042134365949e+01
9.990099232123267825e+01 -2.311942161004544616e+01
2.788160783440545742e+01 4.948507791949125156e+00
1.200044325259254521e+02 2.237093288435340099e+01
2.043698762811725658e+02 1.027414742287709259e+01
1.939050001971489792e+02 3.464110041966905307e+00
1.144598010894194857e+02 -2.888248522802762253e+01
-7.425357392697505077e+01 -1.676840048417397711e+01
1.749700882365617645e+02 -1.506215845604680403e+01
1.745784679054883952e+02 -2.725177372051652114e+00
1.886745029096292399e+02 -4.930206446253939667e+00
5.006293395448305716e+01 -1.059437042183548350e+01
1.055991192141621156e+02 -4.733300915871262760e+01
5.360080162160483042e+01 9.638608751486756887e+00
-3.185221725290163874e+01 3.273380142968359507e+01
2.797893901902872926e+01 1.110205461785251124e+01
2.308105144773866755e+02 -2.358996313496402664e+01
1.454228681104395093e+02 -2.060871231501154099e+01
9.903198485372574567e+01 1.559924127984766784e+01
1.848454684396782852e+02 2.849427538427419471e+00
1.949629006368752187e+02 -1.591912805600226655e+01
1.428811053957026900e+02 -6.052654366597519875e+00
5.549712074392302696e+01 1.494122432617365526e+01
5.297225325451915268e+01 3.245400843793052559e+01
6.715879244233742895e+01 -7.404529521622360555e+00
1.184114118890767031e+02 -2.238927065199607824e+01
2.101759058317277322e+02 4.138029579063972285e+00
1.703977988676149380e+02 1.340023193371475507e+01
1.494955498974838406e+02 4.272816351067098672e+00
1.385561149231177467e+02 -1.461046042850952098e+01
9.929323721231357069e+01 3.340265397532677838e+01
1.370657145212379362e+02 -6.042100410043516057e+00
1.363445417455658912e+02 1.304809049417751154e+01
1.513179429747758888e+02 -1.498552937457150946e+01
1.647112133312050730e+02 -1.397440358109619929e+01
1.900244463080308321e+02 -5.200087778019727125e+01
2.796762719613566972e+01 -6.108926639083520627e-01
-9.109562252105133950e+01 -1.096871354241034524e+01
2.176553694470705409e+02 -4.407857958768864393e+01
7.273180366784802686e+01 -6.000838271201277330e+00
1.396385860548317055e+02 3.900405121366228745e+00
5.900206617413859078e+01 2.565162575101386455e+00
-6.278668675241232933e+01 -1.137796550989244970e+01
1.559239260091080155e+02 1.372103491636109496e+01
1.285093867060852233e+02 2.016108563586796620e+01
6.281050421607511680e+01 2.108803312985761291e+00
5.412461957626013564e+00 3.476672932822954465e+01
1.858459783493455859e+02 -1.838236054042769752e+01
1.378250067275945128e+02 1.070231868251092955e+01
1.490334952373982276e+02 9.510330896914143750e+01
1.431417894405226434e+02 5.103411217204885020e+01
3.595141749844893297e+01 5.374685340111875043e+00
1.927458083622782112e+02 9.922181450091528632e+00
-1.285568615984956296e+02 1.259954958234252409e+01
-7.278776587658902031e+01 -2.932922792120237432e+00
1.880277136248609082e+01 9.297576348814962088e+00
1.698478108983161690e+02 -5.810274005506138195e+01
2.018101253595913249e+02 -9.546048535455037509e+00
9.676663581839240180e+01 1.820330567201419569e+01
3.942541785212877237e+00 6.797403637728601566e+00
-1.812337862475211736e+01 -8.922279090206808760e+00
3.439368328186785817e+01 2.872855767728892573e+01
-5.495706598562674294e+00 1.145875636739880576e+01
3.529494954614658297e+01 1.717044764481021701e+01
1.219394222407058237e+02 -6.707575616029355370e-01
-1.240278311854288802e+02 -5.470294406603839121e+01
1.379015214958054685e+02 -2.540587703107041762e+01
8.353322258331533590e+01 6.432154504123157146e+00
1.207541971745181257e+02 -7.627374770088884759e+00
1.794204695919788719e+02 -1.417953985063267908e+01
1.993753325653777893e+02 -5.398573935910087052e-01
1.707561729188745403e+02 8.080492438858877691e+00
-2.945043059051617362e+01 6.586466588498570474e+00
-1.884518351098176083e+02 2.548012866638368124e+00
6.559088411229973303e+01 -1.321965449644541835e+01
9.159120831117812145e+01 6.009044569807228342e+00
4.162832292165880688e+01 1.117922264428453261e+01
-3.193136228417259659e+01 -4.427238020900927751e+01
2.036101124623656062e+02 -6.642942046644219722e+00
2.134605275824676482e+02 1.401954984598727805e+01
2.051313464024657662e+02 8.114584177717389935e+00
-4.599866366271467655e+01 3.069855537800347367e+00
-4.994735685708097606e+01 -1.380218034779639424e+01
1.041693832676628091e+02 2.148631539183097416e+01
1.367066643231844409e+02 -1.047453215540196503e+01
-8.858858770478929046e+01 -9.942378834159701029e+00
1.482561622990620833e+02 -8.207085094938091174e+01
1.659191321252396563e+02 -1.627405085050605038e+01
-7.090080008857772498e+01 4.501062401393258749e-01
1.592162627937032653e+02 1.420678447677287970e+01
1.672518653442116943e+02 1.716083328101928318e+00
-8.538132604090473876e+01 1.868173170399002814e+01
-6.720545814572037102e+01 -2.020737868305990403e+01
1.741430065854923441e+02 3.964871619226490651e+01
-5.227211573374295028e+01 -4.422375659944766824e+01
1.194494037183636550e+02 -4.751261187911644868e+01
1.130342184165188542e+02 -7.366097206857979973e-01
1.764887497998010701e+02 2.765419100479577352e+01
1.787198853162020669e+02 5.792436324678128523e-01
1.119872294658879639e+02 -3.062788235490353728e+00
5.041587129467552586e+01 5.907139748510657817e+00
1.523675884614573874e+02 -8.829555948563367895e-01
-9.484482479399902388e+01 -1.801554223320004056e+01
1.781192683632392857e+02 3.474371016183367544e+01
1.391827056122196211e+02 2.297710252974067657e+01
8.499110789518846332e+01 -1.172541477545835242e+01
9.695131946485264507e+01 -1.364377989310521500e+01
-9.424948429526844507e+01 -2.737892466938493996e+01
9.984134596502420322e+01 2.147504591697027720e+01
8.952360716797596751e+01 2.905806899052243875e+00
-7.300987033334521037e+00 1.071161162675528722e+01
8.011282763957761688e+01 -2.233860326553176634e+01
2.116189626503227572e+01 -1.387531454279902832e+01
9.901034722424954282e+01 2.349870513525817373e+01
1.203585333190563205e+02 -2.455347926300684236e+01
1.785128146019399651e+02 2.650934953734074639e+01
9.561282221799784509e+01 -9.783639280756707635e+00
1.846595084070125097e+02 -3.535585302349581127e+01
-1.246588649569518594e+02 -2.918854409115917647e+01
-3.866115372101575076e+01 -9.582762169852125922e-01
-1.686275910174869352e+02 -1.422638570658009094e+01
-1.047605060270005737e+02 -1.501665988469427226e+01
-1.424034856187811044e+02 -2.150950697072201478e+01
7.235014630915383549e+00 7.778781146597127716e+00
2.027414931583381019e+02 3.229464762222201557e+01
1.999943254973482567e+02 4.191099657571378145e+00
1.284013435389399831e+02 -8.047532619873786430e+00
-9.282293010667237354e+01 -2.473267412978466595e+01
1.461257543440608515e+02 1.785491554366835487e+01
8.447873695066071775e+01 -2.464878005394012561e+01
1.368978583894659380e+02 -1.706882886790747733e+01
1.692628249096245554e+02 -7.247352574231876510e+00
-3.298738181813877191e+01 -1.589748583587772934e+01
1.254622661806730690e+02 8.564548148803559968e+00
1.186222180893189062e+02 -4.060432393243863736e+00
1.209656702598543276e+01 2.704700307703491546e+01
6.596042284273855216e+01 1.986986528746985314e+01
1.666818660662998184e+02 1.406942757824194601e+01
1.549670080115857331e+02 -5.177142880219805221e+01
7.630337863280554700e+01 -1.398318883770479637e+01
9.098604574523635335e+01 -8.488765770457941118e-01
1.131590324679645505e+02 1.144824823861181962e+01
-5.512152171988052629e+00 -1.494966072816744429e+01
1.962150831428433548e+02 2.776072009667003471e+01
1.962438237287677225e+02 -1.127956409515946667e+01
1.017610592540535492e+02 -5.930814557765969219e+00
1.944921394047291230e+01 1.337679758849312073e+01
-3.674867100864297953e+01 -1.749602495672238334e+01
-8.522904038259501647e+01 -8.620761637319715120e+00
1.392827852144592384e+02 1.524147574467378341e+01
2.470010936858178070e+02 -2.541232812426939702e+01
-9.226913264451151520e+01 -2.869667202444070853e+01
2.681573869296372337e+01 2.407452364672472100e+01
-9.954304982271239055e+01 3.840835759392557947e+01
1.704389660778566338e+02 1.505930758960903226e+01
-1.908802069431999016e+01 2.669785874572225026e+01
1.943799053321423855e+02 -7.420962436888973279e+00
1.903418248993789064e+02 -3.485552772472739314e+00
1.806991675994034097e+02 1.415478525018907341e+01
1.624057016695373363e+02 -3.133391662053834281e+01
-1.258943320248785795e+02 5.905594300971664268e+00
4.828287209695599103e+01 -2.632401341444219611e-02
1.141239215021357722e+02 -3.073299618807736167e+01
1.308481968211742128e+02 1.113708795448576261e+00
-1.857602686794482238e+01 -2.527622154442876123e+01
1.148962838661893642e+02 1.011188946493930985e+01
1.234767348014667618e+02 1.224266283855166559e+00
1.505543378152426328e+02 -2.265607334879745949e+01
1.656535698604589300e+02 -1.300030690310638892e+00
-1.726169989500142492e+02 -1.210587508115919952e+01
2.210763683636082177e+01 1.552102922268691287e+01
3.233564954368492561e+00 5.837651594912139252e+00
1.431089685725404195e+02 2.709573987902970416e+01
2.046218733783053949e+02 -5.108307493550719336e+00
5.589011387686722543e+01 -2.398201640669966039e+01
3.208081547266449007e+01 2.275264093246214259e+00
-9.094795889450517734e+01 2.087079543661290515e+01
4.639414646946196541e+01 -2.547326153230737855e+00
1.401977151400290609e+02 2.602326639298449606e+01
-1.326845111520943874e+02 -3.703001436756112041e-01
4.680385845027277725e+01 -2.307734715993950303e+01
-5.597133991045999579e+01 -6.790401881965584252e+00
-6.238720107280377647e+01 2.043407253397656476e+01
-8.575492084992187358e+01 -2.724764565469431687e+01
1.290668780725209217e+02 6.244279912951128608e+01
1.569649968679523795e+02 -8.888879171230358978e+00
-1.015047740303601813e+02 2.640312885891592387e+01
2.024301424565057914e+02 1.612310085602261012e+01
-9.802970625139614924e+00 4.570652138889479410e+00
1.497029325816815515e+02 2.187304820165516972e+01
1.230228127953222810e+02 -4.456416405357249033e+00
-1.939051363777488390e+01 -1.421947815676847249e+01
-1.041934392171741877e+02 -8.528540721769658717e+00
-5.560513576273203640e+00 -1.016693105357382088e+01
1.665967375331102858e+02 7.539871881077070626e+00
-2.331153649635934855e+00 1.146464860166908295e+01
1.113287837096157631e+02 1.023929144123199686e+00
3.687463129421034580e+01 -1.510273570532201148e+01
3.783487103870457702e+01 -5.065856596284006308e+00
1.023271691355303687e+02 -3.375251008286335619e+00
3.671411842469203890e+01 -3.229082300713302089e+01
3.136758010355908510e+01 -2.740589194328147471e+01
1.988421968923462089e+02 6.648234793322013836e+00
1.799431276393252404e+02 -1.927384792138969161e+01
1.400972865938805683e+02 -6.218481565212450768e+00
6.871861474354760446e+01 -2.202192052098402186e+01
6.534477429925114222e+01 3.566154896605314661e+01
1.680400326147847352e+02 1.155672746240906790e+01
3.057291740882172704e+00 -2.153899397869716736e+00
1.670352222409786975e+02 2.978287458699410806e+01
8.084854717240870059e+01 -8.189879634124455521e+00
7.999355414548580256e+01 1.094616223612629469e+01
1.807019367283762676e+02 6.939742296992688075e+00
6.953411779374215484e+01 2.840058733810818481e+01
2.038787025659611629e+02 4.310047750739312455e+00
1.870355398300781644e+02 3.981111275977275987e+00
-1.111744625772935393e+02 3.861239889354063592e+01
7.873780874250164175e+01 1.425186268207777474e+01
1.503832546134417214e+01 -2.454453835888009650e+01
1.929226074428157460e+02 3.815711981525024754e+01
-1.350599578579625017e+02 -3.600607011040473537e+01
-1.858011700836368973e+01 -2.670225435804979952e+01
1.820406550883407135e+02 2.398861338101479035e+01
-9.279381466012287660e+01 -1.816188685441904260e+00
5.967145431204616557e+01 -1.552124175872948486e+00
-6.405317011851066411e+01 -8.553207002539325643e+00
2.135774026290953884e+02 -2.894025494779998908e+01
1.670812148525978671e+02 -3.920799480416545890e+01
2.427465352417591760e+02 -5.674377078548111797e+01
-1.044862984896983846e+02 4.728669631016274799e+00
1.483172229683895864e+02 -2.738685113658478887e+00
3.399295431128544465e+01 -1.022257065925943897e-03
1.296678308638398391e+02 -2.545308155270931749e+01
-1.976486059411486096e+01 1.129491511898972256e+01
1.684509412691229500e+02 -1.502347545963112552e+01
1.502387932956924317e+02 -2.273896187850782624e+00
2.046708540312447440e+02 -4.039132149321675769e+01
2.038151287280725228e+02 -1.570595306511938816e+01
5.522064379990694505e+01 -7.106974034763616999e+01
1.134851988167897616e+02 -1.507633174194778158e+00
7.362479050702507521e+00 -3.950248444451903396e+01
1.368375377121450640e+02 1.690895356225127699e+01
5.155295842932530093e+01 5.144494580309563858e+00
3.478323680662521156e+01 -5.679145901955052267e+01
-4.849761197883322694e+01 -8.710246368219715762e+00
-3.971019490856919276e+01 -4.582027107124871712e+00
-8.794198733885740182e+01 1.102508519378051410e+01
1.768122139247645634e+02 -2.263440690530937260e+01
1.038581193710641060e+02 7.716316006992205878e+00
6.046895681252611610e+01 -2.541022035585931604e+01
1.613114214216081166e+02 -1.163916037809319803e+01
-4.489281948488975615e+01 -1.417140604484891320e+01
1.158026785629486000e+02 2.048094970607199983e+01
1.841004520344429238e+02 -3.026334854092433080e+00
1.081074282887653624e+02 2.897646258542656383e+01
1.076862737302899831e+02 4.688206477570506792e+00
9.662044473220997531e+01 3.920384788962606848e+01
7.014338201733897904e+01 -2.022007320561659327e+00
8.487044677998504483e+01 4.352459993608111688e+01
9.892577792744502574e+01 -8.275300115969564274e+00
3.534928622642429730e+01 8.963649975085661303e-01
7.494743218813226804e+01 1.188728181239082105e+01
1.606796796411346406e+02 1.037349528869028426e+01
1.561483140680002748e+02 3.520846849186310745e+00
9.777356205020598168e+01 4.508193416775291240e+01
9.627483367021152105e+01 9.516843180582849726e+00
1.484744833208244188e+02 9.984689189181392699e-01
-8.901723295252716639e+01 -8.850525655107164269e+00
1.563142149233897271e+02 3.772373985796022566e+01
1.471141726963417398e+02 -9.067532266626239235e+00
9.463758084875141208e+01 1.262245624304120817e+01
-9.117417152776747002e+01 -2.515373142822556574e+01
-1.341513470584875165e+02 -3.395505047588764569e+01
-5.103221535715996993e+01 4.966879485522227355e+01
-9.255202412301646575e+01 1.414456362163571868e+01
3.665030346204711265e+01 1.070338481910017059e+01
1.811028722414253593e+02 -2.115180341411424081e+01
1.367955087067171007e+02 1.293978230972665777e+01
-7.936549471478518569e+01 -1.722768118929631953e+01
1.560435323633726341e+02 3.751650468906518654e+00
2.589351650229656698e+01 3.000466015823849730e+01
2.014295888881027849e+02 -7.177844594797912592e+00
-2.816324329526013859e+00 -1.397731919676055945e+01
8.296431152966036393e+01 -5.829118085557898610e+01
1.791939719516207390e+02 -2.382267604916764725e+01
-1.128491144951454856e+02 -2.659858900733044429e+00
-7.702198033655560039e+01 1.633625398393554207e+01
2.027444807302062486e+02 -3.050409268600970947e-01
1.030253723608465322e+02 -1.287558013256181333e+01
2.149138605966311388e+02 -1.489159709751739058e+01
2.164830146868436245e+01 2.146039975274350642e+00
2.422170891904085011e+01 4.436316748744159710e+00
-1.377008899970457207e+02 1.129768074018670099e+01
1.821178435765337156e+02 2.126307141107911036e+01
-3.650391365876429006e+01 4.403893577144242677e+00
1.543760084741063849e+02 -3.716651380116832826e+01
1.768848228366139779e+02 -6.091829625131722992e+00
1.473496907130515012e+02 1.523833725523181304e+00
3.108975122325720619e+01 2.220795522071525241e+01
1.386244108084429172e+02 3.102991558205622269e+01
1.574369563789067570e+02 6.964531575290211940e+00
-3.517804656336831215e+01 -1.561285899935658783e+01
1.326795402835023481e+02 3.285229380271113087e+01
3.998912004776136797e+01 8.508856060574320423e+00
-5.735558212872204109e+01 -1.098383560292610461e+01
6.457134132216118871e+01 4.463206088516709258e+01
1.795450956177550097e+02 2.031007686349757702e+00
7.013289368112050681e+01 -1.868684074759340730e+00
1.080008588958383910e+02 2.423391067360348927e+01
1.624126452704447274e+02 3.929591933707465756e+01
6.163965558848589410e+01 4.836137268714749915e+00
-1.102146589993884760e+02 -1.291923645576263446e+01
2.143314719848956145e+02 -3.622778528389848418e+01
1.760570537348439473e+02 -1.004130128411357292e+00
7.950384507177949445e+01 8.388084183874054744e+00
2.107809869268228109e+00 2.206311121174719858e+01
9.932177104128825817e+01 -1.424110190089392347e+01
1.957810830267801521e+02 -1.302424515869366850e+01
-1.696693506691285620e+02 3.296488965118386005e+01
5.816160133390788900e+01 2.543090942194926285e+01
1.753095246634265436e+01 -2.319426660272589302e+01
-1.127696199559876362e+02 3.239385667711955819e+01
2.540116568715840515e+02 -4.795113425253511963e+01
5.187585654373619093e+01 -1.281613516553961718e+00
2.246551629720698884e+02 1.483863702160269149e+01
1.857955377101497731e+02 -1.078791665704916447e+01
1.755923990738704106e+02 -4.216398693086816962e+01
9.455964579857557339e+01 -1.263766870360779215e+01
2.013843730312551941e+02 -8.579922897013444683e+00
-6.516793454660678719e+01 8.022738602203534075e-01
1.748240899240585975e+02 1.095031180019041095e+01
-2.762260077759754751e+01 7.952891610520841148e+00
-7.063525908281710031e+01 -2.128781188464761698e+01
6.910124309289819244e+00 -3.946118671109155684e+01
2.132638285243288578e+02 -6.575309728783312835e+01
1.100772817839949909e+02 7.501008049894474894e+00
-1.038186147715418031e+02 4.676321488796199688e+00
2.141273806760976015e+02 -1.815141633874406324e+01
2.084653701171617115e+02 2.712041001682240449e+01
-4.639874910719459677e+01 1.622875986608091026e+01
1.810929711084758367e+02 3.522762407706179033e+01
1.466789777106745305e+02 -2.157942026261121526e+01
1.432689609694598687e+02 -1.993014132687289575e+01
1.981076529118572012e+02 -3.068413763184474874e+01
1.880943335380351300e+02 -2.834335607817037683e+01
1.345768952042514321e+01 -1.215315604132736738e+01
1.348180563047407077e+01 -1.186725679746931661e+01
4.898767079740681041e+00 1.755297101197831822e+01
8.560821268410069251e+01 3.887727525136359219e+00
1.578275863027114667e+02 -8.433119579730130155e+00
1.612705473768983779e+02 -6.912723286883288409e+00
1.936290871267589466e+02 3.381475874880464971e+01
1.202159541503979767e+02 -1.606643378907186115e+00
1.527440747860025851e+02 -1.788545025657592191e+01
7.424790733555029476e+01 -2.704469433091190034e+00
2.365372956425966890e+02 -9.759822394190056372e+00
9.039412072397695397e+01 1.299819227733530980e+00
5.715360609841283690e+01 8.551808813863242875e+00
-1.056390592632004228e+02 9.639359294214981944e+00
-6.349339973282699390e+01 6.742640377439922617e+00
-5.911644238605443746e+01 6.496912861626421787e+00
1.810097443517082638e+02 -1.428588431860210584e+01
1.160811084956577446e+02 2.684590689752468862e+01
-6.512185865301102439e+00 -2.407192355512671966e+01
-3.558653735455725098e+01 -2.043054911456697198e+01
2.121823128126661970e+02 2.389655023687177859e+01
1.654080320519072131e+02 -6.037575193684789099e+01
1.496499050873903798e+02 2.453033975748615703e+01
-2.191999133030634184e+01 9.538836886447260355e+00
-8.077185863270611321e+01 5.049865113409457429e+00
9.473130521023371386e+01 1.215375038225264070e+01
1.549849209813302195e+02 -1.909526870898912776e+01
-1.486619298492161647e+02 -2.230153794316398574e+01
1.911213207485022991e+01 4.131433121666145958e+00
-1.030476225512891375e+02 1.518265208556259616e+01
7.461470292291022588e+01 2.556870684881236500e+01
1.478810096123969231e+02 -1.987229237929883752e+01
-5.111470649510937392e+01 -5.805988255273682341e+00
1.374960272297541053e+02 5.494987334054713735e+00
