7.286153949659878393e+00 1.688202922433652731e+01
-2.379837311873817498e+02 -2.505093233316540591e+01
1.081322682341227193e+01 -3.616592254906663584e+01
-9.354500638336473628e+01 -2.297329084240874764e+01
-1.354347525469782170e+02 5.603150250521608200e+00
-9.276837877590689629e+01 -2.954066314343079647e+00
1.439056157715979225e+02 5.913540481100459267e+00
1.369672901608736879e+02 1.442502088671711213e+01
4.496208276769213796e+01 2.542753005662099497e+01
-2.070983694080056026e+01 -1.334434579448048552e+01
1.422919792516532880e+02 3.957786644395197673e+00
-5.793050629861647138e+01 -1.569474000249889656e+01
-1.913697155622445791e+02 -2.701143997980392175e+00
-9.879517317043935520e+01 -3.564406501626566914e+00
-1.428876718378665203e+02 -1.505251890958886030e+01
-1.727251664078299882e+02 4.668424473142198394e+01
1.863573668303968702e+02 -2.982977940509380232e+01
-2.942723396367411226e+01 -4.081040500732961362e+01
1.633938367840937929e+02 -1.915902087679116050e+01
-9.723787963009105795e+01 4.632436501955475627e+00
8.469273286464725103e+00 -6.831784330232946623e+00
-5.775521151709781265e+01 5.806524680857157783e+00
-1.560253966286655611e+02 -2.039284510825727992e+01
-3.082943443696503394e+01 9.165235619895346630e+00
1.520976507414468948e+01 1.330285070126723213e+01
-8.979098565963981571e+01 -4.683974214274577719e+00
-1.061275089637547797e+00 1.980864803851438705e+00
1.361513647405572272e+02 -3.032406949124291984e+01
2.734296976479152974e+01 -2.191396981196384264e+00
-8.222390377321519850e+01 -1.543042181882084840e+01
-2.619105615608475546e+00 -1.309277783195156086e+00
-1.116284960686219421e+02 1.139015854953647766e+00
-7.362252173192689497e+01 -2.645299565803268749e+00
-2.246752554130724207e+02 7.370324229832162510e-01
-1.213145193595642155e+02 -6.670378513439165324e+00
-9.838569847273683422e+01 2.866190754191750756e+01
-1.788905477892058400e+02 1.719555366009713282e+01
5.856172451425279490e+01 9.728589069431873071e+00
1.348609027150183408e+02 -1.411903122012730805e+01
1.522968336615466285e+02 1.611431018315267494e+01
3.995854932108300517e+01 -3.157646349172956057e+00
6.332221595294354444e+01 4.074487214616179642e+01
1.625078981823840607e+01 -7.407109207209996882e+00
-1.977961502918695942e+02 -2.281443115527425647e+01
-2.094860567603525681e+02 -9.575211833302416764e+00
-1.331939624643070772e+02 -6.076850196802682014e+00
-2.277015054151485458e+02 -6.388391597326467775e+01
-7.212490791507363497e+01 -3.907415400099766511e+00
-9.768857857770370856e+01 4.011044406023128950e+00
-8.863051936858244062e+01 1.710919724831109434e+00
-8.408051016213471485e+01 9.369543459544313890e+00
-7.761470852325133762e+01 -2.785419239945461811e+01
-1.582170599802071536e+02 6.976323612908272409e+00
-1.434588345348072664e+02 2.946313956756513974e+01
-1.379441322220000927e+02 -2.957424270484576212e+01
1.975387747691828721e+01 7.658949728814734570e+00
1.789592572682937188e+01 -3.716021157420525522e+00
-1.477018480987043745e+02 -3.632999688471775790e-01
-1.326327544409211896e+02 -1.089132911999872810e+01
1.129084015100007434e+02 2.303047338860764626e+01
-1.215338971444461009e+02 -2.606075661610721994e+01
-1.549642379032560484e+02 1.354344835554988968e+01
1.255624663425367515e+02 9.195620414741055626e+00
-1.049453877491597638e+02 -3.585689219324862620e+01
-7.127690574298374315e+01 -1.060510321036040793e+01
-2.814709883363937593e+01 1.978902674084400459e+01
-1.656766756371501970e+02 1.101940813777767403e+01
3.425469105380410184e+01 3.510092918653961647e+01
-1.494986754105900388e+02 -3.594253323630055519e+01
8.198770125629485506e+01 3.652305765782084990e+00
-3.798814995059111510e+01 -1.897527856738705054e+00
-1.756527805037015355e+02 -3.971907459369468540e+01
-2.004047962607175464e+02 -2.964369813820163202e+01
5.022904069559849205e+01 3.199738305073225675e+01
-1.242891488239260269e+02 -5.143820865921444607e+01
1.158606620766791337e+02 1.092109589371193046e+01
-2.440453513780670391e+02 1.250294798146295427e+01
-4.062321517227351819e+01 1.151813484719277092e+01
-1.703980449143946601e+02 -2.627527454207882585e+01
-1.518959260690143935e+02 6.193422807200373370e+01
1.623401692038757176e+02 1.387726605614170694e+01
-1.934807336541646521e+02 3.621190904786296727e+01
-7.970181141358230548e+01 1.904361879530417667e+01
-1.740632463797735738e+02 9.374431424107550370e+00
1.230428682644849658e+02 4.539992788472598129e+00
-1.268215844183560961e+02 -1.869152122983471553e+00
-9.899340506535943973e+01 -6.773439360320935521e+00
-9.361836400031236849e+01 -8.725544784076973315e+00
1.740906304199513954e+02 -4.748306377339859097e+01
-3.847486266884359907e+01 5.772515282294559569e+00
-1.468684740170982082e+02 -4.536970699943656626e+01
-6.491453834795119349e+01 1.461321522892725966e+01
-5.986405019357671620e+01 -1.661855504134525674e+01
-2.019061481170861043e+02 -1.099269871464277237e+01
-1.937173436470029912e+02 2.538559835952014865e+01
-1.480478833182177993e+02 -2.436171376805828004e+01
-1.387073546928754979e+02 4.306863521295369424e+01
-1.338870159889281375e+01 -1.248690753896792494e+01
-1.265400410688001642e+02 -2.055628572030514789e+01
-2.439425136283903228e+00 7.124214451083668020e-01
-1.979008903674020701e+02 -1.530184289376380313e+01
1.139906074521958459e+02 4.405187277145819280e+01
8.913641520172647859e+01 -2.400774817424169427e+01
-1.213194691767347848e+02 -1.334581264331853667e+01
9.602437571237278746e+01 1.999693465408066828e+01
-1.219251305210381844e+02 -2.179769660830206135e+01
5.342739567496685993e+01 -3.791619879957823258e+01
1.418123543593848979e+02 -4.173056872863496380e+01
-7.075782367125800931e+01 -3.147960708319172340e+01
-8.742247809765629540e+01 -2.028430629252346762e+01
4.960665963866827610e+01 5.719139696873150314e+01
-3.330562489535122950e+01 1.538097967312061698e+01
-1.708083903348262425e+02 4.351389410152710191e+00
1.070307400607311621e+02 -7.342607325127934459e+00
1.243300538008873133e+02 -1.366630361869300003e+01
6.732945474236964856e+01 3.535219596651087315e+00
-3.497576275407251245e+01 -4.695613452798022891e+00
-2.936120350219226793e+01 -7.878751388152765323e+00
-1.410733235428618570e+02 -1.051627881208356818e+01
-1.148376195782978613e+02 -9.305019812676105673e+00
1.656029776239554963e+02 8.120412487149323510e+00
-2.025462756954883332e+02 1.243470143083419011e+01
-9.908820095048064047e+01 7.285305872324372878e+00
-8.361493340342826741e+01 -1.527838004430504348e+01
-7.545477821095457216e+01 2.209044246510263676e+01
-9.102186051531509392e+00 1.713931529339455917e+00
-2.129772069572981152e+01 -4.578147140296148443e+00
2.894378183887562273e+01 3.598590357908295179e+00
-1.309177770239510323e+02 1.343200128346001954e+01
-1.729161739372836735e+02 4.117078638513385513e+00
7.012453123604974792e+01 1.966868471251113704e+01
2.911646140035695396e+01 1.419323287830681757e+01
5.286054593973008764e+01 -6.644767254813462642e+00
-1.312308738613407684e+02 2.812528278622688660e+01
1.420259337547457790e+02 4.971078007979993885e+01
-2.349725189635378442e+01 -9.252167672889783034e+00
2.148701279768437544e+01 1.143186586626424983e+01
-3.854338535411309152e+01 2.154721115277549615e+01
-1.143772078372205812e+02 1.437872725989145373e+01
7.831386504599774412e+01 7.818553922936082756e+00
-1.164566822356316180e+02 4.912967919949402074e+00
-1.060895329346335814e+01 4.192727982849851820e+00
-1.492034168770992437e+02 8.465025127934623583e+00
-1.037299440683435279e+02 1.427463719224563654e+01
-7.224147279639149133e+01 -1.140273187546752665e+00
-1.666430344585352827e+02 4.517678305136169747e+00
-1.441973074981481240e+01 1.093471924445229604e+01
-4.279673774459677560e+00 1.698366182371744060e+01
5.574340128586645449e+01 -2.658923624775932915e+00
1.295135795071359439e+02 9.992873690889418015e+00
5.627812402780585366e+00 -1.280709515839518176e+01
-1.328585788667800749e+00 1.106743955986850914e+01
-1.996420906934446009e+02 1.058098819557358894e+01
-7.766076439077116333e+01 -2.789917909275102748e+00
-1.109926707303833382e+02 1.575989366521602975e+01
2.307502820041441538e+01 -1.287679210806799190e+01
-8.327274953088233644e+01 -2.472548778740659259e+01
-1.347234729768346142e+02 -1.331348131942387703e+01
-9.485097988994603213e+01 2.583897558535385031e+01
-3.379098111276627492e+01 -6.411922594373499429e+00
-1.660723407118296961e+02 -2.789338468141892591e+01
1.341465744051322133e+02 -9.621192906564946412e+00
1.184582583913352671e+01 -9.019054380498038981e+00
2.140063515432027828e+02 -7.420749212128131767e+00
-1.630206800312524251e+02 -4.910181099366557889e-01
-2.007457419260747145e+02 2.544025972249330536e+01
-9.676049717978300180e+01 -6.869638179317172444e+01
6.926743331489404909e+01 2.016715533301656205e+00
-1.728209226174588196e+02 5.128253013097913993e+01
2.390400930369192434e+00 5.881260979634699737e+00
1.062654293816949824e+01 1.547428528467796660e+01
-4.000148931925346929e+00 -1.201009058624242698e+01
-6.392843994788673712e+01 1.225876357431394403e+01
-1.875475210565286375e+02 -4.060920585731479626e+00
1.247125536802101351e+02 1.548891409663166741e+01
-1.872493005491153326e+02 1.382697237273950819e+01
1.437441582972668357e+02 1.469277447305542594e+01
-1.412890819009462859e+02 5.565815149888705626e+00
5.252888284675759856e+00 -1.327440834559884486e+01
-1.395478687863048890e+02 3.928422516550431709e+01
-9.518418330238407066e+01 -8.554205869378085580e+00
-1.196534139515091688e+01 -8.276506251341334774e+00
-6.159303783737230731e+01 1.540169354050055173e+00
4.235393133473797889e+01 3.389684773290000397e+00
-5.971004636967289514e+01 5.119827401183323801e+00
-1.162802653679716656e+02 -4.858495277419344616e-01
4.660810789677392307e+01 -2.735707195154845905e+01
-3.983385862153713219e+01 -9.978478785409265583e+00
-1.080762137036148403e+02 -2.571389038460717202e+01
-3.357430820483453715e+01 9.918888447065128844e+00
-7.204103536061951729e+01 1.069901613784531769e+01
1.047187007189191519e+02 4.013526050434260384e+01
-4.087615266834322370e+01 9.232496213842596333e+00
-1.717564301517814584e+01 -8.944654488879187682e+00
3.647464492292356919e+00 4.820255637364113710e+01
-1.851379242368083453e+02 3.317222562221361670e+01
1.083372691871629456e+02 2.984316685283302562e+01
-7.095488508273737693e+01 6.169539139754989776e+01
-1.396609198883521117e+02 -3.779219908817344731e+01
2.049329717769521721e+02 -5.257961088475365585e+00
-3.107342256790852986e+01 -2.005351085197627370e+01
-5.064800086573747961e+01 -1.227553340035381169e+01
-5.401689375065841148e+01 4.040334487689431597e+01
-8.994621287750493366e+01 -1.938575661444766141e+01
-2.072934496594477878e+02 -1.074444832178681031e+00
2.070239947120129287e+01 -1.340210783841551923e+01
6.507793823711256209e+01 -4.088579515532484976e+01
-1.786833205727604650e+02 -1.604243604535181333e+01
-9.062440553449862435e+00 6.307805530776475322e+00
-1.179037273588433123e+02 -1.700326860031945841e+01
1.466317302820064015e+02 -3.365325621404590350e+00
-5.104441816631003093e+01 -8.636848489393880612e+00
-1.203045335859501819e+02 1.031152481019326750e+01
-1.300254985263956087e+02 -1.385969465709667059e+00
-7.015574206044746575e+00 -3.791087447445773861e+00
1.579371041783952156e+00 -1.512776588644259412e+01
-9.392588245565073635e+01 -1.625729463785158657e+01
-1.464539868350780871e+01 6.177145189798969760e+00
9.564193418221108800e+00 2.250070183132967117e+01
-1.262147912506251828e+02 4.264519359890575956e+00
-2.317710915896030244e+01 -1.108441793165309264e+01
-1.254652883472537752e+02 -5.927907302689813029e+00
7.408685373170645683e+00 3.829102064044298714e+01
-7.791793383871885226e+01 4.550792107837386524e+00
4.493654951285220989e+01 -3.116380927263291412e+00
-1.209895522886603487e+02 7.633002274503717821e+00
4.185696346282792035e+01 5.516067154036070619e-01
-9.338904840053260159e+01 -1.571294242074516312e+01
1.612222976461752921e+01 2.801275139582277518e+01
-1.017333769269677646e+02 2.176288035022460043e+00
1.804681372869461313e+02 3.383316118454755550e+00
-1.638676112764019024e+02 4.889033132405063320e+00
5.457783319462684091e+01 1.414163003556216403e+01
9.643749798449643151e+01 -1.102914040718880173e+01
1.207682720321032832e+02 -1.361236199226863341e+00
-1.725826405331209799e+02 1.286589104519166860e+01
1.370933641435769061e+02 2.986928595642044826e+01
1.433015182746708831e+02 2.949106902287431353e+01
-1.885147589060381392e+02 1.577972828668023242e+00
-8.636379615348229777e+01 -5.561430097260127781e+01
-1.443768698912950867e+02 -8.691971451525154491e-01
-2.013916660200359843e+02 -5.803978792374315354e+00
-2.005968609303564563e+02 5.015071076779393344e+00
-1.442613973671093106e+02 2.242705882070980650e+01
1.583161198349311007e+02 3.567619815073067002e+01
-1.177775662989454304e+02 -1.413599488152538441e+01
9.500790317920059636e+01 -1.896974143959122827e+01
6.077082838822033040e+01 -9.735099086735393925e+00
1.191310115867139814e+02 -5.669128908152471169e+00
1.264774493214275992e+02 4.609015787536989706e+00
7.295356815772423431e+01 -4.695097312053105654e+00
4.069919257518783695e+01 2.033711513027164131e+01
-1.841631790665714448e+02 8.968900494380974919e+00
-5.985670936934646136e+01 -2.617312058872612823e+01
-1.115987004609239364e+02 -2.906475764695535347e+01
-1.439460673320976696e+02 -6.934823871260435624e+01
-1.208981073841941090e+01 -1.772472202456597756e+01
-1.507366604716311258e+02 -2.146669350795772369e-01
-1.503916982145246948e+02 4.523917864979091519e+01
-5.038354950915546482e+01 5.248407052814248352e+00
-1.638545472053619392e+02 1.810434609244740045e+01
-1.925602383163428044e+02 5.655045546921535049e+00
8.348118995385951280e+01 1.066131928228083448e+00
6.025780986311740861e+01 2.509033953464071587e+01
-1.651802707714868461e+02 3.312240794892405660e+01
-6.343232379704931390e+01 -8.400481004964605702e+00
-3.121044713904344015e+00 -2.950781941380208107e+00
6.291954297610871549e+01 -2.607582656489713102e+01
3.988150707537536199e+00 -3.766929903132831470e+01
-3.230722891835010557e+01 1.663466797411199494e+01
-1.411187225897735971e+02 3.106040315239382288e+00
-2.063272880527066775e+02 -5.937664812199169972e+00
9.161535721575956970e+00 4.303212316944571825e+01
1.898078968916890119e+02 1.478601732199528840e+00
3.191680486647435089e+01 1.339990391570860240e+01
-8.700791696112527518e+01 -1.086574031130361817e+01
-1.928806382700083191e+02 1.805954007856126253e+01
-1.164873574444046227e+02 -2.456063374269001187e+01
-7.920010551111158748e+01 -6.975828813384073790e+00
-1.192068935334152116e+02 2.157915003037086876e+01
-3.732259834495465611e+01 1.554549789147762207e+00
-6.309263304519515003e+01 2.678660146692297062e+01
3.918949512086221176e+01 1.824643099984928085e+01
-2.891379810360612979e+01 -5.486856639506477507e+00
-9.900013259512236630e+01 4.849544099792427687e+01
-1.852582406455268327e+01 -1.481556740953089069e+01
-7.331301450785078089e+01 6.484112569908051071e+00
-3.545402169201689446e+01 -2.925315888724481894e+01
-1.603884008271347170e+02 3.272162673854413839e+01
-1.398826424211681108e+01 -1.013914181963935013e+00
6.694223385738274601e+01 -5.020983049573987778e+00
4.972201376924553529e+01 -6.103033516335046649e+00
-1.406259065214709203e+01 5.514150260712750828e+00
-4.916096622596355559e+01 -1.014048556747132146e+01
-2.174717136648295934e+02 -8.696931046776159135e+00
1.014120167185044608e+02 -2.583252447246159544e+00
1.045349331310079748e+02 2.526362270009920863e+01
-5.932356381400875023e+01 1.449829350454647603e+01
-6.629733036076474662e+01 -1.713767474494084553e+01
-8.037314309447054939e+01 -1.973157373646317492e+00
-7.825252614087399650e+01 1.506333517102438790e+01
1.387378121645897693e+02 1.002659699612092581e+01
4.713590145972491996e+01 -1.347710150016506780e+01
-9.621524488847678924e+01 -2.290715725366317912e+01
3.297631761373859938e+00 1.169143590630643104e+01
-2.447950405812588315e+01 -2.791850841293358698e+01
-1.663483532296588123e+02 8.456436807505010478e+00
7.762950328858029536e+01 -6.243437961263306746e-02
5.815162130236512894e+01 1.274580905667881048e+01
4.867082575251575349e+01 -1.866516417697202357e+01
-1.359497959275400945e+02 4.968858883336925381e+00
-1.402211828273568415e+02 -4.439390272911196256e+00
-1.741154293067846197e+02 3.315363103908653297e+00
1.506606308787487478e+02 -1.442279572749436412e+01
5.820805936710597450e+01 -1.442050820065076877e+01
-1.093847183956368525e+02 1.564189652313684142e+01
-1.938023141578317166e+01 1.058747163922851620e+01
5.138623131396634847e+01 -1.868270870107288983e+00
-8.992775476483407715e+01 -1.333947772386830266e+01
-1.011131435489399877e+02 -1.212050495596964339e+01
-1.726667375525778425e+02 8.623642617726062554e+00
-3.252589157706291445e+01 -2.226513511155657543e+00
-1.731741258166786395e+02 2.755085403296150304e+01
6.211285011939176037e+00 1.389268823057699365e+01
1.247513825682330122e+02 -7.359881648380997454e+00
-1.240225219118623414e+02 -1.821298029991453626e+00
-9.751299998735598251e+01 1.707004568023784330e+01
4.917908094001368369e+01 2.125404960587696568e+00
-2.389408675339560517e+01 -5.716755065982955131e+00
-3.686838885086578443e+01 -2.484666421952192561e+00
-2.433671636025893292e+01 -9.623923277894538941e+00
2.865445834058429497e+01 -2.873525827300952962e+00
5.428695582260566255e+01 5.679343108240277616e+01
5.783677856708125953e-01 7.588394267008736982e+00
7.282606894894757943e+01 2.711073693387793426e+01
3.983634469941067735e+00 7.550905736968649418e-02
-1.277734831012705143e+02 -3.298554170272436803e+00
-8.172708505619957009e+01 6.791302065713620095e+01
5.823012545280897001e+01 -1.605004229040427433e+01
-1.140965025552217895e+02 3.339691533380288746e+01
-1.165679522122240712e+02 5.973037793884756752e+01
1.192485629483471499e+01 -3.065307843771805452e+01
-1.638004418979123500e+02 2.040127242046328604e+01
-7.077638729062648792e+01 -6.741201335446268539e-01
-1.054753247947907084e+02 -2.168547317044075839e+01
-1.664569744071465323e+02 -8.539033971625091368e+00
-8.071189206028913077e+01 3.317675049698112844e+01
-1.887155907551056888e+00 -1.696181442791478133e+01
-1.547286879984628456e+02 -9.624331284423080390e+00
-4.865113344734614031e+01 -7.432436507048588048e+00
-4.707005109579650792e+01 1.752947854822411333e+00
-3.253071705241296030e+01 1.499412177065329388e+01
-4.736958766238081608e+01 -7.086657600812910296e+00
-2.091861730259425940e+02 4.796062275234666217e+00
9.896159459711735451e+01 5.134680916653008964e+00
-1.266211494568877960e+01 3.888533306780793453e+00
1.442311657150161750e+02 -6.449968333711620971e+01
1.350830586109455567e+02 -6.955552233237867199e+01
-3.228812097525722891e+01 -2.296467764336255613e+01
-1.000482015943983782e+02 2.725891439153576101e+01
6.725439259304698325e+00 1.226033494631399101e+01
5.588812225429127523e+01 1.537383470983274059e+01
-4.927753198801376300e+01 2.810811782041533924e+00
-1.228834004202070957e+02 6.406223156669008212e+00
-1.274925606469133896e+02 1.381317725895931758e+01
5.948521750384085038e+01 3.639507303073848021e+01
-9.379164037308855484e+01 1.995093433757281787e+01
8.267372102597022376e+01 -2.596607853521137343e+01
-4.891253370840299652e+01 -5.411437600061759667e+00
4.545659197329140966e+01 6.840314794020556199e+00
1.296055304843475042e+01 5.421362168694343353e+01
-1.675616089116658145e+02 4.225458182125795048e+01
-3.007416787572567252e+00 5.402583298960865754e-01
-1.525300938349134583e+02 3.376630883221763302e+00
-2.249723474707746362e+01 4.815879622287501860e+01
1.785516819069966061e+02 -1.153973061152137269e+01
-1.783854488238756630e+02 -1.334160214868442651e+01
2.035342056221148823e+02 9.657817363992313275e+00
-1.021557453100132591e+02 -9.708163298739529878e+00
6.721641348011989692e+01 1.164150128351473334e+01
-8.270270293841352327e+01 7.557308397425666513e+00
-1.357792783274547617e+02 -7.152045243980021283e+00
-1.981474058873996853e+02 -1.038671577985685346e+01
-4.215558498764762874e+01 2.028357323637185772e+01
-1.354132013783097079e+02 3.380256792517410958e+01
7.470066796132168729e-01 -2.078193606377294333e-01
2.684433604646027405e+01 1.451800509656719385e+01
-2.068074244259790362e+02 -8.030929006164646466e+01
1.262704083734013665e+02 -2.099650862866299761e+01
7.469617868606125910e+01 3.062573681519392466e+00
-2.089770236113420765e+02 4.397493135799841468e+00
-1.112310085206477908e+02 1.592953752489782993e+01
1.949779106801192796e+01 -2.576171291891138537e+01
-1.071327483922171382e+02 5.457864325001068551e+00
-4.241535821590359490e+01 1.520160606738409248e+00
-2.074869569617940499e+02 2.487504782621874355e+01
1.017646174868432922e+02 2.706026956788789661e+01
6.976154392502454726e+00 8.824668001673005691e+00
-8.619436103441188379e+01 4.364555843551914904e+01
4.541974492830784271e+01 1.750195357109693362e+01
-6.132629304092494493e+01 -1.107997550470185288e+01
-1.459608104075106496e+02 -2.693759838672540496e+01
-1.243092466452512923e+02 2.124637766382310389e+01
-2.071276226228058022e+02 2.412636052658041663e+01
-1.258828989448877138e+02 -8.995541521066009238e+00
-7.072816559408089176e+01 2.039883039330351311e-01
-1.037239984364327796e+02 1.507094860365360833e-01
1.101389566821000159e+02 -3.475192343295260144e+01
-1.487969014564189365e+02 -1.859244622827521809e+01
-1.295078141883706166e+02 -1.390649487106309046e+01
-1.042330049155319642e+02 -2.180143424130987384e+01
1.337438096692874012e+01 -2.643122882002515439e+00
2.028063623320092574e+02 -7.609988313623063050e+00
-1.549096744693448713e+01 3.030541744491899081e+01
-8.686290941315790803e+01 9.367921684394724835e+00
-1.493912024570535095e+02 5.872556168650536534e+01
4.203878884197895616e+01 8.773264141035381769e+00
-2.597547178955688878e+02 3.658670127507970271e-01
-2.214069052269812801e+02 8.314399061922763678e-01
1.718209943615049795e+01 6.602963285536223914e+00
-5.567847957730124620e+01 -2.886494340341084541e+00
-1.193727916416246586e+02 1.857114991639634027e+01
1.480483847653986800e+02 -6.540026154561912719e+00
1.201071186548204821e+02 1.979025921643318142e+01
-1.864423387966148198e+02 -3.701895136318142221e+01
-1.735579582494738133e+02 1.916416855395884156e+01
4.036288750118409041e+01 -1.684901507855284031e+00
1.493059578524169773e+01 -1.610664406497145507e+01
5.599708989183760366e+01 1.272593050722251817e+01
-8.804720742962318525e+01 6.979312160043241420e+01
1.201578955744290766e+02 2.852912502859737387e+01
-1.914710608155004650e+02 -3.754972665386961239e+01
-2.558159120704753065e+01 4.102601708079657783e+01
-4.840358116686572032e+01 2.895201608581946573e+01
-1.451356963775978848e+01 -2.630696613297808995e+01
8.564728301900822771e+01 -1.514664626265417446e+01
1.159412040412530160e+02 -7.767353153557310819e+00
-2.654510902887858848e+01 -7.049286803887253150e+00
-6.077879561831186805e+01 -2.532768569943838699e+01
-2.460184258409861400e+02 -6.246684799487698392e+00
-1.383700187713793639e+02 -1.440633775171590303e-01
-3.818046759530465550e+01 -1.428413211770857316e+01
4.505068936131679247e-01 -5.532436466190842062e+00
6.188895204809220019e+01 1.015010290204103249e+01
4.664948387118396766e+01 3.711477187858754689e+00
-4.165366588860182873e+01 -1.322932712210915973e+01
3.362909869665898999e+00 2.810557054712890590e+01
-1.869021494200432585e+02 -1.016273096591469383e+01
-1.382008885100289319e+02 1.172870415985178028e+01
1.465199064695487721e+02 2.447204559178469907e+01
8.378398980597401646e+01 2.029197038742735515e+01
6.460358684037659316e+01 -2.443942520803706486e+01
-8.489546766600822991e+01 -1.651120372088463739e+01
3.373927460218272500e+01 -1.346447762159816541e+01
-9.728832464068774755e+01 7.576964975699975735e-01
1.358503282585538052e+01 -1.604967285154210899e+01
-1.110220634374948467e+01 -4.548835502506221040e+00
-1.779797409579116447e+02 1.178697591829988056e+01
9.963526925927672551e+01 -1.816899496970255257e+01
1.026952068884500875e+02 3.315454149630986791e+01
-1.346123230259598529e+02 7.652188638221802286e+00
-1.027207282408428028e+02 3.759140736612719191e+00
-1.031775877167540330e+02 1.626862847665216094e+01
-2.086825585584071518e+01 1.848117358094839346e+01
1.400943798033214875e+02 -1.394304130804866260e+00
5.733690660560317554e+01 2.766826665897710669e+01
-4.641852116530035488e+01 3.243421539835376421e+01
1.053712782186823347e+02 1.916569375424807120e+01
-1.078322997775983509e+02 -2.609910322075494093e+01
-1.151860259319281710e+01 8.174193063900512257e+00
-5.563584174756231704e+01 -2.241695252984376197e+01
4.355547086961565384e+01 2.161144572838599132e+01
-6.431463729670137752e+01 2.960820187379633595e+00
-6.188125190889412153e+00 -4.050263307103826094e+01
1.449242964622884955e+01 -1.117560491434280756e+01
-1.303648266919700802e+02 -1.653486355254363005e+01
9.507005818849084733e+01 -3.056779189599862434e+01
-1.570767533910052123e+02 2.025175333120800403e+01
-1.646671000501209505e+02 -2.578480415809750781e+01
-7.245944908462171874e+00 2.917364175386777170e+00
-1.898053154679369925e+02 -1.669510756248564221e+01
-1.712258325862963488e+02 -4.190004194751092648e+00
-1.768714840817702054e+02 -5.240757955085175723e+00
3.499440815494358503e+01 3.394590562990199345e+01
-1.883800566770122202e+02 -1.363564391350807981e+01
-8.529145719499760503e+01 -2.730544091152136588e+01
-1.142402591363768352e+02 -4.432857499270450141e+00
-1.007222839576304239e+02 -1.156908432130228093e+01
4.562282749072728905e+01 1.602781309754440642e+01
1.212194413721403805e+02 3.638541720728928652e+01
-1.766172512379486932e+02 -9.797550619317516585e-01
-3.425114754635210801e+01 9.808877712973181673e+00
-2.048214314356546879e+02 1.133495486643605510e+01
2.000960004518787727e+01 -2.128111861633760782e+01
4.273448454577751932e+01 5.652170036335906200e-01
-1.389804350490228444e+02 5.639137501096054272e+00
-1.646074362196554546e+02 7.896215154150917348e-01
7.149386671334727339e+01 -7.636666182674325398e+00
1.692005491945118081e+02 3.072941116562325448e+01
-7.658124248244810417e+01 -1.763546729719630557e+00
-2.076193950666699095e+02 7.091434545371995135e-01
-1.344223330593920309e+02 -5.652982205108659031e+01
-6.745702795315648359e+01 -1.729542930172716098e+01
1.456023338847174955e+02 -6.207614206502022114e+00
-7.206486574804483780e+01 1.116102539065714794e+01
8.412780472249045260e+01 -2.748541283889055009e+01
-1.039209864481502734e+02 1.496293475887758184e+01
-2.104425050640013808e+02 -4.434713606085542992e+00
-2.018226319220986227e+02 -5.342323597571689930e+01
-1.367288611631093431e+02 8.915717551660822693e+00
-5.310748050757841554e+01 -2.644873548935103713e+01
1.223206706548146343e+02 4.357142277526122598e+00
-1.737135453986778089e+02 -1.303419561464782817e+01
-8.858939123971897800e+01 1.791327135360757694e+01
-5.810118291603111551e+00 3.897509202182638521e+00
-1.607571540260200038e+02 -1.971962152001722401e+01
1.138007774388807292e+01 9.603110559388081668e+00
-1.500427134928011412e+02 4.329754185503239228e+01
-8.842888539663222502e+01 -2.087463973331953326e+01
2.567499418356241403e+00 2.570417585496294066e+01
4.529386195624415024e+01 6.305590518934600652e+01
-1.440309745618768602e+02 -7.538786352661866808e+00
1.024540846310447222e+02 1.165965055273159834e+01
2.023016275384681961e+01 -1.033278656675930840e+01
2.314266844769911131e+02 9.068222114463715400e+01
4.766515869116609139e+01 -1.644789079115498609e+01
-5.876454401991016852e+01 -2.726661069983895658e+01
8.845308515288904516e+01 -6.544693325998276023e+00
-3.625653535852883635e+01 1.232738148850265070e+01
1.718275374470027543e+02 -2.535367267480847531e+01
-8.239767969558677407e+01 1.337057727544402219e+01
5.119840730839349874e+00 -8.511942089067723316e+00
-7.431068999609658476e+01 -2.027173717068093683e+00
-3.814463738923117830e+01 -2.173025130617087797e+01
1.228026842951559985e+02 -6.169617993773652387e+01
-1.999823424267683549e+02 -1.669904915271605361e+01
-1.120362626345581702e+02 9.893785992817161201e+00
-3.409489621692891603e+01 -1.485425498064906513e+01
-2.243372986717944428e+01 -1.701873851985477515e+01
-1.561852171722713081e+02 2.658103752822902521e+01
-1.016457904213524301e+02 -1.664830758883544704e+01
1.356325075295411153e+01 -2.500183165111301875e+01
1.351239621856677502e+02 -1.717636613102325072e+01
-1.463823855963268272e+02 3.801817790019553200e+01
2.021095360201806201e+01 2.557960282707981747e+01
-1.411697705039109110e+02 -2.567233620368058311e+01
1.478472295130537759e+02 4.903356943086032516e+01
-4.166645952352622118e+01 -1.749032340010817865e+00
1.622943952471728934e+01 -1.966119530353329736e+01
-7.190744898233504045e+01 2.960634655519348790e+00
2.109152883733643957e+00 3.468604879977113598e+01
-1.140081460346681865e+02 -2.957934445798094458e+01
1.447162060884893151e+02 -1.574174542761941176e+01
-6.133778740677632868e+01 -3.587968206785612679e+00
-9.242100114423848822e+01 9.003149505859589397e+00
-1.133472792561747724e+02 7.064362566316090275e-01
-2.068492731357834913e+01 -7.392577410241187863e-01
3.711900829230432208e+01 2.274225207987918651e+01
1.090562327600338932e+02 -1.002392155721443423e+01
2.197222542103526735e+02 3.804781313960864253e+01
1.740716713972018681e+02 8.924910352840408123e+00
-1.208467628157246843e+01 9.787246924950670390e+00
1.509978239191819114e+02 6.913528860909726070e+00
1.596381298938529198e+02 2.417285007640466787e+01
-4.632061479336682908e+01 -3.654006326206730826e+00
-1.912007491338253828e+02 -2.985023138542102217e+01
-8.875786366623779600e+01 -8.347735431844132137e+00
1.292445613585474362e+01 -7.311044465651233004e+00
-7.925352421540947034e+01 1.954354541275568025e+01
4.323924967503570471e+00 1.826339281550860250e+01
-1.704796690240717680e+02 -1.396782424984685100e+01
-2.297171528021741693e+01 3.411986499499533920e+01
-7.099541335564242672e+01 1.418624037912039881e+01
1.282491927707966397e+02 1.001953163167823924e+01
2.663054442889599827e+01 -2.238231823612796934e+00
1.205996585028330372e+02 -1.143720926896605761e+01
-1.749569246088791772e+02 1.462942369741572612e+01
-1.911472493351948287e+02 -1.541496119442414958e+01
2.551890633617874826e+01 -1.279553783733408423e+01
2.997419409575320159e+01 5.835752356553351561e+00
5.590801934463186029e+01 -8.823500726492106594e+00
-1.055713142833416072e+02 5.700436966144816431e+00
-2.048602170017623223e+02 2.859334667700466781e+01
-1.417897046042062073e+02 1.177981162960600869e+01
-1.451332866124990062e+02 5.579746517538325179e+00
-7.865576563973955615e+01 3.285814406918761676e+01
-1.674875490255564330e+02 1.823205061932045012e+01
-1.166810616353621555e+02 -1.519693872492544351e+01
1.897879575566328754e+02 -3.838067382442791886e-01
-1.633470932259703829e+02 -6.736055597640701720e+00
-5.615518766155126684e+00 1.088244724910683559e+01
-7.442164885454536716e+01 2.296771598457379682e+01
1.063825920383981583e+01 8.566168861794652756e+00
9.709702080792754941e+01 -4.434997605841230950e+01
-2.361882851226792752e+02 1.909204451693552329e+01
6.204968714896581616e+01 -1.302049591599208356e-01
-1.337313271307547495e+02 -1.441454545609765781e+01
4.740204019599565299e+01 -4.443932141922390144e+01
-1.768413489374361518e+02 -2.056765080124028700e+00
2.787723176178477402e+01 -4.093053767294787981e+00
-5.557691166384458370e+01 4.244568565253401005e+01
5.404639638089576437e+01 3.437333237496166927e+00
-3.711779983962216978e+00 1.654518847016103322e+01
-6.865956410571203605e+01 2.861212487176567620e+01
6.576787944056435720e+01 -3.725907946707249341e+00
-3.396571514034470596e+01 -2.306553753528078621e-01
4.766331221155156328e+01 6.689637908659269883e+00
2.877777043412722779e+00 7.970565351410261457e+00
-1.776357672437292479e+02 -5.090621237537956922e+00
-1.378338683798507418e+02 2.267618240694406495e+01
-2.757581608310260179e+01 -1.414223490484728396e+00
-1.339779671655965103e+02 6.624067598382615607e+00
1.600050882377846406e+01 -3.720172592239269704e+01
-1.474825104178215085e+01 -8.356057761203256717e+00
7.140056018282203354e+01 6.653579139697576750e+01
7.609533613841098543e+01 -3.938724882507396607e+00
2.269513797837075799e+02 2.243954617530852680e+00
1.374649308233906098e+01 -4.853944352621363478e+00
-1.865673591654000631e+02 -7.876724178029441248e+00
-1.727926217580481421e+02 2.588896964294174197e+01
1.195461862652965976e+02 2.424900145329848655e+01
-1.652773246756882202e+02 -1.242429090439020634e+01
1.832638632246600423e+02 6.430927038906879112e+00
-1.965108527076669134e+02 1.582552470698136426e+00
3.047166147157075144e+01 -4.727209956001782842e+01
6.451379861869196475e+01 -2.156790753034991681e+01
-1.082895329249690519e+02 -2.087322548537844469e+01
-1.252133120092843512e+02 -3.394421158217005186e+00
-2.268867838254474520e+02 1.033762725364709389e+01
-1.952421556778717004e+01 6.627175851818934760e+00
9.187094493644973880e+00 5.132457767196987319e+00
3.825519680077402995e+01 -1.771715802225330094e+01
-1.196289768032105059e+02 -5.163081251827573226e+01
1.373689819083108716e+02 5.076776311973518752e+00
-1.113320857632576804e+02 9.694008269024681823e+00
-1.687105295567165797e+02 7.027916769188309765e+00
9.293131786813775363e+01 -3.730301179045350324e+01
-1.450390464631018403e+02 -9.115185429575834775e+00
3.533748542264450521e+01 2.349341038484888955e+01
-6.264729167142125021e+01 2.101022924332863084e+01
-3.609962154410620627e+01 -1.098608065707735904e+01
5.432652213133370367e+01 3.964604298539705241e+01
-1.898926872268379498e+02 2.362947822272456477e+01
5.794873355087385391e+01 -7.556128817167247824e+00
3.609694216259119770e+01 8.391461933882556679e+00
-2.196689846547194520e+02 2.235948927028496680e+00
2.033707158562039297e+01 7.737132363888395759e+00
-9.475933750136675826e+01 -1.771709355073988235e+01
-2.263140246264141098e+01 2.543222277270301923e+00
1.746886376489467452e+01 -1.189640097494681470e+01
6.700424513742100885e+01 4.814940424892751025e+01
-2.742602649217562316e+01 -7.412964264376886270e+00
-2.559656764136045126e+01 -1.403780184719041380e+01
1.390181494443825727e+02 2.545269055071585029e+01
1.404595370243733896e+02 2.170054455681546202e+01
-8.398501953181417434e+01 1.123476458654489107e+01
-7.958893410212820640e+01 1.426088172388090314e+01
-2.095286544235717088e+02 -2.487301130616506595e-02
6.546962586841321752e+01 -1.621089525523724717e+01
-1.158725054449811864e+02 -5.611584798936636531e+01
-1.393438186764791453e+02 -3.331196201499268739e+01
7.871379852098952767e+01 -4.248347784073971667e+01
-5.847093363377931041e+01 -1.973802704852157675e+01
2.328796262595104594e+01 2.301747998594176448e+00
-1.437328639593648063e+02 -2.091239827849707567e+01
1.160491313688713717e+02 -1.136929842769776577e+01
-2.315672436466604367e+01 1.120858329360988037e+01
1.527549443535047828e+02 -4.257648942549718640e+01
-3.861149919873373904e+01 -4.516506537746476369e+01
-1.625456232912149517e+02 -3.330404631005219773e+00
1.447724039781461158e+02 -3.422229998044253207e+00
-8.498544373332157420e+01 -1.719127330761916372e+00
-1.678073676042966724e+02 2.192328474856489962e+01
-1.245246891896987762e+02 3.046178242831780025e+01
-5.909032635872875971e+01 -1.729719120912077557e+01
-8.963503814357173383e+01 1.389397301275008978e+01
7.702704899487541468e+01 -2.589914785615451365e+01
1.832212181768812229e+02 9.973030408807188607e+00
-1.561048895156070841e+02 -2.224054349744290349e+01
1.185140247284983701e+02 2.325913181160688126e+00
-2.763606606384762898e+01 9.083767409312947905e+00
-1.867627968220221533e+02 -1.123421649956865309e+01
4.127705923529058651e+01 7.589081261690870939e+00
-8.175227652406331647e-01 9.872424773440331425e-01
-1.913564098241254783e+02 4.752579808538090589e+00
-6.387585865078953873e+01 6.409339903688966444e+00
-1.537784378985324167e+02 7.151605352959858664e+00
-6.934765133150681038e+01 -4.742227283253556358e+00
-1.985637633277475231e+02 1.576185365152445783e+00
-1.236329027983720152e+02 5.378298141407489297e+00
-7.014626837513141311e+01 1.110022738304595968e+01
7.632895201634268290e+01 2.104811161080045778e+01
1.328044393851782274e+02 -2.736386227315031405e+01
-1.270509949560332075e+02 -5.637214957066144905e+01
6.393043909449129814e+01 -1.291443173437297887e+01
1.317953416668827913e+02 -4.160275194776144048e+01
1.357481777229681654e+02 -2.574119495327309792e+01
-1.886098721779572713e+02 2.184677393468280471e+01
-1.162974781375581301e+02 -1.460179676406220395e+01
-8.346383799084267707e+01 4.912432839918544403e+00
1.153253342919265734e+01 1.546541074601484134e+01
-1.369060381439008722e+02 1.228379403240538714e+01
4.740307050048929938e+01 1.273875874251169193e+01
4.723689998437616566e+01 2.216633611112623115e+01
-1.515862289733460955e+01 4.021056779377624402e+00
-5.220107217497036345e+01 -2.897416801560911992e+01
9.236897772777007276e+01 6.025134947352939641e+00
7.905198862955744588e+00 -1.172954284106249911e+00
-4.022782196627105833e+01 8.782637734532077189e+00
-7.705232066202698604e+01 -2.779713268430694484e+01
-4.759812262133354466e+01 -1.136666698961249367e+01
-2.265525616915192941e+01 -2.203223066831245447e+01
4.169500170258282168e+01 2.931892563473315949e+00
9.196031103522447836e+01 1.589618247241258153e+01
-1.427597840122928972e+02 1.856886794973221555e+01
1.541710121229339734e+02 -1.941427206716143994e+00
1.901936457616528742e+00 -4.171992228509310285e-01
-1.941440634870752149e+02 1.205686961393127454e+01
-3.840496884439336611e+01 3.195018010028872624e+01
-4.177029058067862621e+01 6.916705418177247111e+01
-1.591618212534857264e+02 9.457987221405673495e+00
3.910346413846064184e+00 9.556734321067070326e+00
6.170743126392935807e+01 -1.005587440295601320e+00
-7.131362058982873009e+01 -2.798240198106626764e+01
-1.316995035324369780e+02 2.152191608699654779e+01
3.518387238490623758e+01 -1.666508460109245959e+01
-6.695602193984328210e+01 1.871140181445615980e+01
1.355118165500307157e+02 1.319961008424488824e+01
-2.069607141288470586e+01 -1.932367663518790124e+01
1.353094607005791090e+02 -3.589457535208956784e+01
-3.702816781453666550e+01 -4.868532648899527260e+01
-3.087404594115437817e+01 -2.996622129429565362e+01
-1.908406196398826182e+02 1.242231978503457945e+01
-1.896615813480837005e+02 7.875940850200166210e+00
3.964635206939690448e+01 1.710267827866464430e+01
-1.000168188001992604e+02 -8.603419209459479688e+00
5.367916109353624421e+01 -1.233959093262801510e+01
3.636165351918969435e+01 1.138293989458758659e+01
-1.801343383150700816e+01 -1.340238514618149424e+01
1.748757945086613859e+02 -3.550674151305627912e+00
-1.342504831550011204e+02 1.591792137465770729e+01
-3.449822221196410510e+01 3.545862978730858117e+01
1.390159176017066045e+02 1.613025839126289540e+01
3.762654830630540204e+01 -7.082179207647577357e+00
-4.865360634277487151e+01 -1.916190024942493508e+01
-1.565120777550234834e+02 -2.808289020311190143e+01
-7.337862334758304428e+01 -2.103366183302927794e+01
-1.689398718208277899e+02 2.426199909747866101e+01
-1.910236551872937412e+02 -2.177107525618793282e+00
-1.968824214655114133e+02 -6.576314860953820229e+00
-2.235524267382621133e+02 3.448687972155813952e+01
2.789632326845004684e+01 -1.021621673724460067e+01
7.311827392812605808e+01 -1.486018097727212606e+01
-2.136223348518667819e+02 3.999186056921099919e+01
-1.019272381046668983e+02 1.503557496211911371e+01
1.825326079208337262e+02 -5.126743581722417176e+00
-4.065044690536363703e+01 -2.218628304210847446e+01
-1.587512209026111520e+02 4.706829100078979700e+00
-1.001349095703029946e+02 -8.048463222717369803e+00
-3.764406782594745948e+01 -1.698289937609012146e+00
-1.900271780346600110e+02 1.296300520423724123e+01
-1.451036138827598734e+02 -6.237051059213779780e+00
3.659688619177936886e+01 -3.728078675052438395e+00
-2.326885318073323106e+01 -4.170745852666494002e+00
-4.627441212001563997e+01 1.994699712623466326e+01
-3.874550700902491940e+01 1.690371972720088678e+01
-2.795222473101977911e+01 3.448129148473336070e+00
-1.324462852536026674e+02 1.161751148978699177e+01
1.267705129479139998e+02 -1.938125593569254690e+01
-1.261331867814474066e+02 -6.206449865113719433e+00
-1.214370068604189328e+02 4.606784084244421251e+01
4.038994133577139678e+01 -8.415535684878491907e+00
-4.642522008181376947e+01 1.542413307321259275e+01
1.621837711324019722e+02 4.343714408670287952e+01
-1.658626351410739517e+02 8.908378424936898909e+00
-1.320233416950968035e+02 -2.548515035312945187e+01
-1.385806164136314180e+02 1.871071095554034613e+01
1.031677704293946078e+02 1.263887180140896938e+01
-1.344210458890389646e+02 1.342896175832125216e+01
8.088116192402387128e+01 1.494425704994796789e+01
-1.082735921168924165e+02 3.910181022150716501e+01
-3.654272435752677950e+01 4.826113790997275110e+00
-1.081355738710222596e+02 4.543220359862064350e-02
1.365865430816812989e+02 4.502111090477246336e+00
6.500416888541479921e+01 -4.198746763085330791e+00
7.232212085456212947e+01 -3.344865313720936939e+01
-1.333819906981517249e+02 7.679087001923648792e+00
1.595126363960368643e+01 3.138254539726459313e+01
3.717382605488603531e+01 5.169382546959714331e-01
1.738182232848085107e+02 -1.866429804555071215e+01
1.022765901538687956e+02 1.617843850582025667e+01
1.182145622180335351e+02 2.282585893485239714e-01
1.156034648998101204e+02 -7.033374070485248764e-01
-2.031359462794063120e+01 6.583042935327485523e-01
1.652695243602683206e+01 3.443853889596351081e+01
2.046533200061459823e+01 1.076570710647527029e+01
-6.334475487130878690e+01 2.233947927630481090e+01
-1.775713708680829654e+02 6.393095164718568313e+00
-4.723124799696150689e+01 -3.042205369921386904e+01
-1.437110732063594867e+02 1.716790999470227419e+01
-6.929324235807433752e+01 6.260982536674991827e+00
4.629594302729500299e+01 -4.937317927691274200e+00
-1.162792672996992138e+02 5.828930444156138480e-01
-1.776221049316458220e+02 -2.528338186676683819e+01
1.936599149655221908e+01 5.824173281340519281e+01
-1.591366981479531262e+00 1.450508302002474714e+01
-1.097666295104965286e+02 -1.199292283468458642e+01
-1.725015105177183443e+02 -1.923134590887474360e+01
1.757028701044408479e+02 -1.504732648334390355e+00
3.463737657741791054e+01 2.759929675016535455e+01
-1.287383240089529579e+02 -5.303342198208762071e+00
-1.353756365786757101e+02 2.984594230435550699e+01
8.063675397646173693e+00 3.277203970929229371e+01
-1.075433214935996773e+02 -1.899354716476797833e+01
-1.931025684745098374e+02 1.445523576350582573e+01
-9.497390351616805049e+01 6.500663297543185060e+00
9.512909591191912284e+01 -3.912842966088769248e-01
-1.421116453859673925e+02 -1.830511610804663292e+01
1.074649547088268662e+02 -2.446982509337340872e+01
1.285437825053845415e+02 -3.415973422282563376e+01
-1.770092960588927156e+02 -4.739538207332320674e+00
1.192560708407636838e+02 2.900233533585759460e+01
-1.089211863318011098e+02 -7.384287857555258405e+00
1.416531518497265552e+02 6.819177066674698473e+00
-1.430612532608736842e+02 -6.087104943517806177e+00
-4.694140801172181199e+01 -1.210960588319495379e+01
1.475509262946468994e+02 -2.358758987759260961e+01
-1.421326015552397735e+02 1.945221985228135964e+01
-8.594231149970367767e+01 9.055182901967302911e+00
-1.055071667243730076e+02 2.963287025961598431e+01
8.410050795165005866e+01 1.885425914764080702e+01
-6.021340323479598311e+01 -2.213270594492328769e+00
1.994972766553017607e+01 -4.564693189548084007e+00
-1.869810388193536710e+01 1.210836265533104061e+01
-1.051438899441876060e+02 5.226055922053630454e+00
-3.630008048642961427e+01 -1.635610874355476341e+01
-7.230586862152605931e+01 -1.073950331565523264e+01
-1.176914315348383155e+02 1.263094308595681525e+01
-1.444991060021631881e+02 -2.441794030138117577e+00
1.412869384434089000e+02 1.448222731404975860e+01
-3.287487528576404117e+01 4.543388886877600896e+00
-4.668238279010525105e+01 1.204477191839193040e+01
-2.826913658833367293e+01 1.900099048167968263e+01
-1.936674931180982639e+02 1.953956568709297770e+01
-4.367032418877553113e+01 2.977710210579423844e+01
-1.778626028171202904e+02 -2.249908019080263699e+01
-1.937460369026316016e+02 2.126494664977481719e+01
-1.633325151448270276e+02 2.927779699861686069e+01
1.922227392276291766e+02 5.711658922558951801e+00
-1.170666251183359776e+02 -3.552069514361506464e+01
-8.293177873228341923e+01 -3.128487613072006113e+01
-1.868986657727910483e+02 5.047015541426787166e+01
-6.435600620782658154e+01 -5.252300936246706797e+00
3.528118015639010707e+01 -3.848620345204371773e+01
-1.601471924597438701e+01 2.674867589466461482e+01
8.340986456408469962e+01 9.992235801592917355e+00
5.812361308638655544e+01 3.027722449304802943e+00
-1.816508615591893090e+02 -1.896498547165821336e+01
1.612448379138173493e+01 8.947737792976212745e+00
1.005663350107777916e+02 -2.035670414375473669e+01
-4.711108687531353212e+01 -1.305353652251965713e+01
1.067939711626800232e+02 4.132425297250538421e+01
-8.920269954896249942e+01 3.490468627417578773e+01
-1.197810580350639782e+02 -2.195169679518252437e+01
2.253282288219559604e+01 -1.182681066371590717e+01
-1.390730302060102872e+02 -1.564420785367448019e+01
-2.290994772716811667e+02 -3.092720261635064460e+01
-1.361702280862505177e+02 4.036547040865202440e+00
-1.848673265238335262e+02 -8.006281835356347187e+00
-1.611473792027613854e+02 8.846099176697409305e+00
2.775244871358019694e+01 1.968949258617934817e+01
-4.258256215605897665e+01 -4.794529249364950729e+00
4.463836588659446392e+01 -2.711942644654687484e+01
8.079575210969487387e+01 -1.166034092518270171e+00
1.564895442166680084e+02 6.787871538330563226e+01
-8.840990473954973083e+01 -7.170270066448769519e+00
-2.109436196546531050e+02 6.091553120166830482e+00
-1.795500307149549997e+02 -1.900097299459176980e+01
-1.287047591350529103e+02 5.214971329930192745e+00
-1.739295750968296659e+02 8.321836319682784477e+00
9.048503563362753965e+00 9.766401540073118781e+00
-8.906236294303930379e+01 3.268757288474711942e+01
-6.210030406688867544e+01 -1.656985195737305716e+01
7.174775482914728286e+01 -1.990009576101020627e+01
1.415737473967215294e+02 -2.729563429521703455e+01
-6.376956301405616756e+01 -1.070440475237663591e+01
-1.100224918423160005e+02 7.807878923323996467e+00
-1.659285429194660821e+02 3.902126231448978189e+01
-1.853394159628269620e+02 1.842443978772926627e+01
-5.867205694250563042e+00 5.329852662464902302e+00
-1.815942356579969896e+02 -6.739320992940656119e+00
-6.408491637453353462e+01 1.325928049731595770e+01
1.175107370196141403e+02 -4.706975227571049913e+00
3.396868648662244539e+01 3.190921934420173756e+01
-7.688328274210476820e+01 -2.494953710372762501e+01
2.818661263131814820e+01 -1.988927828837066869e+01
1.855076716136247796e+02 1.012391306326550300e+01
8.193767671779380635e+01 1.870065883829185038e+00
1.273542988572804546e+02 -1.402252701346343855e+01
-2.682774460248975856e+01 2.253176081866172709e+01
8.543860232630127172e+00 -1.259460345346686339e+01
4.528281811464263029e+01 1.731317941766856094e+01
-1.283795489793694173e+02 2.340978221865488607e+01
-7.709568856192285580e+01 -8.558049881976991458e+00
1.385605219909549248e+02 -1.097938215253590855e+01
-1.680519120507083244e+02 8.839786530393277886e+00
1.191023167617115917e+02 8.184652857734719955e-01
-8.105105289296204774e+01 1.970770600452972587e+01
1.335226438325348575e+01 -2.450218166111023876e+01
-1.516057881678800072e+02 7.924510557962042512e+00
-4.393141389808234010e+01 1.106481845101849260e+01
-5.500654548957829348e+00 -1.774285736217782272e+01
-1.192421368555840644e+02 4.042312691828366389e-01
5.008499503430363653e+00 3.318534487631508600e+00
3.431836928683181043e+01 -2.068530416894613366e-01
-1.781734717595692814e+02 1.332248713185759748e+01
-2.015998685938040182e+02 -8.882929368939445069e+00
1.217527335964182384e+02 -2.999244553994090978e+01
8.445268398894316420e+01 -5.018732293641912179e+01
-8.890597808069431096e+01 -2.098189488640356259e+01
5.225308159706284528e+01 1.779803158261124452e+01
-9.522119377636322213e+01 2.505743093086304896e+01
-8.470745362885855911e+01 -1.269748244556150674e+01
-9.284538784799397604e+01 3.281238800076664131e+00
-1.646609621775007426e+01 1.800395565648488683e+00
1.521874456449516515e+02 -3.636005346713970710e+01
8.884193908252673566e+01 -3.117386206399194037e+01
1.057587514438327929e+02 -1.484801683395720673e+01
1.534875470543640752e+01 1.587784345558823063e+01
-1.218260466264639774e+02 -8.584303499342235355e+00
-7.698737724378541714e+01 -1.632441614806404928e+01
-1.005806848427856863e+02 6.025612400302229332e+00
-2.287689062648087024e+00 -6.961303710825289315e+00
-1.392918858308909194e+02 -1.643174538364298698e+01
-8.067798017766180863e+01 -1.298715431965922917e+01
-8.401228219256884699e+01 6.034332390402452617e+00
3.130595856804310273e+01 1.158126820954069380e+01
-7.071949310760822982e+01 -2.033609550841491043e+01
1.098749838479051562e+02 -3.835171424552875852e+00
2.090589757627570577e+02 6.225607482011604965e+00
-1.847958633837923799e+02 1.249291633175986505e+01
-1.538419169384843599e+02 3.243782264626475609e+01
3.962745958225105625e+01 1.383845463957970878e+01
8.068570746182835762e+00 -9.225101537701361210e+00
-7.735851754748519227e+01 -1.329676722395763955e+00
-1.199790116585058684e+02 -1.607242968148002404e+01
5.342636397059519204e+00 1.627999985371409863e+01
-8.216528119615469450e+01 -1.057489161239070441e+01
-3.315361454899032623e+01 5.355264621669106440e+00
-2.303481547591854195e+01 -1.575356315932673468e+01
-1.190341684017522539e+02 -3.638922057704985669e+00
-1.435149490795369047e+02 -5.258440655931769570e+00
1.978554725456560277e+02 7.839882439840748063e+00
-1.580906517141372625e+01 7.129662661040367055e+00
-5.739326728484778783e+01 3.928940838621972631e+01
1.722435978133189280e+02 8.354809442422235222e+00
4.795803397786675504e+01 -1.121077698136933698e+01
5.138469249540593609e+01 1.237119467204904666e+01
1.914410317085774409e+02 -8.993524067362563823e-01
-8.772591294928400885e+01 4.065555932212036083e+01
-1.630926808856521575e+02 -1.886949606606090057e+01
2.054514658638471758e+01 8.850601284420097414e+00
9.701195587754466487e+01 2.646774423010630883e+01
-1.702604264426161649e+02 -7.067379720381158359e-01
-6.465496316708089353e+01 -4.501505778880235731e+00
1.675489219281470810e+02 1.263917062559191251e+01
8.868087950883092319e+00 1.577157703398352240e+01
-1.987662790851079251e+02 1.782293033103963475e+00
-9.072428857098181254e+00 5.106617967266406488e+00
-4.316461411669158821e+01 1.954320227560929624e+01
-1.605458178435391403e+02 4.681112489079995775e+00
-1.906107407236795126e+01 -2.462744238591946466e+00
-1.653303781600270668e+02 2.432639458759890516e+00
1.651037479984119827e+01 2.879368942568195866e+00
-8.100838141721496299e+01 -9.001138134385481271e-01
-8.907189157364750542e+01 8.442850716703507175e+00
-1.104339899708711386e+02 -3.003027352455647403e+01
1.241769281872572179e+02 -1.149815639453806071e+01
-1.488144472929027415e+02 -2.883419871395558687e+01
-7.653858706393666012e+01 6.054114220364925636e+00
-1.897179720100079976e+02 1.275243894963237423e+01
3.345086272594646459e+01 2.506039605937204762e+00
-7.828394658749218138e+01 -1.035435542477556758e+01
-1.616422672943610621e+02 -4.423127068856921795e+01
-9.285144638939136996e+01 2.703949143325255733e+01
-1.175681738646328824e+02 -3.335927591075333964e+01
-9.497741028699078925e+01 2.369946651912420066e+01
-1.263785850966711735e+02 1.203377350115809108e+01
2.155338368366474100e+01 4.759988039653747194e+01
-5.481966020365371506e+00 1.577865734667077113e+01
-7.475175615767125237e+01 2.493816444419810097e+01
-1.100276794343094764e+02 8.687353449012650941e+00
1.263863836449724261e+02 -7.086942131053173277e+00
-4.954930436023234819e+01 -1.263443262367549025e+01
7.873181969440689443e+01 -1.294175361320601425e+01
-1.774819798568251628e+01 -1.992678068523113311e+01
6.204733557971166391e+01 3.143874543827408985e+01
-1.135839521581900868e+02 1.030132310728711076e+01
9.975462751813037698e+01 -4.200388392788678971e+01
2.058023842319150631e+01 1.011318251829902337e+01
