1.499671486260712925e+02 8.487620066314681466e+00
3.931813052114852880e+00 4.094887480230213761e+00
8.495057940509738614e+01 2.350156993759624224e-01
1.656073877038869568e+02 1.499287508402187052e+00
1.759911133732347821e+01 -3.622494605882319973e+00
9.340003992346652240e+01 -1.255697038848207647e+01
5.998368231935572936e+01 -1.119808452828885059e+01
1.569469677442854447e+02 1.297465802849763250e+01
9.264344140252428872e+01 5.666312742460052121e+00
6.145733165394525344e+01 2.023441668469906674e+01
5.280140097033790170e+01 -2.107537001348185157e+01
-8.732000376762044880e+01 2.349259328476101061e+01
-5.962101990621426495e+01 1.050642015151188957e+01
5.640807432659668663e+00 1.102908214514110163e+01
4.519921101204275971e+01 -2.410646522971385153e+01
3.653612837159851523e+01 2.078007126648082803e+01
-5.321834809344368722e+01 2.512699994692124505e+01
2.711640642307933291e+01 -2.861580248966463103e+01
3.111388047187633177e+01 -4.459222381049566586e+00
3.344967761299373166e+01 -4.437350141516536439e+01
-4.510173306807536164e+01 1.936695923730593805e+01
-9.256803171794112828e+00 -4.806877047091001742e+01
6.389556238110880315e+01 4.160443539111832933e+01
-1.312757226494709357e+02 3.373686360776358129e+01
-3.868957348680715569e+01 -8.145415281961462028e+01
7.873303273648245693e+01 -1.166327602233036131e+01
6.836184707832094887e+01 -3.253688097482034891e+01
1.640707384477807693e+02 4.147899095485999332e+00
-7.691906205230994331e+00 -1.401547931070883735e+01
1.916630602613381882e+02 7.886819864817995018e+00
1.938482847592959146e+01 7.859574502650715999e+00
2.258218790230861543e+02 -2.321330615269372188e+01
3.054697650361050165e+01 -2.880051200823994506e+01
6.628086902455183349e+01 1.300554132511065397e+01
2.926145371716364796e+00 1.146742805760176687e+01
9.313007081282948718e+01 -1.913471235664170322e+01
6.517223381757850120e+01 2.605695856883077965e+01
1.207565180102743518e+01 6.600318142115121356e-01
-2.777647891199913488e+01 3.237081582493038923e+01
6.119396078181889465e+01 2.887552708298848003e+01
1.322282980906201146e+02 6.248436795035718916e+00
9.366546454966889712e+01 6.097021526855013196e-01
-8.883575774224151189e+01 3.503300366822277567e+01
1.122907340398324862e+02 -2.138601874163680527e+00
2.018617158671125651e+02 2.382357509251859540e+01
5.217659069784684789e+01 -1.264614572497294809e+01
1.391715137895289267e+01 -1.654287717007128933e+01
-8.480122356432852371e+01 -3.583094587540635700e+01
-9.742973659542354881e+01 -1.219214544845144133e+01
-2.021387663645122856e+01 5.095751176883729983e+01
4.001437118965298367e+01 -3.511434690995616670e+00
1.603788617137420758e+01 3.673474635522969489e+00
1.269834376067726680e+02 2.098262867649392049e+01
-2.160889108584759555e+01 1.333914337002418726e+01
1.499244553164394631e+02 1.373286787790809349e+01
8.401495588433841988e+01 -1.055605976149740721e+00
1.243748252488244646e+02 6.441609085708415172e+00
7.204391025726941677e+01 -2.860579091105055838e+01
8.778446932882194176e+01 1.852975253022608015e+00
-3.474876919782715845e+00 1.617277511857142613e+01
-8.443595415664488257e+01 1.241606154845006138e+00
6.461313363759667538e+01 4.897171406577306207e+00
-7.806520674473421195e+01 2.929866190780693458e+01
-1.163462178369476341e+01 -1.398477245053786255e+01
-2.075124180195793144e+01 4.627576594085998352e+01
3.498792243479219621e+01 2.671228346775591689e+01
-5.204824409605042490e+01 -2.848360180704957045e+01
5.047222919886508663e+01 -1.103781566774740952e+01
1.255508929093353432e+00 -5.372354210507221950e+00
9.094616427254044311e+01 2.622452320733327458e+00
1.889811206183624392e+01 1.074968407108539914e+01
6.316470673831216232e+01 3.517434779878637130e+01
-8.663524507737768943e+01 3.878016190434101063e+00
5.688243463650446330e+01 -1.065768339724131097e+00
-3.821191782924425517e+00 -1.043879001518717686e+01
6.121785197615876939e+01 1.377757717218322320e+01
7.962329759576745403e+01 2.634453910220552331e+01
4.728668624366401474e+01 -4.905984416664605163e+01
5.939461063519080852e+01 2.771228086457786688e+01
4.179515130479296658e+01 3.364986706539068706e+01
3.676634397425916490e+01 5.099054223568776223e+01
-2.850603670231157238e+00 3.926751992868780849e+00
-1.999243165607986583e+01 4.674492726319149227e+01
3.135667360539335391e+01 1.131619546685222311e+01
-5.079719905781526990e+00 -3.722020923918131530e+01
1.053313913240664164e+02 -1.122973326676574146e+01
-6.284731402111114029e+00 1.710128461426135260e+01
-8.471168434633914046e+01 2.497368933576676397e+01
-2.129209778788095875e+01 -1.334235040336694933e+00
9.170262790167629419e+01 7.212057981471262202e+00
-3.497123639083401514e+01 -1.181204543985859168e+01
1.721469754555393479e+02 2.548573036245473844e+01
8.208639306854090023e+01 1.132525650955061636e+01
-3.625939606581709995e+01 1.521534241018792422e+00
1.494753437798445717e+01 4.234118706701685397e+01
1.463278043477038715e+01 -5.817966145316344928e+00
1.201660630485514503e+01 -2.640615425720865872e+01
-1.673047655101693465e+01 -6.625492231684164324e+01
1.260283689742916806e+02 3.552221822964427389e+01
2.109912995266798532e+02 1.631900649643011070e-01
8.826878973296675213e+01 -2.431265817052494782e+01
-1.793401149499609559e+01 -2.277428788231295798e+01
-1.934067934550789403e+01 1.870186679989356549e+01
3.202206699630252018e+01 -3.026926249943240421e+01
-5.066155805013610625e+00 -3.377184348066860053e+01
-6.226561203628547503e+01 -3.600723346237265332e+01
1.809742034407534117e+00 -2.315574749733942639e+01
-1.358670951170749497e+01 -3.603049372329451217e+01
2.303794871209825246e+01 -4.615675138204997552e+01
-1.717917725121893113e+01 2.583296191092383154e+01
-2.615392701567424893e+01 6.222066878534577938e+01
1.000760193646846261e+02 -3.410811369315226216e+01
-1.257423139839142756e+01 3.592883653342705230e+01
-6.527484486804513608e+01 2.596743118797244065e+01
6.977620576534756935e+01 -8.430935521513937658e+00
8.218716391067779625e+01 3.741398440275449211e+00
-2.038073159226032516e+01 2.374387801398977871e+01
-7.327469859839187905e+01 2.742675263728953894e+01
-1.052639230779329438e+01 -4.058120778437209708e+01
-1.639919606205644698e+01 3.706205550907668567e+01
-1.131735558209363290e+01 -2.450934446733051786e+01
-5.511239662723047772e+00 4.575163760996205475e+00
8.741168560992338143e+01 9.898102750433709573e+00
3.606301786033618839e+01 -3.500209307093630429e+01
2.442082867071493268e+01 2.891991808127197672e+01
1.053620969686226800e+02 -1.166784253663234949e+01
-7.511543520324286760e+01 -3.286829040941780988e+01
-5.428035071678140611e+01 -1.978082768634829591e+01
-6.692135749915991028e+01 6.649807522014772587e+01
3.626313046548738583e+01 6.570841569924620984e+00
-8.706132826537043456e+00 3.052646030502307184e+01
2.498883724023702513e+01 -2.214261094340924885e+01
1.161329469667406187e+02 4.219268202241092780e+01
-4.763690239569918106e+01 3.581335378716990192e+01
3.197162505640897834e+01 -1.766633261437535296e+01
-3.166287500319874937e+01 6.972163879565462707e+01
-5.627050090301486840e+00 -3.699249914099239334e+01
-1.264621137157088127e+00 -2.171564924590661505e+01
1.657630920600960849e+02 -2.524492553791410998e+01
-7.577612155283424045e+01 1.264455683706155220e+01
6.106506502573349593e+01 -1.378288274754311615e+01
4.379290201032189600e+01 -2.897679451666333605e+01
1.630938815365338144e+02 1.267034784022731486e+01
1.661010813399824997e+02 2.170917684265961434e+00
6.026279704677344284e+01 -2.794299477685366284e+01
8.610763523604962444e+00 2.483727441087312471e+00
2.874413773522619664e+01 -1.413694157358685999e+01
-1.027780171831870071e+01 2.892908570015096359e+01
2.625511635813712985e+01 1.733964708901618579e+01
1.072243763653804791e+02 -1.581759376044392518e+01
-9.440353716182077903e+01 -1.801714811967725183e+01
7.428483231550805499e+01 2.570061369152118047e+01
-6.278216698040345278e+01 5.069568964248568399e+00
3.530799762778950424e+01 -3.538934411936925528e+01
5.373380603322227245e+01 -9.235845164000801688e+00
1.289558945347641838e+01 -2.704876559860898055e+01
9.145345403899484893e+01 -1.562933019605920215e+01
8.435616418386698001e+01 -4.511390962975417551e+01
1.395283201290743591e+02 1.246786925443701932e+01
1.989975951495381423e+02 2.863987581103019764e+01
-3.854951869386064089e+01 -1.813915579877967588e+01
8.313058256971423532e+00 -3.488864835792616503e+01
-2.561124078479593535e+01 3.736569523733312082e+01
1.035400820039970249e+01 -3.289053299441476241e+01
3.019688720622612266e+01 6.608466951829417013e+00
8.030470823242144718e+01 6.815924301145927622e+00
-6.145234411253758111e+01 5.676546587658393150e+00
2.654407073269121753e+01 -2.273494203258516588e+00
-1.106459246728103665e+02 -2.175719795327915485e+00
-1.713170634325788555e+01 -3.460437246098055475e+00
7.165880980022139113e+01 4.769458654279772247e+01
7.965098574157009637e+01 4.475496832455154106e+01
8.624980956212945671e+01 -5.155801086267304356e+01
1.116493256894426356e+00 -1.248503459085582534e+01
9.039979965682681495e+01 2.531305493853681643e-01
6.333888285708131605e+01 -5.029489742326860302e+00
1.175003013339574949e+02 2.424107809117046841e+01
-1.071936732975232758e+02 -3.956777254082430062e+01
-1.028980877088563801e+02 1.206520785456883438e+01
8.063237548565062696e+01 3.209865710262708660e+01
1.345266168470948998e+01 2.517239140873164160e+01
7.268048723856611559e+01 4.485612462689608293e+01
9.704550184775631294e+01 9.733103252584095699e+00
5.100261184531590430e+01 3.653104098839182967e+01
1.043068982986230253e+02 -3.353247406409644071e+01
-3.202940145026209962e+01 -5.537137849955007596e+01
-2.244780927535250115e+01 3.808017035713023546e+01
2.423922415931982144e+01 -4.427897676248910841e+01
-5.730015456319144818e+01 -2.590757641311295600e+01
1.651580577006864416e+02 -3.252398169308477094e+01
-9.322201854466207749e+00 -1.357439146042525735e+01
2.321440160838589861e+01 1.699918232762784598e+01
6.397318061184324023e+01 2.772836356875505004e+00
1.354974616449411258e+02 -1.888427804509827723e+01
8.115799817752764511e+01 -3.083402398197468841e+01
9.890212672046521902e+01 4.262298705852078484e+00
6.951605110888998240e+01 -7.983575991183145426e+00
-2.632475023957280769e+01 6.478675252769055426e+00
1.598359162325715666e+01 1.276711272703278865e+01
1.054878232312673703e+02 -4.590292605197615217e+01
1.164017416403867884e+02 3.174450803447736291e+01
1.980346420921611639e+02 -3.971908458475798653e+01
1.271633358988137843e+02 -5.055369483182412083e+00
2.927008431438079228e+01 -3.475328851866319013e+00
3.391074757857069955e+01 -1.882543435313953495e+01
1.210431434933718577e+02 3.494061880251717156e+01
1.324410301379999737e+02 -1.711269258792035330e+01
9.476062984620405416e+01 -7.307481667239662748e+00
1.040086051267920055e+02 -2.768719137981734235e+01
1.116419801611188518e+02 -1.972996159359001211e+01
4.567265876046494810e+00 1.570440277640700877e-01
2.952603643603571726e+01 -1.271137286048166715e+01
1.099100509025914931e+02 2.906000511622408666e+01
-2.348812617889860022e+01 1.381635290182976661e+01
6.882312572577708920e+01 3.757641090978999188e+01
5.281927851495078841e+01 -2.354395549977599345e+01
-3.331599110458436286e+01 2.155289979126385091e+01
1.619085174477210387e+02 -3.559913596390153590e+00
-4.994562670172002505e+00 4.385277079255322974e+01
3.796423505287528144e+01 5.097901856758650929e+00
2.085144743560256586e+01 -2.260185822215703411e+01
-5.595026873877404228e+01 3.249939122848500261e+01
-4.287028496405400801e+01 1.045941603215477400e+01
1.132634265851539510e+02 -2.319092163420111774e+01
6.239261005421053596e+01 -6.812460857647930190e+00
2.983249693665925761e+01 1.496480130798736674e+01
1.492017958057759586e+01 2.365494040213823013e+01
-4.266525376707184591e+01 -2.573758814726057054e+01
1.068283300470204864e+02 5.123324856596379817e+00
5.677435475499398621e+01 -6.208982289212663375e+00
5.687865521555627168e+01 2.299636926062342823e+01
1.057729631494825782e+02 3.172756053683263389e+01
-1.725241226619164934e+02 -2.432120465475194138e+01
2.327485548413710248e+01 -5.085786044645742976e+01
1.544120616153332151e+02 -1.729173806094902233e+01
-1.724798785630457232e+01 -5.689447661174113158e+00
-1.324026827720456367e+01 -1.056133469115310852e+01
8.494375938074865129e-01 -1.586583547541166084e+01
6.472215553557926171e+01 6.206488985961690297e+00
5.091864859802644361e+01 -7.089785548137004412e+01
8.225645556727732810e+01 -1.708375533338850971e+01
1.902770446526137960e+01 -2.699862382715489417e+01
-6.531633158838316078e+00 8.341481977955826466e+00
9.106614261108332187e+01 1.639766768582760648e+01
1.080934466991575533e+02 -1.415337809855692797e+01
9.855645448365191896e+01 3.646524149940872928e+00
1.449090879899814013e+02 3.388366248266751768e+01
2.385703018497550332e+01 1.197489119762133924e+01
-2.706963471937091192e+00 2.932179139568256598e+00
-9.542985055806511241e+01 2.569801826025766900e+01
5.273704101176434733e+01 2.926644836141178274e+01
1.378241511894748896e+02 5.093189957348880803e+00
-5.581327917906310887e+01 -2.107444596150523353e+01
5.910791050798819413e+01 -5.166857879470585857e+01
4.919551417785742586e+01 1.584606689884012987e+01
-9.948701917531744243e+01 -4.015189685491789362e+01
1.705401338847208592e+02 -2.620470006958089826e+01
2.354333348446982299e+01 3.080875107231117838e+01
4.587252480264629639e+01 -2.596451207174059306e+01
-6.046925457478452159e+01 -9.693666256063311337e+00
-8.601407080714084330e+00 -2.234735709102244616e+00
6.872246410412316209e+01 -4.751868111537596207e+01
-1.409463336873542403e+02 -5.155344815375043055e+01
2.561688923283091412e+01 -6.302997241981932675e+00
1.000070894247856614e+02 -3.073399292189674981e+01
9.468620743203548784e+01 4.286945667369588620e+01
1.074723250694944454e+02 -1.903914840909165562e+01
2.008194439185928672e+02 -2.192432688033097321e+01
-1.001820423440381376e+02 -4.154049389138050685e+01
1.320636201508603733e+02 1.095043224439930896e+01
-9.757706789427808758e+01 -5.924939731364500517e+01
-7.704107839739779706e+01 6.706072787968220439e+01
9.119475620013656680e+01 -2.090934045154376264e+01
1.843567598045336808e+02 -5.752239556610111215e+00
1.495669194738201497e+02 -1.445722398968726274e+01
7.772249103519226310e+01 1.075906023287280711e+01
7.275171410020767837e+01 2.479308508094657881e+01
-6.989469319425847971e+01 -3.981025638544143419e+01
1.356650410662721811e+02 3.374781246089295905e+01
1.801258023603365075e+02 6.715887382921425619e+00
8.761524724288712207e+01 -4.162303413059798629e+01
6.159403406505559175e-01 -3.132842576421126068e+01
1.514081093047621778e+02 3.966568738570515062e+00
-3.676283680462232972e+00 5.866848624438475213e+00
-2.941786242302511667e+01 -3.479361638373889321e+01
1.377934570877741294e+02 -4.955701854563582032e+01
3.894132340254459024e+01 2.610890266010222405e+01
7.173574046856825248e+01 1.746233520362937952e+01
-1.022410855137805719e+01 -6.798456587946299923e-02
1.689003497930783624e+02 3.286590503424332610e+01
5.678078804516739808e+01 8.964962724571925889e+00
1.642575849103455994e+02 2.223401570862149867e+01
4.611283499713304224e+01 -3.797460078628198943e+01
-1.302897406561809390e+01 -9.027600502036536412e+00
1.966249119797329286e+02 -3.215652894270679241e+01
1.050527025329347879e+02 -1.366497626618866690e+01
1.900542342286741260e+01 -4.089554230978484384e+01
5.561113689897464241e+01 -2.578786647882407745e+00
1.312851675968243512e+02 2.653269540412329874e+01
3.913617486799630996e+01 -6.654425332213661726e+00
1.188337089446621206e+02 3.197292404497086071e+00
8.805780020747843650e+01 1.098357331262849179e+01
7.385743325093250178e+01 1.870227173682013344e+01
6.399847529460503637e+01 -2.860404948085134436e+01
8.910896844250487447e+01 -1.183191102417114315e+01
1.230616436944862642e+02 6.824712742143495880e+00
1.485695252136554956e+01 -3.088454702859911194e+01
4.066394137713247403e+01 2.381602463141890880e+01
1.607064554031973387e+02 3.085518953549123466e+01
1.453105834948954822e+01 2.814116162026790136e+01
1.147101031910728040e+02 -6.552419828855903461e+00
-1.409226043882968149e+01 3.161055317935644737e+01
2.245380308822275595e+01 2.015386846803263055e+01
1.379709606729775544e+02 4.057719012727099539e+01
1.237743934179547622e+01 4.534646464545529909e+01
-4.488623639138360488e+01 2.718173006749297471e+01
-2.385716471707571884e+01 -4.904490818720312006e+00
2.497480411312229265e+01 -6.155607649991700292e+00
-7.898096149015759693e+01 3.993589121400402320e+01
3.258103566968579656e+01 9.463561607058853298e+00
1.441292810323229290e+01 4.497913418458490042e+01
1.381974148445819139e+02 1.616211617532367484e+01
-1.717607006762987609e+00 -3.630252727321043427e+00
3.845755216631403783e+01 -1.117862185635230787e+01
1.263332187659875494e+01 -2.027219397261371725e+01
-7.403984552411195352e+01 -7.905994650538951340e+00
1.723856370681146757e+02 1.997685638371764583e+01
8.552239774816084150e+01 2.218976963920055923e+01
2.201145231955150550e+01 4.042066128985809748e+00
5.403704397338976406e+01 1.659791579267829675e+01
-2.670863449883801621e+01 3.573306850166405724e+01
1.643428253131612138e+01 -8.787856092414923381e+00
1.353124470585027836e+02 -3.548727755967468767e+01
1.734008295835864644e+01 2.328445372277607106e+01
-1.113816093149127937e+02 2.383776677905789398e+00
5.984957161476793885e+01 1.669488501891314414e+01
1.033184835170848856e+02 2.492853041386293711e+01
-9.954074986688961069e-01 -2.355183285616226385e+01
-1.396926469187323150e+01 2.355348778755221417e+00
-1.811337679495701991e+02 2.734497224571607266e+00
3.414536914554319935e+01 1.710892353885698469e+01
8.888130091784381648e+01 -9.275378400264706613e+00
1.930977037549934394e+01 2.298689239244221127e+01
2.753512477900979505e+01 -2.185175765067340592e+01
-2.348402687587390503e+01 4.428626198196501385e+00
-7.153606450580979015e+01 5.813724920919978167e+00
-1.283111748967713197e+02 -2.846597313072585678e+01
9.126888508129998456e+01 5.646326112082987692e+01
2.365220817725212754e+00 2.397268588801314593e+01
1.606266991703004123e+02 -1.442610922755160274e+01
1.594575922411136730e+02 -5.913929088122801048e+00
1.252999971664591250e+01 2.322256349828185762e+01
1.258927797874408725e+02 2.422154065794035205e+01
-4.809292143838995770e+01 3.629401680023860166e+01
-5.201794973957508006e+01 2.941948058277068156e+01
1.010664204804197510e+02 4.967332576308695735e+01
1.242889018930106175e+02 -1.077493261057408525e+01
-5.865982441450265483e+00 9.059240700241392830e+00
-8.351486489493284537e+00 -5.334784995688283793e+00
1.395724574958621034e+01 -9.912995877395138322e+00
1.627127360147034807e+01 2.224150116094347140e+01
2.128651846142703619e+01 -1.040626372861096094e+01
-1.893495659326631753e+01 -1.673339132592974821e+01
2.755451805952872757e+00 4.420843771779379239e+01
-5.463032095777555242e+01 -1.590585480149771769e+01
9.919087278236612804e+01 -2.077923709524944229e+01
4.148725310078243922e+01 3.879613938540401108e+01
-1.047366779279046938e+02 -5.116824675544812351e+01
5.038281030127883042e+01 -1.741705241119691294e+01
3.247050788641577412e+01 1.202293494276224628e+01
-1.177807708441956436e+02 -1.282687016022169679e+01
-5.555435676775568510e+01 4.520166698904824365e+00
6.430715547205743121e+01 1.175952122636583397e+01
-9.751937393804809062e+01 1.011948412310789003e+01
3.347536750769337743e+01 -1.664253823063160453e+01
2.571590322703584874e+01 -1.814872004574629472e+01
-1.103681398919529499e+02 -8.867004222299758709e+00
1.072618272487542299e+02 1.012257805473883288e+01
6.645113075994301255e+01 9.010861599822133527e+00
1.046309385868079005e+02 -3.413148588016501606e+01
1.443162810862505978e+02 1.274910770681618466e+01
8.634855029502419654e+01 1.109331003332926002e+01
1.126398814711869818e+02 5.451517051878391129e+01
-7.218380575990970272e+01 -1.400840824206260926e+01
-3.504690562747071425e+01 -1.616959279771604940e+01
-3.142095070817400781e+01 1.389718558277457028e+01
-6.464718191082152998e+01 4.158144853467651103e+01
-1.202381960760802997e+02 1.372492021026526565e+01
-2.433672325000032188e+01 3.406548368917393432e+00
1.840532775056637433e+02 1.355869313938924403e+00
1.752517334097497042e+02 3.229509768191270780e+01
-5.100405454243545478e+01 2.125930599577543489e+01
-3.978766452967698264e+00 -1.073043421316142609e+00
7.995748902755920540e+01 1.624359995299543513e+01
1.047565323311526164e+01 4.459704183891411589e+01
1.555522360644639264e+02 -1.729176195900436497e+01
-4.244916371869378757e+00 1.219443366119747552e+01
7.298110736375562624e+01 1.683406525482779870e+01
6.050335741979940174e+00 -2.757516599267650648e+01
-8.026956883912535545e+01 -4.381069929907450700e+01
1.337248671314504804e+02 1.769004003401721192e+01
4.371583642839889094e+00 1.478930792106324787e+01
1.264199148459727127e+02 3.049941144149440930e+01
1.703290978522855426e+01 -1.088334359625778980e+01
6.508327435368097724e+01 5.872007201436695745e+00
-5.045416373470080096e+00 -3.805849101525292610e+01
-1.099669880733021046e+02 3.415066923758747919e+01
-5.735381865927117850e+00 -3.085983038245302978e+01
1.048135367098774680e+02 2.152454772306748865e+01
-1.530889788870100254e+01 -7.162441924027072027e+00
6.243395474219412478e+01 -6.449151532124941966e+00
-5.274734528813741008e+01 8.018455385124124035e+00
-7.373720273168169470e+00 -8.979764662492986105e+00
-3.172526508641168519e+01 -1.790907854284866119e+01
3.218955994186810443e+01 1.138740860325011539e+01
1.035202213914621296e+02 -1.808406125841127121e+01
9.482122246108325214e+01 2.353286889821417915e+01
7.726252673437001306e+01 7.557796913125124583e+00
1.524677960422058902e+02 8.288844001079249679e+00
1.697262843541104260e+01 3.421129436366906873e+01
2.442682037200001943e+01 -1.183731982871866428e+01
1.372737934993826627e+02 4.775012348913392657e+01
-4.214746475906668621e+01 -2.298411887062935222e+01
-3.628963776176684064e+01 3.444266060067535307e+01
2.791341815928957004e+01 -8.946451667169494470e+00
-5.206259563689297210e+00 2.372389015209188656e+01
4.659237479819270789e+01 5.407770690638011857e+00
1.001700382084804630e+02 -7.878220365369121403e+00
5.656307411126149987e+01 -2.695260257589121622e+01
-2.509021171713591070e+00 -1.724993607875734014e+01
1.107137344153182426e+02 1.887876935355728136e+01
2.988678084495508358e+01 -4.995408152688359138e+01
4.441058565583786333e+01 3.942037453574543804e+01
1.730565481691687353e+02 1.326519399631956908e+01
1.958962253971253986e+01 -2.089165295255771326e+01
8.288793519918992558e+01 -2.217512095008197903e+01
-1.074127709540691882e+02 1.275745959431642795e+01
-8.424443469609946078e+01 1.630674048013089461e+01
2.541305697314495049e+01 1.163884766890749134e+01
3.436166571034046768e+01 -4.771960314688668880e+00
-1.235830571173651293e+02 7.579232773398151046e+00
2.737224654015656355e+01 -1.709863500983630757e+01
4.345147951065079894e+01 5.392988573406438491e+01
5.666891901088782646e+01 -7.791431331766418555e-01
1.131692718431808373e+02 6.690425843177887089e+01
1.166251016950793087e+02 -2.746075348882719425e+01
8.424912353137411714e+00 -5.103696520943372228e+00
-6.178414205455916886e+01 -3.138731157075752165e+01
1.067310337001096059e+02 -4.895511000253484468e+01
-7.578429433229152323e+01 8.022933331289754832e+00
1.932818657818368280e+01 5.911646426832092516e+00
1.131916443570337094e+01 5.885425063508699139e+01
3.960649271666000004e+01 -1.055926832384810155e+01
-8.782857250715412789e+00 -5.562704591083362970e+01
-5.224324858449127618e+01 2.302336398770793480e+01
-3.461359422511916506e+01 8.182850349577364568e+01
3.849679589176173522e+01 3.916814452143304948e+01
2.250935806749692958e+01 -1.437924966037277663e+01
7.951000220618234948e+01 -2.899532874595026843e+00
7.505972430894409797e+00 -7.667130024490556472e+00
1.223666750551095390e+02 -2.179767355021678554e+01
-8.968584148760240282e+01 -4.424017811949552481e+01
1.406614796233252207e+02 -1.619606594019964874e+01
-5.546157939459215669e+01 1.267733420836660407e+01
-2.245303025074539960e+01 1.899558738237371003e+01
5.639111634208838097e+01 -6.146162693228790630e+01
5.802909252640451854e+01 -2.556572197373077771e+01
-6.883199615506445923e+01 5.029408225648655417e+00
1.642872132940727568e+02 -1.528728811981273594e+01
-3.600330736809230103e+01 -3.518931286020420401e+01
8.519022590329346656e+01 -2.751612006315844283e+01
-5.779832486042889350e+00 -4.504289729956707511e+00
1.340927365416495718e+02 1.967699875493878636e+01
1.019959879492034105e+02 -2.023715309616567204e+00
4.618460828869546475e+01 2.000164085531227443e+01
-2.144343443710710417e+01 7.752454145269932262e+00
-4.869123035306228786e+01 4.588382219914505811e+01
1.285164896906328522e+02 2.603017639567498165e+01
1.635394707646379118e+02 -1.643580056867601513e+01
1.221562231531315348e+02 4.328262099771044547e+01
-1.866930634173905545e+01 -1.267997610375400086e+01
1.496808587396739938e+02 6.868896174024267509e+01
-8.027170645053166709e+01 7.006832325040003084e+00
-1.479379275806937244e+02 -1.033459090209454700e+01
-1.720069623995489749e+01 1.332948928837307001e+01
5.802851080299956266e+01 1.512073133306333617e+01
7.606332193449716783e+01 5.708285749001235088e-01
1.206854913375734029e+01 1.495603707161496487e+01
-1.246148873208115759e+02 -1.875349794852966667e+01
8.232460177618024488e+01 -9.142069833566022652e+00
-3.260912299021592275e+01 3.925424203745581764e+01
1.205064255027991038e+02 4.675398624504197187e+00
9.093116992673193621e+00 -1.430671825601894653e+01
-4.963725166237807684e+01 2.814350807027381407e+01
9.177971536600223601e+01 -6.132623116852465017e+01
-3.931954689631263733e+01 2.679415671697703871e+01
1.025597896502095381e+02 -2.886461904782421684e+01
4.807536166766012542e+01 -5.466197632873148393e+01
5.603291162548313054e+01 3.930256089340028325e+01
1.015375590855495957e+01 4.333178349547804231e+01
1.921615083685843928e+01 -3.402747113174220317e+01
7.476874510602577573e+01 -1.125612011719479177e+01
-2.638737821020188079e+01 -2.569038447208347975e+01
-1.012403152418970720e+01 3.126541058652564331e+01
5.297922674823720968e+01 -1.545935907993956704e+01
6.024381209704349516e+01 3.369877467602973020e+00
-8.824487030759867423e+01 -4.622503423681924772e+01
1.329898001662957370e+02 1.332659494655132448e+01
-1.980752124933001141e+02 -3.313964620759773538e+01
-3.025854886467473293e+01 1.115796907211980837e+01
3.536458516395015295e+01 3.805160602454840557e+00
-5.738378572711460635e+01 2.968859651622666185e+00
9.335347133789180418e+01 4.479292837002371463e+00
1.058742356080770577e+02 -2.414651327520877189e+01
1.312478730617101235e+02 -3.109673620628332102e+01
7.197579807076807867e+01 1.989731138318034809e+01
7.145868220670550386e+01 4.914105376387364998e+01
5.900130587361645418e+00 -3.896375841469235723e+01
1.172046008156587789e+02 -1.606379734748565369e+01
1.896263332840273392e+02 1.652231024742301102e+01
-7.797370397718682966e+01 -4.993329933359976103e+00
1.266504137652600548e+02 -1.348755430879928596e+01
6.170239424200027401e+01 -3.542359987395887089e+01
1.102175556123734310e+02 -2.630911564036778216e+01
-1.108185846873842024e+02 -5.419184459228043238e+01
4.996950526397599646e+01 -4.845033639817744842e+01
-5.157625966157653608e+01 2.061581546676851673e+01
1.060345987346617420e+02 6.086518685144313423e+01
6.174431863429141742e+01 6.073573771028228485e+00
-4.282306824019414648e+01 2.875666019575410459e+01
-3.449333813031682894e+01 -2.362270890807009138e+01
6.589872769347248038e+01 -2.000757408728143716e+01
-2.432372609010783648e+01 -3.049878248025169114e+01
1.122807054786212078e+01 3.019200719504940622e+01
-5.901970607018628812e+01 -2.694654051662113581e+00
-8.381049585212907971e+01 -1.404509388785977642e+01
-1.581340106253204070e+01 -8.629334250988035748e+00
8.760349780635509376e+01 -2.410655154687891510e+01
2.290363256531707137e+01 2.922261208714402869e+00
1.278739480170348344e+02 -8.616586714779489453e-01
8.762734762006844846e+01 6.864975665314790199e+00
1.328272780126279429e+02 -1.579897442066347502e+01
1.992698283247016491e+02 1.510234160476998255e+01
9.616821220257200764e+01 1.760359205768652302e+01
-1.361571681999145653e+02 -3.291672588221562279e+01
-1.820334140439256743e+01 2.305826696464514924e+01
3.613689383316366843e+01 -2.267056293731819139e+01
4.911794069801285900e+01 -2.220080168880354421e+01
1.915888260324393499e+01 -2.472576755719641639e+01
-2.861250068059018759e+01 -1.065303156947033258e+01
1.839473782015896290e+02 -2.272300522216225005e+01
2.453938258252397375e+01 2.768178582713297686e+01
-6.942544443273067145e+01 9.354043578022656291e+00
2.873869658306829677e+01 -4.279877177978789859e+00
8.303845872287148211e+01 -3.503485688146145094e+01
6.255397798772690088e+00 -7.142135310938980908e+00
-8.636495832697130837e+00 1.125057656948717977e+01
-4.141524630660126149e+01 1.860111118910599259e+01
5.095445313166280954e+01 -1.237399111760737824e+01
-1.286707861059243463e+01 2.547865353028941726e+01
4.465503133957989235e+01 3.681733730611328070e+01
-1.685119356351804853e+01 1.520216112429061894e+01
-2.784792747069538876e+01 1.765401066726700208e+01
1.101404022675230898e+01 5.818732642718659775e+01
3.821957876476134430e+01 -7.436690809749490150e+00
1.237999240586745202e+02 6.864205683923288781e+00
2.390897025505205420e+01 1.654911601904327156e+01
1.306172470870805000e+02 -3.484578553240235355e+00
1.390532279359501047e+02 7.100294928068820788e+00
5.920340332447247533e+01 -2.304530374497620215e+01
5.251917622813008535e+01 2.195215619455388634e+01
1.572566909728221844e+02 -1.532483377714964234e+01
7.246018862998798227e+01 -2.201263839695505808e+01
-2.084993080061002502e+01 -1.170014057038727984e+01
-9.398993528363182293e+01 1.749534240098870086e+01
1.917346136309101778e+00 4.647975478843474839e+00
1.063909550689665338e+02 1.822956809405702572e+01
-9.335177826763116116e+01 -4.428657277969268335e+01
6.742157551752102407e+00 2.186065020784948576e+00
3.103086512159806798e+00 6.377488830110780604e+00
1.704894451929540935e+02 1.567018949871426337e+01
5.391108430342020341e+01 -9.322704001314823685e+00
1.337946960691061236e+02 2.352470787003802855e+00
1.250387516156218837e+01 -1.880425384509173625e+01
4.504569693882710624e+01 2.035135944067280178e+01
1.126664692068852673e+02 -6.495587321386267377e+00
1.283485888108806137e+02 9.932980413385424256e+00
4.240887636192201171e+01 2.044164442888437705e+01
-8.716611258563055742e+01 -3.200358678961414682e+01
-5.139391292110143183e+01 -4.342983535448910004e+01
2.551486055988788593e+01 -1.313483153481867838e+00
4.997143687811048807e+01 -2.089595004806372813e+01
6.055500701045632184e+01 -1.113768573830385122e+01
3.614092028590086159e+01 1.953934865266827026e-01
-2.633974602061834602e+01 -2.311092546519475022e+01
1.144791123413647682e+02 1.941883438600318001e+01
9.413287141814451786e+01 -1.838272463422562231e+00
8.298638125878113669e+01 2.789299465766781694e+01
4.600357241001196229e+01 1.361397126805271718e+01
-2.296865626149474338e+01 -9.166352828501953098e+00
5.494640930953026015e+01 2.986774182073975936e+01
9.497673458737667218e+00 1.427406489080412477e+01
1.607181128687019793e+02 1.989178781724925216e+01
1.009721220082573865e+02 1.195458896267264137e+01
1.388389451977457156e+02 2.122701793856451857e+00
1.331340809439097370e+02 -1.069735201981370487e+01
8.650579864014525810e+01 2.194406099134376120e+01
7.392827351989079432e+01 1.327424074194837367e+01
1.615530012115403906e+02 2.696873668487080877e+01
3.476294837402237903e+01 -1.584979180390982734e+01
7.195397256371571792e+00 3.910563844922973686e+01
5.313493819600893886e+01 3.995485888893605875e+01
9.388635130121045336e+01 3.356663440776266327e+01
9.468843202357835764e+01 -4.018717126437111320e-01
4.924825579780753770e+01 5.032172258055850023e+01
1.042605539760626598e+01 -2.455782762776100725e+01
1.955054501439546755e+01 -1.459614754421184157e+00
4.619098653325846726e+01 -1.652728864977339285e+01
2.529135107425358697e+01 -2.463943627151837745e+01
-1.718800016398846831e+00 1.149867441800594747e+01
1.580641438369969620e+01 -5.515091965637893168e+01
-2.544998282627772923e+01 -1.318189046577818679e+01
6.622499691963025725e+01 -2.233910036854932457e+01
6.009747574041211493e+01 -1.882470639506839305e+01
2.127066373157194334e+01 -1.538284860737748971e+01
1.245500823813572708e+02 -4.008044923518302483e+01
-7.684098981756959823e+00 3.347040949025314660e+01
8.259419390932791316e+01 -4.549716661293955156e+01
-1.008708851839476317e+01 3.307776276797803661e+01
3.013769725107757580e+01 -3.136723310939325549e-01
6.691372912348764146e+01 2.910255916976035095e+01
1.017055965453974267e+02 8.960959865535825131e+00
-2.882045920845984099e+01 -3.536194718984558705e+01
1.484197827094020852e+02 4.823823019613859486e+01
1.577939459032456604e+01 -3.747129725343930406e+00
1.111210240754617757e+02 2.281208663257537950e+01
-2.926778623185418482e+00 1.411831386758180429e+01
1.098018514827874128e+02 2.324243916473489335e+01
-5.584597404461828063e+01 3.118263262704480709e+01
1.188917626712264024e+02 -5.414986259378688160e+00
1.192396651543854631e+02 1.413092239908435310e+01
-3.075762844088037795e+00 1.747194493423439710e+01
-1.065419239602753976e+01 -1.427568397812768231e+00
-4.690091752054689778e+01 -4.465865308087647811e+00
-2.424304662260219700e+01 8.898509280650261033e+00
2.339231432514018039e+01 1.936615661221648965e+00
-7.493268636399719185e+01 -5.576864491172528915e+01
5.741720818669722348e+01 1.648428384625034937e+01
9.103139661352209089e+01 -1.752460905623206244e+01
1.266713388343642066e+02 -1.382292557267247091e+01
1.249434934805061488e+02 2.660040318750323962e+01
-5.499767502794728813e+01 8.591412759798257071e+01
4.330815006090788444e+01 5.295299524453938922e+00
-1.142194699151900927e+01 5.238901416236097397e+00
1.044584929373885842e+02 2.275719579302013074e+01
3.946275758939193423e+01 -3.259999258331428962e+01
7.389201659853328863e+01 2.071151310457327455e+01
8.365243040028565247e+01 -3.640192914713442462e+01
1.629078235946681161e+02 1.036786702267361804e+01
6.049785349656388433e+01 -4.480060468722628286e+01
5.468437496891126415e+01 3.022647629253583546e+01
7.139282991181394422e+00 3.565876795724540216e+01
-3.900057462282702669e+00 -2.333115629349759956e+01
2.857611226648791103e+01 -1.188443380070871669e+01
-1.992005758875200172e+01 -1.964474742467206547e-01
2.817980876743023089e+01 5.308426767137499169e+00
9.869269995037899434e+01 1.145259091045803324e+01
1.046613003088600493e+02 9.824498804229934379e+00
7.857952806749702290e+01 -1.801379907975384853e+01
1.483373178994797854e+02 2.194457760534920965e+01
2.869203053551273896e+01 8.652398951731910870e+00
4.792490657735162074e+01 -5.512480131849003584e+01
1.928018423391352201e+02 -5.209173986944826140e+00
1.741064181321948467e+02 1.342758478794524457e+01
1.623071961955941163e+02 -1.645582572713274416e+01
6.711018202039851666e+00 -2.731659052094740048e+01
4.441993669795522237e+01 -2.354553905257152735e+01
1.580450746857885633e+02 2.174686639911051600e+01
-2.167093594451623861e+00 3.059702400347669382e+01
7.212121765109755245e+01 -6.068924029048108082e+01
1.410483266567410112e+02 -1.454418902097211763e+01
-5.637466330422912364e+01 -4.578142074298276754e+01
-7.398097014297241003e+01 7.364226556549984259e+00
5.904215032002042562e+01 -3.153377597414695188e+01
-1.500249957511586842e+02 2.645847058225486848e+01
1.586958480657405914e+02 -5.232223555885673960e+01
1.023431118791832546e+02 4.295174823555252264e-01
1.006399439574121999e+02 -8.614182180804714761e+00
4.500828989336095276e+01 1.540199794817492140e+01
1.471138077217204199e+01 4.936148748962591526e+01
3.909677874061080871e+01 -7.597196718127794846e+00
-3.501724682008570966e+01 -2.320362882052644693e+01
-1.102231278189904096e+01 2.932274163364114017e+01
5.236053337183911083e+01 4.384298741361121188e+01
1.295944430854146923e+01 2.167743225720155920e+01
6.912145983566414031e+01 -4.015720330188028875e+00
4.157107152802783645e+01 -3.701165036357358673e+01
1.624585531039476791e+02 3.636605961245550134e+01
1.419812402567922334e+02 5.711170624518357997e+00
3.671994315060504732e+01 1.544562259464558807e+01
-4.772989680638983145e+01 -3.981445386336771719e+01
1.393494231094054747e+01 2.799057103936318214e+01
5.812676482073321438e+01 -2.046060184889350708e+01
5.540429735901491881e+01 3.526405440391456869e-01
-1.445098428460101125e+01 -2.044114104927152731e+00
6.980400112087063746e+01 -1.648555160062575453e+01
5.503283240108990526e+01 -3.761484668647562035e+00
-1.003284236277987418e+02 -7.655847205537963385e-01
-2.418397999373640772e+01 3.187195727530338374e+01
1.111456366558352755e+02 5.924817147887734059e+00
1.053634010927997480e+02 1.510395577441778237e+01
4.465140447392759171e+00 5.465783898148018949e+01
4.083732323352254667e+01 1.907543884264298484e+01
1.260320116721793369e+02 -2.361362131123517116e+00
-9.089031446961021743e+01 6.781731164712799576e+00
3.307918742414659885e+00 1.515873399188475013e+01
8.003976986335270283e+01 2.375602306656142471e+00
3.720888927754081266e+01 1.846951734255794975e+01
7.848269394752108497e+01 1.870510119602040433e+01
1.187916792778561899e+02 2.297965716983165763e+00
-1.129212121450277380e+02 -2.959018457940482349e+01
3.349475180084258596e+01 1.445711263368023936e+01
2.161075028407710192e+02 2.003893575007269945e+00
1.180331703318836389e+02 1.200204354772112225e+01
1.155341102395217519e+02 6.302922348436929667e+00
5.771798696924155792e+01 6.919162435470277650e+00
1.112854979576802776e+02 -4.305251637836068568e+01
4.635132450819523342e+01 -1.863401114961696337e+01
-4.282594540567909114e+00 1.931183383942357068e+01
1.222344741174555196e+02 -7.446652278935513181e+00
1.446115673605042389e+02 -4.973939393921456542e+01
-1.164785014875075397e+01 -1.055308059593164316e+01
4.674500661511615363e+01 2.115428307301755950e+01
8.700317449717951490e+01 -2.062175472624226558e+01
1.082702546546322111e+02 1.374414426810107948e+01
2.696173210455918223e+01 1.063540958500692568e+01
3.226028262699809801e+01 4.949237218114474501e+01
6.038480364458909122e+01 2.848073568184264825e+00
-7.598995051705117021e+01 -1.737531616191648709e+01
-1.059908082584490501e+02 -1.909493864958442089e+01
1.023176920036078741e+02 2.148233377898882068e+01
6.891253357520675138e+01 -1.385439062639761332e+01
-6.719864951206047010e+01 -2.448241872994277202e+01
1.479222562517587747e+01 2.873015734744166849e+01
1.368876519226308233e+02 -8.848661730827357630e+00
-1.122839434292025516e+02 -3.620674399159622858e+00
9.718538444990097958e+01 7.381350279791897506e+00
-2.002720855348538720e+01 3.217156521438501926e+01
3.030202083325056250e+01 9.385618700859650332e+00
6.092907860759912353e+01 1.189003483857098864e+01
1.421748723140954951e+02 2.231928769260093048e+01
5.034333085518497342e+01 1.087338678798164676e-01
-4.298682220601787840e+00 9.518938052205500044e-01
1.838004154166411297e+02 -2.048464868614820489e+01
1.598044872691479057e+01 -2.474444375896869275e+01
-3.683278741288353331e+01 2.162773054458140365e+01
4.058705905561407690e+01 1.276460064521856230e+00
1.076229577266608288e+02 -8.877648950813078699e+00
1.014440456008510978e+02 3.952553009785860638e+01
-6.340917539855952079e+00 -3.102931295205857865e+01
-2.510624671305788702e+00 1.387340294333496260e+01
-6.297593180900094723e+01 -6.314771946777351985e+01
3.494253312848319837e+01 3.628023885483581790e+00
-3.653330066738906368e+01 -7.050347511829054170e+00
9.219917306640070365e+01 6.415263516148998235e+01
1.106543807073125549e+02 -3.160251593142474746e+01
6.686267118703098333e+01 1.431062061898618154e+01
1.383239316472131577e+02 2.816469899549949574e+01
-5.373890915137440061e+01 4.456557637120859283e+01
1.125323001508899665e+02 8.000671662114358185e+01
-7.024699851011851237e+00 -1.492553547267011815e+01
6.256451792875623141e+01 -6.397517398998123994e+00
-8.670157007080322442e-01 -1.619416388298897402e+01
9.036078924986733796e+01 -3.921718019628306706e+01
8.175763868852277483e+01 -7.706674289631552099e+00
4.234306987277353329e+01 2.884639884272071342e+01
9.791133673338739740e+00 8.646465188466869733e+00
5.634176782733754152e+01 2.187966894358170489e+00
4.659629644427617734e+01 3.663207996466606176e+01
-6.650970980839503000e+01 3.666695768264496280e+01
-8.981746135010943988e+01 -3.144739952118892035e+01
1.330335076201560796e+01 -1.446578669700215425e+00
-2.550835332676136602e+01 1.765694556716293917e+01
2.611311482451933230e+01 4.119022201309151399e+01
1.304316459648232751e+02 3.869603850698273106e+01
1.056101506076762035e+02 1.421856906533084519e+01
1.688989720611781138e+02 -7.506545786569703615e+00
-9.955219352993947268e+01 -1.168379078073191302e+01
6.378897485672411705e+01 -5.907052910605692375e+00
9.534507616975758992e+00 -3.771017309607453427e+01
-1.096669339533486038e+02 7.026010353780733075e-02
1.083197432613190756e+02 -1.785224089492154320e+01
2.887265181948468395e+01 4.244114114344959887e+01
8.684657688060261194e+01 1.512220804333225566e+01
8.464633878895972430e+01 -3.041225576580056611e+01
6.040506561535393359e+01 2.417892137626582283e+01
3.400303782491382520e+01 1.949112557701944581e+00
6.433247483324238658e+01 2.329806722654415552e+01
3.110242865352818242e+01 4.630056934550832182e+01
-4.235728285749075894e+01 -3.654685453559395825e+01
6.577911018701871626e+01 -1.485101534171497839e+01
1.856490526130987462e+02 5.436275927964285160e+00
1.007847400472860784e+02 2.358492092084321357e+01
-2.144573847333901284e+01 3.333093692128387175e+01
-1.115450835314786815e+01 3.904648835977754118e+01
-8.847257702559171832e+01 -7.469789668165265795e+00
1.116779410450137391e+02 -1.427113127466481224e+00
8.529440110901758487e+01 -1.733021286981926323e+01
5.746774794317391155e+01 2.706319716920216223e+01
-1.437958406309097015e+01 -2.019020401064108583e+01
-3.772290273541084105e+01 -4.362545545223608379e+00
2.034624023627250722e+01 -2.328251925800803690e+01
2.550471709269235987e+01 2.632968357862703712e+01
2.737580435883722885e+01 -2.575674913695365831e+01
8.122721695619652849e+01 8.348489427551237441e+01
-3.842808806779932240e+01 -9.544081488594859053e+00
4.383247582725670333e-02 5.117101996047474444e+01
6.694198102648434201e+01 -5.601434341259279748e+00
3.212088456511474988e+01 8.058855117070895346e+01
1.706756681760308680e+01 5.670784403035899146e+01
2.335948870522126342e+01 7.251973605539235201e+00
-6.779584563390280039e+01 -4.790448312668509345e+00
4.552085549514281837e+01 1.060457657716404434e+01
1.755471613974082175e+02 -1.931050902408632908e+01
-6.290834379480109106e+01 3.838028538771017395e+01
3.004891474074124957e+01 6.070805811808947183e+00
-3.686175598552460286e+01 4.132057028949200372e+01
1.359785622508617848e+02 -1.337088508073186155e+01
5.295895737731154185e+01 3.211467492446666228e+01
-9.800900028643177109e+01 -1.986121436462459400e+01
-9.469274647942805601e+00 -3.207564918196482751e+01
1.413916624289344384e+02 8.091381375351510030e+00
1.633962154676048328e+01 1.298119324197014102e+01
1.213554598724531530e+02 7.072643096888701741e+00
-3.847288528781653838e+01 1.967048660216784839e+01
4.444947882290860264e+01 -3.107665058721007512e+01
1.548912839246602502e+01 6.317416448841836285e+01
1.234304576090912207e+02 2.446338897091175824e+01
1.514394556731074886e+02 3.743295735050472928e+01
-6.782169242146147781e+01 3.013018830340207188e+01
-4.548052406454407048e+01 -3.877529069694880803e+01
1.488441411667216414e+02 4.427113405541305013e+01
-4.307162912855610415e+01 5.635051275317286468e+01
1.138680530556925135e+02 6.052328270353159212e+01
-2.121449711612129008e+01 -4.393964914079730022e+01
5.782229475450512268e+01 3.303622662170718627e+01
1.163400935506161176e+02 -7.898104242861357704e+00
1.838801349713852460e+02 2.387935776757572626e+01
5.183673163491518210e+01 -5.231171687561108996e+01
2.296185482275955891e+01 -1.377762714956697820e+01
-2.733702880578483096e+00 5.863822266463241561e+00
5.204552271498106819e+01 2.313099457520163682e+01
8.097537794493705121e+01 -2.606535677627678016e+00
7.322728722835803694e+01 -8.105447845151839914e+00
6.588912750062134194e+01 -1.390858754061805058e+01
3.589644163777122543e+01 -6.292023845930820869e+00
8.958803791650288417e+01 -7.825535822385038642e+00
6.868220879330306161e+01 2.565643720405747885e+01
1.483900957737199349e+02 3.014987535191298562e+01
3.460141115814468549e+01 4.310236267349248607e+01
-1.664606764217108736e+00 -2.430874572210726825e+01
1.145315781728027531e+02 1.998504807942020278e+01
4.840528462833029977e+01 -1.742233255631735700e+00
6.850049823759469803e+01 2.733179161817158587e+00
-1.527770320527009140e+01 1.519034475201046241e+01
8.007910183152323214e+01 4.298105059084244317e+01
6.653477196562577944e+01 -1.607597984607453512e+01
-2.704709296834771948e+01 2.613644559232713771e+00
-7.767130498303703945e+00 4.576882016665017261e+01
-4.737597402710734684e+01 2.285471899861310163e+01
1.622250709042509413e+02 2.467379723495922050e+01
2.766146923846143579e+01 -3.514769533926857292e+01
1.012035530157638163e+02 -4.910084483363576879e+01
4.975562332550997979e+01 3.634048308493515833e+01
7.612465640090456986e+01 2.141149808562625978e+01
-2.489900804817841151e-01 6.929438140062312179e+00
-1.586269770378718569e+01 6.740915189892571391e+01
1.044867914301653258e+02 1.379441029740677394e+01
1.002230597413799558e+02 -1.315730945404953900e+01
1.043532509340545715e+02 -5.147161677229485477e+00
2.383683159580856881e+01 4.410442478852409920e+01
1.456156796379758589e+02 1.592171989885183692e+01
-7.430927650387457106e+01 3.032790082445040447e+00
9.965829421204260541e+01 8.003069131195077901e+00
9.868368912657605563e+01 2.223830883568549133e-01
1.218481062295651718e+01 -4.357983844165080001e+00
-2.406367516932963468e+01 -1.713154242080804224e+01
4.952020725465676065e+01 -6.215382750561729286e-03
2.459640272436919162e+01 -1.151522223674659529e+01
9.945876264811009548e+01 -8.149396275112458454e+00
8.774444153525519141e+01 -4.776993663677349389e+01
9.080235239595248231e+01 -4.504772299227473553e+01
1.032248423869681488e+02 1.062382207317492266e+01
9.238979941393638740e+01 -6.523249330769364640e+00
-3.772246273239079351e+00 -3.117822384472257458e+00
7.088245685609850000e+01 -1.532289186511095380e+01
-4.383059633855530279e+01 -4.773059907150092762e+00
1.108898330198737980e+01 1.123316317465975978e+01
1.136757372703242019e+01 2.027579707209955728e+00
-3.526002411055539909e+01 -2.592078952443763740e+01
5.125176482094116182e+01 2.276588256377791808e+01
1.856373887413915824e+01 2.061286408986588725e+01
8.052376306508445225e+01 1.137175685889622923e+00
-4.597791704644853894e+01 2.931827811530912342e+01
1.872626676051443440e+02 -1.066241091895194515e+01
-6.800874533941862410e+01 1.821479090436805492e+01
6.876860008459819085e+01 -1.739737830508828864e+01
9.972722771227826399e+01 3.461980894722323399e+01
-3.349041151324957943e-01 1.616633938524249814e+01
-5.272105329359595061e+01 1.324814863421214994e+01
8.263004983858763808e+01 1.181895959985859079e+01
7.098912898805120619e+01 3.711831188252912739e+01
8.881525127154019117e+01 9.527171463956069175e+00
1.357561004483254692e+02 4.242848824401561103e+01
2.864505327136143364e+01 -2.139866480869417131e+01
6.345875684212838763e+01 -2.388835473402445331e+01
5.788489329282263185e+01 1.284347651369099097e+01
4.016501793662215647e+01 -1.795713337459790671e+00
-2.900748087430420696e+01 1.168468285117309513e+01
9.621489747061316677e+01 -2.620404997640881106e+01
-5.577562137948967802e+01 -8.831857820382165158e+00
1.038471296040220722e+02 2.610850386796705536e+01
1.069365864197025786e+02 1.555351231525661859e+01
-6.962042176312421304e+01 4.696636292713486682e+01
8.202134587855775649e+00 1.409664417499914535e+01
1.775886403617121445e+01 1.104460360101117189e+01
8.666133653756054045e+00 1.467663982436053782e+00
9.440752130882053450e+01 2.084360282068163528e+01
-1.362521739174354707e+02 1.444023969142679853e+01
2.564829907191133174e+01 -2.809557989622758711e+01
-8.515921535991535052e+01 -2.344710799016133507e+01
1.444586624953854255e+02 4.691176893534607473e+01
7.518964830544803135e+01 9.374822420444591131e+00
3.737035438998392323e+01 -2.279929849061912250e+01
4.822163346442009946e+00 1.103969178795818173e+01
9.830566389327033505e+01 -2.489298855134378741e+01
7.621379551041570721e+00 3.636931921136057611e+01
1.405084096533180684e+02 -1.433886177810992102e+01
3.186749749478406812e+01 -4.646415917895716063e+01
-3.072899966168712993e+01 4.351426366454829520e+01
-8.131264023139119956e+01 -3.019283566654935669e+01
1.459013740394141223e+01 3.158789185585075643e+01
5.806329492351867572e+01 3.490406825241399780e+00
1.531957922453779304e+02 -3.978265912623513856e+01
-4.992823368561914066e+01 -9.130554565296405301e+00
1.812121166681475160e+01 -6.068741307195386625e+00
8.671587747582263361e+00 -2.701696975248815136e+01
-1.458176780103717363e+01 -2.353622414373430161e+01
2.068680584952351609e+01 -2.354919932197541144e+01
4.997650052660499220e+00 -1.989372236683506046e+01
7.157893886185591725e+01 1.394708227196482575e+01
3.228040430532441718e+01 2.608122955376245145e+01
1.103946544228294897e+02 -1.108276357469797979e+01
1.045464294146744599e+01 3.122112732226349152e+01
5.490803901351019078e+01 -1.397937890726524479e+01
1.670641229164171762e+02 1.486884360861771981e+01
-8.231782356863611483e+00 -1.054743548257577146e+01
2.687704296733204856e+01 3.239668616316583183e+01
1.192621330846132679e+02 -2.255589153401639280e+01
-4.624842266097139998e+01 -1.967543823390995072e+01
-5.386878595880740050e+01 -5.240650046131064244e+01
6.053493161605947392e+01 -2.256108153350763601e+01
5.500039163139690146e+01 1.827166095301838489e+00
3.664988647687138723e+01 1.505293390180398028e+01
-8.825931961431066952e+01 -5.757293528708163421e+01
7.083175245361189809e+01 -3.156662198024427113e+01
-9.245504283880123353e+01 1.419312081628185673e+00
-3.861778909866431064e+01 -4.750142890900892212e+01
-9.773993809957994472e+01 2.048118680249153201e+01
2.475894838654595276e+01 1.615469207956636666e+01
2.075260150467985341e+02 -2.638146997589025489e+01
9.708449982550277468e+01 -2.022970040761001087e+01
7.430307527640628962e+01 -3.753793090635877405e+00
-5.439971514407508124e+01 1.547314764134244847e+01
7.239155755673857584e+01 6.136962261054795142e+00
2.928140916330301735e+01 3.034780650705595662e+01
1.013892580210812326e+02 -1.009782966858808884e+01
-2.566080680379236867e+01 7.030899811110661091e+00
1.732080614983035218e+02 -1.415035912055873979e+00
8.991803286167551335e+01 -3.146875099750899807e+01
7.729259942048884113e+01 2.784665603028688707e+01
3.863583103956398901e+01 -1.127133541841521591e+01
4.212951157809908409e+01 1.916046773018134886e+01
-7.125631810765529650e+00 4.009919286138843120e+01
7.769749722739857134e+01 -1.919730310638701454e+01
7.816540025558586535e+01 3.800201000298959286e+01
-2.032204895946499690e+01 1.100053423591140422e+01
4.187225732388446175e+01 -3.787794585627224109e+01
8.591228722846878441e+01 -1.982959668538270037e+01
7.620380991651806823e+01 2.657152573511869509e+00
9.423663338322137406e+01 -4.204016860158367308e+01
1.106289036101604921e+02 3.762300211680547513e+00
3.438257269799186844e+01 3.577668349095174705e+01
3.678201010719341468e+01 4.560511470773030318e+00
-1.423217509354413437e+02 2.774002030079271819e+01
1.906721807883189399e+02 3.228518214148797583e+00
-7.102247723959403913e+01 2.063739543217125672e+01
2.473062155058373435e+01 1.999183599717408555e+01
1.496021975174714385e+02 -1.193613450814339139e+01
-9.431047643633147004e+01 5.686126475060284235e+01
