1.808581859472146220e+02 1.371649679591238602e+01
8.738558557374027203e+01 4.035025572041757869e+01
8.650572217233550987e+01 2.394860295211122203e+00
1.435051486004949481e+02 -5.145817342641743153e+01
1.584013263668351499e+02 2.280392510442028176e+00
5.375214237126606065e+01 -7.590618933298690862e+00
1.145564254783050728e+02 -1.824882913635941151e+01
1.645129699733090547e+02 1.117457265620151752e+01
1.214286176836408373e+02 -2.963124356165832651e+01
1.487981101032027027e+02 5.005361120485434867e+01
1.797304581252206290e+01 -2.161157805796697318e+01
1.756396818946793701e+02 2.103583212853957995e+00
5.493716796568818239e+01 -1.918277686203905574e+01
4.038179384445390951e+01 1.330261811192068144e+01
1.734084073133589641e+02 -5.537071434523964442e+00
1.792610980102663234e+02 -8.290826121358895406e+00
-9.489568074237510586e+00 1.393851747162284127e+01
5.292554333909892250e+01 1.010884576173095795e+01
1.891297535409501052e+02 1.270895727540335862e+01
6.669920346752877549e+01 -3.607707245834293275e+01
1.460797002212634084e+02 6.037562583424789864e+01
1.581033139896190107e+02 9.551788671951602083e+00
-2.048909888444580929e+01 -3.209357869028533816e+00
9.427129508422804349e+01 8.945841042981419022e+00
6.905198576156514889e+01 8.069087444366444117e+01
-2.879302364623636734e+01 9.352985447687146348e+01
1.446962909661491210e+02 -6.943232085149328547e+00
9.310364428915443114e+01 -1.894415848258246626e+01
2.571863017453918587e+01 2.059013339450014968e+00
6.294182245772851303e+01 5.415792652187383283e+01
-8.083876562364176266e+01 6.656829486810947216e+00
-2.732748986477297848e+01 -4.586968995918435432e+00
1.956624751688571848e+02 -7.173763602886658042e+00
-3.678134282070075045e+01 6.453126703055404789e+01
1.344581395429249326e+01 2.210884376016477404e+01
-3.608667624578607303e+01 -9.901678310514187009e-01
1.325799076622522534e+02 1.294712843137773284e+01
1.578998481873774722e+02 1.226938554991868990e+01
1.712713475362287241e+01 -2.840483578196782943e+01
5.540377320142648188e+01 -2.931245794753648770e+00
1.752191222617106519e+02 3.641317543565230608e+01
1.375414672391833903e+02 -1.987941595085603197e+01
1.877355293258769393e+02 -3.042272936876362799e+00
1.937279848759923695e+01 -4.891399861758476675e+01
2.202852216720974354e+02 -1.499680030962478483e+00
1.349396859848218071e+02 8.991388754524580307e+00
-4.777465700413762306e+01 5.914940869632210330e+00
1.261322002927755079e+02 -3.180999618808042584e+01
7.599785247461571203e+01 -3.605277523668353012e+01
4.059708529365839524e+01 9.738854967644796190e+00
5.352943371926598815e+01 2.479255786691043539e+01
1.790915572709483854e+02 -1.388836299443012123e+01
1.393258413452059870e+02 -1.025058345626653100e+01
1.152596695667722031e+02 -1.783075122245984900e+01
1.096112624240524127e+02 2.468500758343749268e+00
1.003866506820479714e+02 -3.588673549337765678e+01
-8.579346543468528097e+00 4.033262784094350240e-01
1.101441191462119207e+02 1.168015213550769005e+01
1.924278607348295225e+02 2.880190816696879708e+01
3.749176489833426018e+01 4.773088540637562005e+01
1.758985780442588975e+02 2.352000598168246270e+01
1.403498287662663984e+02 4.023488393840980848e+01
4.305785927071298147e+01 2.329734002580672936e+01
1.632095423344272831e+02 3.652165804288387552e+00
1.551456875688061530e+02 3.421025218911907473e+01
4.035551616393526220e-01 5.809832837600134070e+01
9.969177075320583015e+01 -9.698502670389782310e+00
8.921865567371430927e+01 2.769826648225225796e+01
8.256739227630085054e+00 -3.792034665434031115e+00
1.163677091451010313e+02 2.037469278014269136e+00
9.758429800034812729e+01 -1.239867304048913255e+01
1.734162354608260728e+02 5.638312978102065642e+01
1.561692522624759931e+02 3.247820197034398149e+01
1.888412686534951206e+02 -2.012376604408141034e+00
1.493946530177405805e+02 4.554087331429675345e+01
1.757400709475261635e+02 -7.143087001804706127e+00
1.037338595132914598e+01 -4.112354497241086904e+01
1.855892555209009629e+02 6.530169163642625563e+00
1.010209032211981679e+02 -1.466479787426978554e+01
2.158881678009798577e+02 1.087892336645354519e+01
1.270992248341477620e+02 2.412910297685824190e+01
6.250463923441348868e+01 -1.816276756912690615e+01
3.871547951818237721e+01 -3.530019679271727995e+01
1.623880804892364438e+02 -1.013155925938005097e+01
1.067266288279745083e+02 3.811621060048184972e+01
1.061561645273543348e+02 -6.071340688832992072e+01
1.284437918554909572e+02 -6.989191212307113155e+00
2.129773481166965965e+01 3.576355896398489875e+01
1.380404359983651545e+02 -4.602853313007391733e+01
8.280364783280555230e+01 3.780577172939872099e+01
2.565553556702856781e+02 -8.564126164520489581e+00
5.759347423592289772e+01 6.866124828168774563e+00
5.572999109912472449e+01 -1.517034244272866594e+01
6.953172322866259947e+01 -1.423965835907417876e+01
-4.973792844871047691e+01 -2.535790606308189865e+01
4.983224260655267557e+01 -2.295775293312014043e+01
1.668593073432084850e+02 -2.255765336305235014e+00
4.026336011458487008e+01 -5.375949051685734226e+00
-9.860351931888825305e+00 1.264971257710145025e+01
6.862400593628795775e+01 2.067324675867378758e+01
5.116922713752835961e+01 2.528168145156674207e+00
-5.447432085754677900e+01 4.777451715089481965e+00
6.935626772708319265e+01 -2.364338296613190593e+01
1.325324593313167725e+02 -1.600232108257768004e+01
4.253411292125378651e+01 -5.614192392607033177e+00
2.649329083201928015e+01 -1.804189022802468045e+01
1.005850998583998717e+02 -7.972100565352842949e+00
1.028074693311957191e+02 -2.929213240880920210e+01
-4.465417278772802234e+01 1.932744697980275816e+01
9.015563056016988241e+01 1.739750224809632329e+01
9.722970465133515461e+01 -2.241508789049912309e+01
1.129843583346618772e+02 1.409479899170299255e+01
9.815780835407826999e+01 -2.760139679683714320e+01
1.299355160822749440e+02 -9.653235142117594592e+00
1.165473714928743476e+02 -5.857342649005394364e+00
-4.389079044870819502e+01 1.279795477463593123e+01
8.594266192328329623e+01 -4.534806566556698471e+01
1.098082323415401333e+02 -2.932831211354358558e+01
9.370492128276374899e+01 -3.069982416259323443e+01
1.808008944293643765e+02 7.250783556719053280e+00
-7.609377609980914769e+01 3.988972530413186490e+01
4.151349134035400112e+01 -2.943878714686577425e+01
1.858931035303469059e+02 2.741440247803220931e+00
-2.085987746519687391e+01 2.101700084133641511e+01
1.464812820812927896e+02 1.741000674348391897e+01
6.215254551018043117e+01 -3.426178740661242017e+01
1.093392073693833169e+02 5.429808791767944598e+01
9.789797365765464576e+01 -1.127749690978514430e+01
1.051363678243985333e+02 4.022553798251759183e+00
1.852762263320039153e+02 1.458554966196212455e+01
1.172653088609139047e+02 -4.903449578175376189e+01
9.646899741054498634e+01 7.073325126508581917e+00
-3.106568937709818456e+01 -4.093240799859275469e+00
1.844827425176738416e+02 -3.691325425965901275e+01
1.729669975145480976e+02 -2.950561974269471310e+00
1.584184648579387158e+02 1.538620784686199450e+01
1.110513428455383149e+02 1.555500998752421715e+01
9.753878321251153238e+01 -3.951202978934716725e+01
1.460265140465521085e+02 1.053944822743407528e+01
4.656786076453732903e+01 3.037287446850978512e+01
3.764997564700949795e+01 -1.119494424418906497e+01
1.542799384492689683e+02 -3.644471395194709373e+01
-1.501607256549195135e+01 -4.100788077705008305e+01
1.605217310442751000e+02 1.996623860585172494e+01
1.208004791956730628e+02 -1.241788482677362815e+01
1.268725949012232093e+02 -3.558562450280390088e+00
1.578574993365056685e+02 -2.759783523183397147e+00
-4.829687985548131479e+01 -4.354690135894172442e+01
2.790411076647132305e+01 3.435567096862809677e+01
8.230502568343912628e+01 -2.012983081458638690e+00
1.292877590353435266e+02 1.167694564162862569e+01
-1.064974857546599374e+01 1.920488446703234686e+01
1.830822169278903573e+02 9.402488328943402252e+00
2.081073861186826335e+01 3.360706824576249474e+00
1.027111665528326654e+02 -8.101304115002573525e+00
1.614659208629708189e+02 3.560077645053999618e+01
1.803104476714013344e+02 -3.708804388600126511e+00
4.329129019148715685e+01 -3.057992184698707661e+01
4.908560946865959096e+01 -1.986026735343561711e+01
1.162742746251585970e+02 1.485252147423086200e+01
8.934965759123804219e+01 -4.168506433176064263e+01
7.897307889572128659e+01 -2.203323967926881011e+01
1.629230084890419050e+02 3.794798601305860331e+01
1.564851447801830489e+02 2.891704976557661411e+01
1.031356292838506334e+02 4.001304555111197203e+00
9.363705654010031765e+01 -1.746426266279785722e+01
1.778761150834868374e+02 5.734877911108951842e+00
9.031156344377050971e+01 3.579897272572153177e+00
1.704971976684690276e+02 2.802742693402869190e+00
7.364092867046582391e+00 5.015408580075092715e+01
2.012264207057128829e+02 9.985437045362697717e+00
7.589347284558516549e+01 -4.756843680790618833e+01
1.347528234785213499e+02 -2.781381756632000801e+01
1.945351081818372165e+02 -2.036341621492352871e+00
7.313524582028979637e+01 2.324668643369723142e+01
1.656203757529238203e+02 -2.648463698105878805e+01
7.498188360095174687e+01 1.044189021495356329e+01
8.977710577628211297e+01 1.006709333636914927e+01
2.003975538428708489e+02 4.149083097953473498e+01
9.672657317974410773e+01 2.593359123359351059e+01
1.588155743088503300e+02 1.544344438280364429e+01
1.149754348152386711e+02 1.558171688920360154e+01
2.774884301839207623e+01 2.274893079370956972e+00
8.591804683621988659e+01 -4.848121004388143973e+01
-9.864856843824820487e+01 4.582650494029516608e+01
1.409136352675036221e+02 -5.772841488465678683e-01
1.183420540298335908e+02 2.858425196932896029e+01
1.399444484870364818e+02 1.128601321961002668e+01
1.047151598037279712e+02 1.743045175415978321e+01
7.397180023297205764e+01 2.622970228787450608e+01
1.125962482310479942e+02 6.706958270998244132e+01
1.661870915253205112e+02 1.058550587075887606e+01
9.161129334686887660e+01 5.772560077123166877e+00
1.421956541078212410e+02 2.642373264442303138e-01
-4.334370880174954976e+01 3.039292866504227320e+01
1.287805187942304599e+02 -2.589334393143835200e+01
1.210164408902107596e+02 3.588421387401035112e+00
9.279184813050780178e+01 -6.935063589816721219e-01
2.691533061356567913e+01 4.300426827045583877e+01
1.320381206337430342e+02 4.694042895200445997e+01
9.427158189257751530e+01 2.704473103839670500e+01
6.971735059847311788e+01 3.043105010740778482e+01
8.883833414588303867e+01 2.656189496887136769e+01
1.502815299211247293e+02 1.050306117617317625e+00
2.019553167733158148e+02 9.688896192747209923e+00
5.284362364756119490e+01 -7.740226715109578493e+01
1.183466167351079150e+02 -1.603287445016304602e+01
1.842343877230356668e+02 7.891692287680584172e+00
1.250086750041001125e+02 2.891817189455181136e+01
9.207516231519561245e+01 5.379880874749840558e+00
-3.111588114033631669e+01 4.239786710162776728e+01
8.342408000044673599e+01 -6.556179795384095144e+01
-9.115743971072857832e+00 -3.055547503248510210e+01
1.288042845177446054e+02 2.574207033348524476e+01
1.871375385720747602e+02 1.701241469033273113e+00
1.882692740837596261e+02 8.734587208755726806e+00
-1.733344224236343933e+01 2.219101962664176142e+01
1.533318702902570010e+02 -1.572949278440537491e+01
9.264892263602490630e+01 3.134480040585157212e+01
6.888879376317721892e+01 -1.953984313080225022e+01
1.456908894543385316e+02 1.736374854197888240e+01
6.826381411569990121e+01 1.066468080766325421e+01
1.272838042957708353e+02 -1.956984216915710917e+01
1.494481766748126574e+02 1.902220697945311301e+01
-2.121907544062763407e+01 3.216148161280635298e-02
1.524096351795486726e+02 -4.709812328124625580e+00
5.242722426049170537e+01 -5.966775455326518340e+01
1.682671878580325142e+02 1.712018098964718504e+01
1.935979500884305082e+02 2.143645948033468684e+01
2.020695565088893773e+02 2.254682802600250113e+00
4.808222530857957366e+01 -9.207710428213722764e+00
5.603840028467041634e+01 2.952562464623699867e+01
1.005976742753935440e+02 -4.273463976186818059e+01
1.504091128754695319e+02 1.699290446965990853e+01
1.800430162595680486e+02 -2.030611333875497948e+01
1.218767376961768321e+02 -3.617128698191148573e+01
1.858592987933171798e+02 -2.353439798765110336e+00
2.514271902920936554e+02 -1.374553269835736913e+01
1.952816961078470683e+02 2.335028991792949427e+00
7.594705041643143772e+01 -1.101944228783325563e+01
8.053668332672997110e+01 2.075105595102886280e+00
5.927028999830079670e+01 -2.701913646833198346e+00
1.014390500095398266e+02 2.835094737771081119e-01
-4.813505218646754003e+01 3.844447293104890662e+01
7.547881161416517770e+00 6.972305203830459597e+00
3.849092690809948181e+01 4.461896823353180963e+01
8.301899344815518589e+01 2.125481523345814239e+01
5.604499719490284093e+01 -8.027555836282356694e+00
1.393639518949174771e+02 -6.362543751085888211e+00
1.374253599516934230e+02 -2.659377648773861225e+01
1.055770442676986676e+02 -3.443320189364195016e+01
4.480107083832158565e+01 4.856599826689083699e+01
1.718607568223477529e+02 3.480763653679935743e+01
1.281132584525101379e+02 -9.003642273657652240e+00
1.774686252260852655e+02 -1.737856912867928827e+01
-3.595282418622789322e+01 1.664606625438394261e+01
2.027389535368720317e+02 -3.216464679624110090e+01
9.435007833869823912e+01 3.924289382257674674e+01
9.050581599648333864e+00 -4.013999104695726317e+01
1.851392329632437281e+02 2.601890615940280682e+01
1.518305637685574538e+02 1.410588651357729972e+01
9.178746052444708425e+01 -4.435253806435584067e+01
1.647555068227876234e+02 1.576023193286239632e+01
4.338363302849256797e+01 3.555912960507814091e+01
5.138982356868166335e+01 -2.057105197289966014e+01
2.217331235501402489e+02 2.635026173358872725e+01
2.293435306502242099e+01 3.867787050487466161e+01
1.660198679950705696e+02 4.745489104446598105e+01
2.082322988553755465e+02 1.013283954752539628e+01
1.573930920084793286e+02 7.260523147480236617e+01
1.397595440987753364e+02 -1.193038340105781714e+01
1.507889409161985270e+02 2.495638322508807239e+00
6.811518585820194005e+01 -5.979104887512763256e+00
8.782017275976679116e+01 -4.666634313856583560e+01
1.622136255646232996e+02 -1.318145274406539080e+01
1.595769663144578772e+02 4.213817399469417779e+01
-4.564380306362474826e+00 -7.659531247135607401e+00
1.865750319992327206e+02 -2.937483349991875059e+01
1.409255346682386119e+02 1.204834522206021141e+01
9.122458675958613128e+01 2.226824625411442682e+01
1.126675791883351394e+02 -3.070761177499590655e+00
1.307880074066007410e+02 -3.276592011363356249e+01
1.171204870959046076e+02 -3.289292103021598734e+01
1.568491849518543404e+02 9.318329269441562701e+00
1.719608849044624606e+02 -6.986895394433353168e+00
2.478193192373916531e+01 -1.912380271994614844e+01
-3.972840448822421422e+01 1.037952912637847369e+01
9.135011916260374676e+01 4.307791326186453773e+01
1.329760586388825914e+02 2.832535892131639699e+01
6.604331469777450536e+01 -1.044813906258004543e+01
8.930726733205467838e+01 3.300497784746760033e+01
1.909726090318996796e+02 4.944518964713270037e+01
1.590480421696871645e+02 2.342740653262152506e+01
7.133085314031315249e+01 3.405546216476639643e+01
8.570754287365427615e+01 -3.897424034085645861e+00
6.653170746689910686e+01 -4.107031556071807898e+01
9.753741692445639444e+01 -3.486156883861831091e+01
2.108715142562070355e+02 2.848653518529683293e+00
8.621678741949773439e+01 1.669942945678187129e+01
1.427801011483951470e+02 -1.421003633027402557e+01
-1.091635356861690020e+01 -2.060886862059416202e+01
-3.868200810828832203e+01 -1.506483591337447869e+01
-3.458423000764128830e+01 2.288319800149050920e+01
1.352498281920123588e+02 -5.178860195749621198e+01
1.122128874541699730e+02 -8.684536297157048779e+00
1.421759716425338809e+02 -4.534560260724161296e+00
1.725878511068962098e+02 1.909150287092756315e+01
-3.328920064400943346e+01 9.629490408689640457e-01
1.574979118770408206e+02 6.490993759614435810e+00
1.270535194723480430e+02 2.239648506758267743e+01
4.349328858301330314e+01 -1.348511935864125455e+01
-7.076066918559028807e+01 -1.831159055845613670e+00
1.799257165580056039e+02 2.689354746857393152e+01
1.218576002160609590e+02 9.673053604558399243e+00
1.357256452556084447e+01 -5.181970107366737466e+01
1.141131747231234641e+02 9.924082672742773781e+00
9.665932725568919182e+01 2.348963283493694476e+01
1.227842055792154952e+02 -1.528647180850443821e+00
1.115077564559579741e+02 -1.231541678736883405e+01
1.067334751976144247e+02 1.121225524222560566e+01
1.481474617166382757e+02 -1.971821520425578100e+01
5.877623770326653130e+01 -7.230397667091466474e+00
7.468222097640048673e+01 2.807434072871856046e+01
-9.006531506374292917e+01 -2.287904517920259195e+01
8.648231122927126080e+01 4.732066967883958597e+01
1.515892002768111979e+02 -1.168931184774891996e+01
-8.948151154075117120e+01 -1.154370455079937230e+01
1.002588919442885498e+02 1.619897238579585874e+01
2.128649386782630302e+02 8.271397807438013672e+00
-8.785617525064158428e+01 2.374221450108876041e+01
1.638680511775143600e+02 1.404391740083868712e+01
1.221704359531876491e+02 -8.644602254152593535e-01
1.031137178643774490e+02 -2.775767896536514456e+01
1.615597519557936153e+02 2.863567055459627397e+01
-4.583720499336978094e+01 -4.400664441921723835e+01
2.018308001034527308e+02 5.109411405464459044e+00
1.749814865449619674e+02 2.512489424868229904e+01
1.414692899641702581e+02 -3.159435053869294663e+01
1.618821597400673227e+02 -2.036284320133264103e+01
9.702351509525058759e+01 -2.009864681433051103e+01
1.540161933443974931e+02 -6.508886647285998528e+00
1.520278340053226316e+02 -8.075877597542815067e+01
1.279118835776397702e+02 -2.731636574758648095e+01
7.302125162615088527e+01 4.279032496352876791e+01
1.327988805726595842e+02 -2.113152928592721747e+00
2.551461570405960444e+01 2.333184615829613051e+01
8.120181323584566258e+01 3.327264400317442750e+01
1.053637096939170732e+02 -3.325251758702664873e+00
1.107547298949993149e+02 -1.056902097970390919e+01
8.023437898792101919e+01 1.416755846838032573e-01
2.054270236437109816e+02 -1.057072425525374548e+01
5.289231495155766538e+01 4.264426902418012588e+01
4.809025066241791047e-01 -3.107453327064981963e+01
9.387436924183935716e+00 3.483174454694290745e+01
1.358710650890049578e+02 1.471026140727020959e+01
1.106460314667129694e+02 -8.178810393456625860e+00
-3.229352174204375814e+01 5.595725999133811257e+01
1.673559583579915397e+02 -1.032183931507451646e+01
8.635374240587660211e+01 2.542941838731186266e+01
1.109167050096595197e+01 1.322238842627900723e+01
1.498401793846386454e+02 -5.801853432149940915e+01
1.804849981032186577e+02 1.069155647709608736e+01
-2.374086505362116739e+00 -5.801770175164851651e+01
3.139830909166666117e+01 -8.026218599278218679e-01
1.436568496160126926e+02 1.093461370802879173e+01
-2.581568326772654132e+01 4.182208498658526707e+01
1.885435135193786209e+02 2.840178268065913514e+01
-3.235126734547996014e-02 1.261362613048033943e+01
1.933788565000896256e+02 3.583610519927573068e-01
-6.442085538592114347e+01 1.807165519105977936e+01
-4.244302221660404939e+01 3.401611820149179266e+01
1.262116597482707014e+01 2.463076217322652539e+01
1.826773612158920344e+02 2.641603944517129676e+01
1.463823529425511794e+01 2.547096270866969903e+01
9.883605376468636905e+01 2.242895306751823270e+01
8.730785392380937537e+01 6.244496118357417203e+01
7.042071779965129963e+01 -2.691530109089094180e-01
1.087331641274828264e+01 -2.558389606333317801e+01
1.472527564921006729e+02 -4.034181093529912165e-01
1.109724611462246884e+02 -2.184192946202263741e+01
9.922337726737337960e+01 6.383790437980172428e+00
1.259094346532696136e+02 -1.754192840331809933e+01
1.143907505848176243e+02 1.391517151424036847e+01
2.767379082561837222e+01 -7.341853526750094616e+00
1.194099526281673036e+02 2.644456176366668743e+00
2.413910459941077491e+01 3.621748134817287479e+01
1.178107852286409098e+02 7.585623551316079016e+00
-7.551461866963774128e+01 1.911094416094197612e+01
6.354086607183212720e+01 3.071967224889326786e+01
1.598113891811344160e+02 -5.251349792901407909e+00
1.231569444399092248e+02 -4.090486482470663532e+01
1.944245350092431579e+02 1.030014076214543550e+01
1.840360200596142306e+02 1.829971525819472689e+01
1.363462963377076278e+02 3.093777794172816442e+01
2.011746124630879535e+02 3.869465617509990629e+00
1.758345134088554005e+02 2.054667148294987911e+01
2.341063767151040764e+01 -4.488101026156763140e+01
1.061314680862186890e+02 2.123337380856943923e+01
1.146097390018688458e+02 2.448250441828798074e+01
1.641726258312565108e+02 1.528845708953862648e+01
1.261283100648815569e+01 -3.285120160456286698e+01
1.321888373960306922e+02 3.284147620987034166e+00
1.304757738160729446e+02 -1.491113703463130413e+01
4.966797055548396145e+01 -7.813027215033829975e+01
5.129648287050540745e+01 -1.013913201475614301e+01
1.657913237814063123e+01 7.592367681380265410e+00
7.395944132887647982e+01 2.619756803320405680e+01
1.110894661715971665e+01 -2.510656985056434465e+01
1.713954051415400670e+02 3.104000664649771579e+01
1.495281920071300021e+02 3.366165708024006609e+00
1.062297200520314391e+02 6.412521855230455259e+00
1.823648378613361842e+02 -1.561119880825869366e+01
1.319256609336021029e+02 7.285149990556268662e+00
1.195989574861727789e+02 3.536677834795232656e+01
9.978340564870933349e+01 -1.519813731750400443e+01
-8.629321561351668279e+00 2.729295548802117466e+01
1.034669344580261310e+02 -5.469869356904243141e+00
-3.059903864786233552e+00 -3.318240911491250955e+01
9.903370062243621419e+01 5.751797174557150782e+01
-4.193146300106284485e+01 6.607392109975292271e+01
-9.690331193146980127e+01 8.468816126122986176e+00
1.463211241366219326e+02 -9.999560226314381239e+00
1.066536981933221568e+02 1.334569697227273721e+01
6.361330791422489028e+01 1.136824824539278112e+01
9.766826358787110962e+01 -8.059889311120150168e+00
1.156761753379158648e+02 2.848457895267119611e+01
1.803864083077227320e+01 3.130638726304365349e+01
1.657673792185690615e+02 -2.752902048404945035e+01
2.235124655241932885e+02 -9.958350291983526503e+00
6.743843256936168018e+01 1.219698866384002045e+01
1.331338726006246702e+02 -5.024715797496185132e+01
1.685420377647898817e+02 -8.295229653825362703e+00
1.912639606836890209e+02 1.059080923069586078e+01
9.812386758783711116e+01 -1.053795460328504596e+01
1.152996028134703721e+02 2.081362187098397243e+01
6.934186411581359266e+01 3.648142335127236624e+00
2.978520101540027909e+01 4.462721460369189685e+01
1.182223567431243367e+02 -2.034010695154769177e+00
7.338473695142215547e+01 2.350412258362046813e+01
5.695380172723351819e+01 8.617506084922000653e+00
4.831998088711016237e+01 -1.996951528261318742e+01
1.258360431883283326e+02 -3.654377855562417921e+01
2.447297087054700881e+01 2.244557344752415773e+01
1.745050020591175155e+02 -1.608964862919880190e+01
1.546311353404709052e+02 6.862889120445079705e+00
7.169704803724293640e+01 5.120806584482205892e+01
5.190865099753219525e+00 3.422307221140193434e+01
-2.723308695444031713e+01 1.572080134219108061e+01
8.540287909927987187e+01 -8.559341438049113293e+00
1.915829666105619538e+02 1.021973482391395827e+01
-4.822290683548495593e+01 1.143842106437016337e+00
6.958837223803898553e+01 -2.340612839401005729e+01
1.414833695647471643e+02 -8.655410203918719958e+00
1.381190326013150127e+02 3.621010579849156841e+01
8.953199458618209405e+01 2.691163902714517775e+01
1.285261499123826354e+02 -7.492438869994074935e+01
1.542305002371417402e+02 -5.072442543296185491e+00
8.645909550600286764e+01 1.354118540217516875e+00
1.648704502155585772e+02 7.760122330661657131e+00
1.832808804108298375e+02 -4.246414093846747306e+01
5.249882862680361484e+01 1.607639125482960907e+01
1.275202878128662149e+02 1.278911026561938513e+01
1.563202848760450365e+02 -2.776981890629329541e+01
3.969539426606080923e+01 -6.627009533212236647e+01
1.677748375517226975e+02 5.265061621073719778e+00
1.048268344749551488e+02 2.290155721011386980e+00
9.191495649371051968e+01 3.126733802768381310e+01
-4.508050683483794785e+01 -1.156710871836366117e+00
1.656515304744624757e+02 2.727067957885786953e+01
4.532137262485866458e+00 1.237053225555082037e+01
9.187292882625182244e+01 1.517522560890570027e+01
1.460318846387162921e+02 -1.574233568683281126e+00
1.279040798659997904e+02 -9.568800254248628789e+00
1.035891552314378572e+02 1.893244097281243654e+01
1.424204478495026081e+02 9.362997458802176709e+00
1.209508291846249080e+02 1.137236144306521624e+01
-3.957727740423385399e+01 -1.888037285521986419e+01
5.960049850748870881e+01 -2.187449162606737474e+01
1.166658765492436487e+02 -2.792231818973019131e+01
4.509949014713104276e+01 2.499775474249398854e+01
1.045285063397419378e+02 1.873624843539099638e+00
1.537052533887969048e+02 -1.019572459659189434e+01
9.006961448097781897e+01 -6.147693683108751195e+00
1.319850117933292495e+02 1.429328997292845571e+01
2.058706378719890324e+02 4.008749736974139388e+00
5.981180104264272046e+00 8.173304038259582294e-03
1.911949661982345958e+02 4.449657870805056703e+00
1.029350242901592338e+02 -6.400230530704328347e-01
1.232337389137924930e+02 -1.505975102938910659e+01
8.534127752685603241e+01 -2.277992876985346982e+01
1.221629671441900769e+02 -3.552421475253261796e-01
-6.146489710309427146e+00 7.295620225560852212e+00
1.074768494336988169e+02 5.402480822513102687e-01
1.207220863135305677e+02 2.169591474076557347e+01
1.642858318425882658e+02 2.935797652833425531e+01
1.229654661407685836e+02 3.853111227981661813e+01
9.141470654660166417e+01 3.113294725988716394e+01
3.333225084632144330e+01 -4.295507564772599807e+01
7.303197764748891530e+01 -3.238737697449765562e+01
9.222395474963832385e+01 -5.624818781563472925e+00
2.744556594264691185e+01 -2.219928029113526158e+00
-1.126338450454256090e+01 -8.291651241345084244e+00
1.246602081013844554e+02 -1.282786350196696845e-01
1.660547337222869260e+02 -1.104468659583713475e+01
8.017822160299732559e+01 6.451741205920479061e+00
9.080349779707623270e+01 2.598272970795574821e+01
7.541361513441374598e+01 -1.215612557986603726e+01
1.197431782295595042e+02 -6.649639781297186403e+01
2.001449317431256816e+02 -1.761802668721117371e+01
1.078821594691480357e+02 -1.782154000987210907e+01
1.633457520209509823e+02 1.367405526586651376e+01
1.254713322920925833e+02 1.687313616262018101e+01
1.475387505642022745e+02 2.126513700628643377e+01
1.705514666706938272e+02 -5.131593686795697273e+00
-1.282102955321071036e+01 -8.614110941582495684e+00
6.370454160651423337e+01 2.941043793688864127e+01
8.083779497997413443e+01 -1.058075320945966524e+01
1.589661895801325784e+02 -1.094118811732353969e+01
-9.745959436606449344e+01 4.576136159271904091e+01
2.103906667205241376e+02 -1.638569241415785971e+00
1.997572972524023669e+02 -2.265470632882714597e+01
8.222041867174198160e+00 1.810749955542852874e+01
1.351403807860348536e+02 1.775738635710481006e+01
4.014408304821900941e+01 -2.840094158087485354e+01
1.730010178349002672e+02 1.882136140389023282e+01
7.339125181667198206e+01 2.955468653925836353e+00
1.591666809893992536e+02 2.855956600530723311e+00
1.132001613479317683e+02 -4.678594147493437827e-01
1.023877985158579662e+02 5.629290796279859421e+01
1.200104225860666531e+02 -3.010255819433038482e+01
1.245284247140077554e+02 -6.514202777529969524e+01
1.568860564381972438e+02 -2.188545579306018674e+00
1.352595049310937156e+02 1.005590109475252847e+00
1.882308527565512577e+02 -1.235288210900912453e+01
1.846935612818202799e+02 -3.958574222289173150e+01
4.573293040417160427e+01 -4.167038456409857616e+01
1.852318064424921431e+02 6.468906860640119660e+00
1.430008255265183834e+02 2.023439251416439788e+01
1.396666384450288092e+02 -2.860699598263916954e+01
3.043094211446318198e+01 4.017498839667825195e+01
1.727289248912410358e+02 4.039384121544654249e+01
1.302004714571000221e+01 8.773092038782499458e+01
6.228589627713554222e+01 2.938083107031420482e+01
5.900876067322261775e+01 -6.748607244069306788e+00
1.717597060869975678e+02 -1.676478276486177066e+01
1.071393111561131377e+02 1.455593982955319721e+00
1.885122648548314714e+02 2.198414557186715612e+01
-4.984034228480980744e+01 2.389864309731569492e+01
2.034866100453875220e+02 1.056888837062234821e+01
2.049219299963087053e+02 7.278215848878913619e+01
2.416018663732796412e+01 -1.904578277442367096e+01
6.014194236419800177e+01 -1.700260598392976519e+01
1.033011648706574732e+02 2.102952341465406505e+01
2.076247879381486712e+02 1.085037790587148621e+01
7.313026098190086088e+01 -6.660705674725134884e+01
1.263653100920326864e+02 -1.338958074414029831e+01
1.040440289533871976e+02 1.349295946240791910e-01
8.359138925536620945e+01 -2.570065106685452250e+01
1.395794391829383017e+02 -1.490599966622459416e+00
1.432429269183772078e+02 -1.090150127603880925e+01
1.413284453887050347e+02 -1.194888939373848880e+00
5.599476576254863858e+01 -2.625265364642357468e+01
1.316188541808453465e+02 -2.476914015688744186e+01
1.864796826188715499e+02 -1.537737998239607329e+01
5.779214110663038895e+01 -4.052461905371828266e+00
7.722343856918666916e+01 2.459046507477334487e+01
7.829653482898469008e+01 2.857600302421804273e+01
1.877640271128055645e+02 1.949039469944520775e+01
1.230563333455354780e+02 -2.078005706817459242e+01
6.095913392561866573e+01 -2.936620451367239326e+01
-1.335204458968210872e+01 -1.851643953303831580e+01
1.560492449953019332e+02 1.692451955185739010e+01
1.345477910967031505e+02 2.260437608181337765e+01
1.909457935528351413e+02 1.915843308067814554e+00
1.082874397693469746e+02 1.816015639422124739e+00
8.155778038288200094e+01 -2.871198697745815098e-02
1.739895473197092883e+02 -5.291767067644022049e+00
1.320022451226898283e+02 -7.665263159741220189e-01
1.734890883550358751e+02 -2.260760841551717348e+01
4.639427847449482556e+01 2.279225997258007297e+01
1.236815318597464994e+02 -2.779536735193394748e+01
1.016888029609137192e+02 -2.919688850873297525e+01
1.296429871515467767e+02 5.817249497537292058e+01
8.949023973663719289e+01 3.280225006921242681e+01
2.619728169908223236e+01 5.475869416514371757e+00
-5.493457921291688706e+01 -2.506395290467217052e+01
2.479939562720671375e+01 5.571495303453471593e+01
9.854800698961821581e+01 -2.664398049336086771e+01
8.073015075450094002e+01 8.512173311118431229e+00
1.538629198938234310e+02 -2.565347620568607567e+01
2.057839965365908483e+02 1.783872104713256856e+00
1.177320892824798619e+02 3.483258121838654375e+01
9.248514147137662178e+01 3.706792423732871100e+00
9.796374870432667592e+01 -1.698112251544239948e+00
1.280107914189576661e+02 -3.812167063761020103e+00
1.235994651248415011e+02 -2.328249443881238179e+01
9.003908532723507108e+01 -2.238957945012091244e+01
1.083834941781043000e+02 6.905993723905952564e+00
6.466956125342036898e+01 -1.892255168961808209e+01
8.229136004203115817e+01 -2.590535970244442598e+00
1.607741939129045932e+02 2.788725787214466223e+01
7.574861740278927869e+01 2.997771051407741183e+01
4.065930003892920297e+01 2.640893518965647502e+01
1.444900394924532065e+02 1.974045846905686474e+01
2.016583620438871378e+02 -4.059297165128663210e+01
1.383540969562330645e+02 9.520361783304023717e+00
1.335826871652240584e+02 2.124994087384417796e+01
-1.069682638183621748e+01 1.388441030724591307e+01
1.749426549953074641e+02 -3.227162359131116887e+01
-8.188521914175682070e+01 9.212912082687938664e+01
7.959859047448991021e+01 2.247170535203840913e+01
6.612440649639209767e+01 -9.458399712100177936e+00
4.271435206199421941e+01 -4.319733534540986142e+01
9.827982575273368582e+01 3.343974977229238021e+01
9.665218499131808017e+01 2.138498342590806800e+01
1.438129849096002033e+02 3.836529282892018955e+01
6.264523801936096703e+01 -6.574393511588925776e+01
5.494798245081680932e+01 -3.689421852040810279e+01
1.560362334820814567e+02 6.249666206956816694e+01
1.749313732008618842e+02 -1.456096923117762643e+01
1.233009144332429941e+02 -2.965463150769767964e+01
1.762441857262810174e+01 2.357816746996374846e+01
1.491354849179313078e+02 1.029718479595217673e+01
2.868832131704830601e+01 -1.871950907897926086e+01
1.605080531065125058e+02 2.037878590844579207e+01
2.444925646978145650e+01 1.079691611519368877e+01
4.065863113476289215e+01 -1.487867269358948263e+01
2.644918464579050976e+01 -2.806919986051827820e+01
1.543985694845343630e+02 -2.133764177467255507e+01
-9.367955710077850995e+00 4.618549284948623779e+01
1.312878907616696722e+02 -4.047405986225063401e+01
2.978621741999877415e+01 -1.991887010369935140e+01
6.203243620791170088e+01 -1.656428995198666598e+01
1.781157611668076299e+02 -2.647038840240230684e+01
9.414820178926774474e+01 -4.538909154786962574e+01
1.497279982099244080e+02 2.256397272207604843e+01
1.899894066210675021e+02 -3.277377092553997784e+01
2.547397430206839033e+02 1.347119358542903989e+01
1.738253559508195849e+02 -2.033076452676094714e+00
1.196697433969644635e+02 4.465485499473896169e+01
1.141025208975163565e+02 3.298846733968525768e+01
1.627021863406736486e+02 -1.219766357376737664e+00
1.013118125937271259e+02 9.787710581075010907e+00
1.251303064309412036e+02 2.345591660534813627e+01
1.399862122497403334e+02 -3.152283961541263224e+01
8.602790105778936436e+00 -1.900954231469386357e+01
5.749092140267442375e+01 4.966745096717404806e+01
9.007414056018691895e+01 2.432856467067820105e+01
7.138170747498122637e+01 -3.819128679907662249e+00
7.582678128515009064e+01 3.361248187098203388e+00
1.334713630975795695e+02 -1.936652174691558415e+01
7.327443619395691599e+01 -9.881584544643358115e+00
5.163906136892488785e-01 6.674790064966173020e+01
1.145034852440241337e+02 -1.405779927429697551e+01
8.350567806993615250e+01 -2.881144390402810274e+01
7.328243159576433641e+01 1.970757488813850244e+01
1.387519318920780336e+02 3.475394384639499634e+01
-6.471514632818911039e+00 4.151796872787670623e+01
1.399984515551858237e+02 2.124530461551502825e+00
1.047263149637559536e+02 -2.826031757927957244e+01
1.008751495205840172e+02 9.444475287980658607e+00
1.130251287260295072e+02 1.452113560466739983e+01
3.268119119858235422e+01 6.027300373910268405e+01
2.082037280407836874e+02 8.302605587096568485e+00
7.370754735792435497e+01 1.911518140179224545e+01
1.081887719332853379e+02 -1.427006210387896346e+01
2.035725616020947371e+00 3.807428288208478051e+01
1.703178972100981241e+02 -3.981072006636515681e+01
2.200097565618978877e+02 2.702542544236618838e+01
1.103034159812998212e+02 1.111172907231798312e+01
1.247191969369890074e+02 2.060707732176134499e+01
1.553333300205231069e+02 -5.288527878666963034e+01
1.614415591843705897e+02 3.006312215377586128e+01
1.103927097255718337e+02 5.721387545838313571e+01
1.974298783922248219e+02 2.172725916262598478e+00
2.088846363102719650e+01 1.741206292167347769e+01
1.948666358399561886e+02 -1.356400428367480337e+01
1.345620213043931699e+02 1.238472920877009464e+01
9.960595876249783487e+01 -3.027207841979511116e+01
5.099860075704184936e+01 -4.395053531426817983e+00
1.287278919568834965e+02 -1.023007051988268579e+01
-4.207767322714272495e+01 4.610773533333845364e+01
1.768103634303672322e+02 -9.665496360120304331e+00
-5.027815573892720380e+00 4.028609464449157684e+01
1.161468632334756848e+02 -7.763226649594871276e+01
1.937610550781398615e+02 1.445837558511545318e+01
2.273117236533918373e+01 1.001706093694131638e+01
1.672501479604264034e+02 -3.858414950997646997e+01
1.090592369321197452e+02 6.395014846524476937e+00
8.722203659006129328e+01 -2.520598693463422535e+01
1.480961469797965151e+02 -1.783036600243090675e+01
4.088221476849935954e+01 -3.395518519352615527e+01
1.638195461488588762e+02 -7.084075607601834967e+00
1.616980095816538210e+02 -8.939973139156506932e+00
1.759541369547588943e+02 2.399125583022017616e-01
2.027255713860923336e+01 -1.596579403156956012e+01
1.372622739943629711e+02 -2.388976175541393232e+01
1.089642348997149384e+02 7.200613771546674968e+01
9.578495123284166368e+01 -8.186732521091678905e+01
1.620222512157787946e+02 4.136280493117740065e+01
-5.184778502719455417e+01 4.393860174992038026e+01
7.834340971301412537e+01 2.740895453521916991e+01
1.414759767833254216e+02 2.511379467727049075e+01
4.963668261907296397e+01 -6.809832203526988703e-01
7.314316689985849962e+01 -2.522682845662954065e+01
1.660915225459914950e+02 -3.743725787595145249e+01
1.272508556491773390e+02 3.703581177264743562e+00
-1.629504310094570485e+01 -1.183435687761985911e+01
2.583065763220675848e+01 -1.931311875417799939e+01
-7.331397209590248565e+01 4.473400041448601883e+01
1.293955899612805460e+01 -3.630682525206771061e+01
-1.091374894989363575e+01 -4.415438016766577078e+01
1.141035171875141288e+02 1.070841427851998517e+01
1.060868116786197390e+02 1.977713183351596982e+01
3.475867503887468501e+01 2.218415672547349615e+01
1.749333470247604225e+02 1.909512160043252393e+01
1.241718762610376956e+02 -6.595662395722085236e+00
2.019834490376108249e+02 -4.221525710940700726e+00
1.041628405206044334e+02 -2.725802196559419688e+00
1.248088153439366010e+02 9.897946737516061688e+00
1.607835022586245941e+02 -2.320401269459071436e+00
1.780802025607209771e+02 -8.656775001188972141e+00
1.918089896591180548e+02 -5.272769771400198202e+00
3.766017064003072079e+01 -2.382065854980652730e+01
3.311418608063080171e+01 3.873988039612701328e+01
6.841992061377061418e+01 1.695415252882379598e-01
1.079260418347421506e+02 -1.091762073728915317e+00
1.254138633907733009e+02 1.639413832212125754e+01
8.257077304460132439e+01 1.278612137475812371e+00
1.997673681853597429e+02 -7.723486319182517157e+00
1.566024099319756147e+02 -2.337230433312677391e+01
-4.495998538232836239e+01 -2.163948837635123823e+01
9.108977944667671522e+01 -2.292704749461409008e+01
1.134234684457588394e+01 -4.215939294868934439e+01
1.490486498809416958e+02 -2.936651239246972978e+01
1.207968050918680092e+02 4.144825843505115870e+01
4.914994611244097200e+01 1.258981613058997340e+01
1.338606073406002679e+02 -4.174379614275331818e+01
1.315837338669530538e+02 -3.084977202215484482e+01
1.097908582303784470e+02 -4.208919060441407289e+00
6.377817699983016553e+01 -2.309947188785386629e+01
1.869783597225667222e+02 -1.644027745603395729e+01
1.999618050190975396e+02 1.858588243893527192e+01
-2.057141434041350436e+01 -1.672498239854715152e+01
9.088767012799561940e+01 -4.203842943825338807e+01
6.239830307709262058e+01 -1.826897607350250041e+01
2.074619291128703367e+02 6.789080871268518891e+00
1.349135637642275469e+02 9.790676438620200983e+00
1.303545546220914275e+02 -1.988721176949318448e+01
2.136895406092913774e+01 -1.522376068110360237e+01
8.974381879849494226e+01 1.628148500543862909e+01
5.330768203377011361e+01 3.310522015979671551e+01
1.074320640307666963e+02 -3.088746395097938802e+00
1.295203094839628193e+02 -8.262712389695007431e+00
2.037355556336304403e+02 7.732631206448211003e+00
1.217934701192896227e+02 5.377104314637175975e+00
1.059531830613868095e+02 -7.159362629348498430e+00
1.873737664275205930e+02 1.671400358288079602e+01
2.784566307811988040e+01 1.599466458233801802e+01
1.014092607896703555e+02 -3.381584847538449878e+01
5.862800540854149034e+01 -2.790925586551083626e+01
1.090742375853091062e+02 1.335742288253456778e+01
1.495618604982859665e+02 -3.727717673682222710e+01
7.874250888671902260e+01 4.487993096406837523e+00
2.130807222538945211e+01 2.106257968189953544e+01
1.513722781510623179e+02 -4.172016134812210453e+01
1.780317233193051152e+02 -1.982977963336992744e+01
1.444278559463471652e+02 -1.261115599943586041e+01
1.316050186376351689e+02 -5.030301619375340039e+01
1.005732333676296548e+02 1.368592318148643017e+01
-1.513422342656871589e+00 -2.313104832048611925e+01
1.233508007197090421e+02 -3.763391399496900380e+00
4.217435214751906614e+01 8.299178025760619803e+00
1.307654283426322763e+02 -1.302212996289017433e+00
4.090730181261488241e+01 3.152713879985113099e+00
1.972898928057901742e+02 -2.380849620407133216e+01
1.593747279456943318e+02 -1.032508075031906181e+01
1.017755156130264282e+02 -5.828991803974165009e+01
5.464359151419324689e+01 1.054431019407373959e+01
1.336190664758103992e+02 -2.143404417983086674e+00
6.579949937196755627e+01 -2.425219479452282201e+01
1.418770890613696452e+02 1.776563312098493341e+01
-1.570472582817905582e+01 -5.014057252806006559e+00
1.234219684345734720e+02 -7.470850345006134763e-01
6.648262145793009381e+01 2.526150863285188208e+01
-1.957729662738447018e+01 2.745447839538138757e-01
2.093770888170183753e+02 1.573928078368695438e+01
1.285973488020659943e+02 2.510158095741654805e+01
1.150733648256900210e+02 2.231753170583351675e+01
-1.470869508592139319e+01 7.901651045908590731e+01
1.166587219193614118e+02 1.152789585134649819e+01
1.101680217829858748e+02 2.122306453700955586e+01
6.069068182109214149e+01 3.195667271921545094e+01
-3.130789520789183911e+01 -2.540435302437962051e+01
1.790899835743654762e+02 -2.488418356122636865e+01
1.547426732402999789e+02 -2.463704174082614884e+00
1.786519332846008581e+02 3.790587649243349344e-01
6.923475108840456471e+01 2.595094914135723485e+01
1.433541249816064180e+02 1.339627682338102588e+01
1.147475827305532619e+02 3.294614072592666787e+01
5.607606853674286640e+01 2.925121242090033036e+01
1.861079925736493976e+02 1.827465228170044398e+01
1.302451445737403048e+02 -1.309562003076615966e+00
1.993845149648625181e+02 1.329132824663847678e+01
4.590009349539489136e+01 5.609704321837326546e+01
7.455720035338388563e+00 1.611547944342172300e+01
-3.014035513441118419e-01 -1.465706053743505421e+01
1.325249527313460476e+02 -4.769562892799328324e+00
2.012854834959192658e+02 -2.563670074185034231e+00
1.639109237880454089e+02 -1.505317285030745644e+01
1.929927516825844407e+02 -2.048920986245120091e+00
1.625190307226913546e+02 1.796024664664248860e+01
1.850840440858982276e+02 -5.538969080289829705e+00
9.900906764981900920e+00 -1.550921017044537464e+01
-1.791241083035729176e+01 2.700335271048612640e+01
1.107773343902758256e+02 -9.237916901711272777e-01
1.511309405725783108e+02 1.628457047782460876e+01
-6.642827063021937484e+00 -3.885969385963430511e+01
-3.899406083921641653e+01 1.883838116558007769e+01
3.939627115824301740e+01 5.584685079013507192e+00
1.095965725955503558e+02 -9.577066673486656967e+00
6.348019324911338401e+01 4.357412608783147512e+00
1.553821680593624990e+02 -1.384799395045125947e-01
7.981529557628319083e+01 1.399451764145068999e+01
1.036686476684111113e+02 1.144863443058377861e+01
1.127251831960589357e+02 -7.914925486552999878e+00
9.718333425543275439e+01 -8.494840716929507707e+00
2.181137183458260722e+02 1.072369541534448167e+01
2.051985157973969365e+02 6.184232949636926158e+00
1.872448600599900033e+02 -6.803155236891341717e-01
2.518501091344822740e+01 7.561821641824447715e-01
1.837656192085269424e+02 -1.560339236006218933e+01
7.871743874389456153e+01 2.367280824763803437e+01
8.542178395279857739e+01 -2.598085216777117523e+01
1.136098324736516361e+02 2.852478796675124428e+01
1.690537861749311332e+02 -2.476051181913672128e+00
1.312056162113862712e+01 -2.961186697177063820e+01
1.329408703241485057e+02 -1.677427513155337380e+01
1.872252224491775223e+02 3.098972392706853896e+01
-1.987341904461985997e+00 -5.097975767571335126e+01
9.288754729955111600e+01 2.192788020064507393e+01
1.287019843232781966e+02 -1.340150379391950608e+01
1.351047258308431935e+02 3.064548280398706481e+01
1.894572595823645713e+02 -3.271832156046801998e+01
1.341440453742531531e+02 -9.472674836086325101e+00
2.081236571442649819e+01 4.416897071049351808e+01
-2.373342820589060054e+01 -2.329669882371951672e+01
1.107356312307323947e+02 -4.460359828263409554e+01
4.137793971677525917e+01 -2.681400713899164234e+00
8.072511692224577473e+01 2.115759523226768124e+01
1.343858587102695026e+02 -1.682639998187323371e+01
5.990529639895076741e+01 -1.457704560812398498e+01
5.402799999754272875e+01 7.721395869774403309e+01
3.770359398131565287e-01 6.695020270261433648e-01
1.354266109026179663e+02 1.840149323289153926e+01
5.046570908854982207e+01 -2.334516659950043049e+01
5.044674435133997292e+01 7.177048134291192127e+01
1.436193213089865672e+01 1.904647642984099054e+00
5.972259208938310593e+01 -2.512752325889065830e+01
-2.972806908632017908e+01 -1.537223392859191939e+01
1.415199905018151867e+02 1.873482799984230240e+01
1.245855540380077997e+02 -2.880539426468693165e+01
1.030677367241717661e+02 3.257967843111638473e+01
1.003112547383903177e+02 3.529455943098241733e+00
1.930959898706733213e+02 -7.916800806399032275e+00
8.561416819328157146e+01 -1.395311177407397452e+01
1.457982374485297328e+02 -5.003477540065930640e+01
1.918589473694200365e+02 3.968964748387129760e+00
-4.213778317939478057e+01 -4.083556938767401334e+00
1.534803319467814049e+02 1.622181925305875083e+01
8.632258131453300010e+00 -6.772001677894247962e+01
1.232685996533774500e+02 -6.330481044785985389e+00
-4.173609225896097996e+01 1.181700247744702637e+01
7.904064411585247640e+00 -1.528528396474768236e+01
1.718431827772246265e+02 -2.953892885482481412e-01
1.005006943625649853e+02 -8.400871025642882017e-01
2.145021775404820517e+02 -3.057976675770957886e+00
9.390253736049976396e+01 9.080296376037093609e+00
1.188964732164165810e+02 5.600726170344737298e+00
-4.544681406186546013e+01 2.007341244309477091e+01
-1.038600484637787780e+01 -2.325669687000689656e+00
6.163172320659545278e+01 -1.758233759501050386e+01
1.816902526599520797e+02 -1.950041638709178216e+01
1.128000537202667459e+02 2.407268669832997077e+01
-2.313023251777880773e+01 3.471107772335067665e+01
1.371029884105016095e+02 2.990813902166347660e+01
1.830603074319161010e+02 5.125283723925677659e-01
1.048400182290186677e+02 1.847107494472767542e+01
1.105943197246043326e+02 -1.824329948848238203e+01
4.286527848405346930e+01 1.543661010593547012e+01
9.543671711966108262e+01 -1.558497051490225882e+00
8.573490399695826625e+01 2.970018125739779080e+01
6.765757930541931842e+01 2.244727761667345334e+01
4.671027667936103711e+01 6.299808671740134258e+00
5.761663935230392752e+01 -1.401525884666725119e+01
1.518037522184549744e+02 3.863420830842859033e+00
1.036741859127361778e+02 2.342791029381429269e+01
1.121566055361874135e+02 5.209332670319906100e+01
1.115298909621964754e+02 1.438927548638448961e+01
1.212396084226885904e+02 2.676824758932167647e+00
6.199026143357986740e+01 -4.964141032435925638e+01
7.580065899964421305e+01 5.230093805821288411e-02
1.776901145380695368e+02 2.211617045377021640e+01
3.536581492338620336e+01 1.445769453346653677e+01
1.280543832563349724e+02 2.849683761853047770e+01
1.570358597951193360e+02 4.826616807103890494e+01
-1.208473216431488240e+01 3.733315383963061862e+01
3.233452901821851100e+01 -5.088679390150187665e+00
1.190218241577436636e-01 -4.471999036121491855e+01
1.783254368547838737e+02 4.962215962084304977e+01
-8.560841595771775303e+01 -6.018440979138650171e+00
1.379676203589474142e+02 -1.158177447202063837e+00
1.018511077949404466e+02 2.505944999805705109e+01
-4.870318678749110575e+01 -3.974346763232539548e+00
-1.631287629336888401e+01 9.465509242992597549e+00
1.642297165206679210e+01 9.210528614328797659e+00
5.368672166759807851e+01 1.314906269077044554e+00
1.466924560195583354e+02 2.243892768505547153e+01
3.805514017781221270e+01 -5.209150530346690289e+00
1.078832130881554860e+02 -1.434190209360029300e+01
1.199607091459276234e+02 1.890190663155396322e+01
-8.492237262330067438e+01 8.867575119669780292e+00
2.686951390576940213e+01 1.252080195857085698e+01
1.527569171871426192e+02 4.512316947455097704e+01
1.555020226496830844e+02 -1.972341766490919923e+01
1.007460690184289831e+02 1.055686893405907334e+01
1.331541567898835297e+02 -7.918399545880597579e+00
1.449635785685061364e+02 4.241048801019683623e+00
-3.473560828085647501e+01 5.231937470878023078e-01
1.254206805926569785e+02 -1.680209804742651514e+01
1.559745251834984288e+02 -2.168473837973661134e+01
2.389956163343327233e+01 -6.588607233559215182e+00
6.497874352324708980e+01 3.440397603171328367e+00
7.970073744567280016e+01 -2.306842860708439247e+01
1.748990288384190421e+02 7.005407849677647292e-01
2.080811945296609622e+02 1.170376354165249388e+01
1.719214534507627832e+02 5.632188895038754417e+00
-8.161210400083805894e+01 -6.666916124810312283e+01
1.418356430437176527e+02 1.711053842821598892e+01
1.406427393124987191e+02 4.020885820425256441e+01
6.818561915471687485e+01 2.537905261412526148e+00
6.833549089601920912e+01 -2.500765076734983694e+01
8.069784748614260650e+01 -4.109855671694773349e+01
9.064268140180213607e+01 -1.404124991057054039e+01
9.935192273403865215e+01 -1.315453549482057483e+01
1.800640535404275511e+02 -1.841470120233351437e+01
6.363691014835000459e+01 -1.111985323362411116e+01
1.723472361220056257e+02 2.636062149991495129e+00
5.559829188595243465e+01 1.252579110325540945e+01
9.617566023682019249e+01 -2.461415372535414292e+01
1.105311640747169690e+02 -3.417615078875412848e+01
-5.103526467667112598e+01 -8.271383488664896788e+01
1.233755425178544982e+02 -1.980595619511123218e+01
1.841978567478678599e+02 1.527815813584653881e+01
7.931699029124723666e+01 -5.433638198561308030e-01
1.729978384666359048e+01 5.502286318217312067e-01
1.850757271715147283e+02 1.604924684197101925e+01
4.361414450182478930e+01 2.614475559307115304e+01
3.017299065906042443e+01 3.528734663931343718e+00
2.420971384343705424e+01 8.010666370680397108e+01
1.186172519893359691e+02 1.232821646768038804e+01
-2.162104443839766077e+01 -2.363724498720568334e+01
1.058364033567058016e+02 7.624260873116682546e+01
1.410672244896560024e+01 -2.346265810560142739e+01
5.606275521798158934e+01 5.631473959979174992e+00
1.779946799417665559e+01 3.855140641531642132e+01
8.900918760405282626e+01 -3.812655849442381140e+01
1.065214183597532980e+02 -1.589105170826110047e+01
1.151093428264812530e+02 7.657050003415799111e+00
6.603861442954337235e+01 5.638540823262589541e+00
1.532220563453276441e+02 -4.918024431727909729e+01
8.176205602340384360e+01 7.730539831877910828e+00
3.588643065342330374e+01 3.397406557671180849e+01
1.722306073615932931e+01 -1.862848675677040333e+01
8.929029966372135618e+01 1.956033737827971208e+01
1.065413450995985869e+02 8.671748036570670948e+00
9.969771147893565910e+01 2.596527714803557174e+01
1.245383966388164936e+02 2.020836948474382311e+01
3.332600130532487270e+01 -1.493784382751357276e+00
1.478000904842371312e+02 -8.010258463428611364e+00
-1.433318425067734125e+01 1.971106119462415762e-01
1.207684462958804943e+02 1.443844256320362973e+01
2.157280039857743930e+02 -3.505675127143560221e+00
1.831767534035850247e+02 -2.855932851092437375e+01
9.267405897157800609e+01 8.581017798912212058e+00
6.622417107338928588e+01 -2.739026157976960363e+01
8.195281842955172635e+01 -4.021123275992788848e+00
1.663887103278752306e+02 1.769940158646430461e+01
1.518485330194904748e+02 -4.814103686007221938e+00
3.026646726296030110e+01 -1.799482681548911955e+01
1.086231354799404016e+02 1.578938914969010909e+01
6.423319563523166664e+01 3.542321251011431116e+01
2.783814437576078049e+01 3.039673121083021456e+00
8.609655797721217141e+01 -1.955696856996490141e+01
-1.220792671277048846e+01 2.401248566344452584e+01
2.681756918254918887e+01 -8.847831192301191194e+00
1.239956422226272821e+02 -2.373789523908354582e+01
3.005538053442414537e+01 7.818773267065170174e+00
-1.257247263069840670e+01 3.911158917515491140e+01
1.110844009646261554e+01 -1.779375807282670863e+01
