8.432023458976510710e+01 -1.278172626435732706e+00
9.822632648381924980e+01 3.999513153363520956e+01
9.005636649288935303e+01 -3.045074275600568314e-01
4.047734929329931930e+01 -1.424449147563437634e+01
1.377494299277384187e+02 1.879728709585501756e+00
9.429916583304625988e+01 3.697750229484888962e+01
-6.259310182222102270e+01 3.817297094754382414e+01
1.238325509068012593e+02 1.400677175776937844e+01
9.101148261457151278e+00 3.134301441030995505e+01
1.114809594917273898e+02 -2.350701762667933892e+01
7.059093239084653248e+01 -6.847365114501387495e+01
-4.256981799815506662e+01 4.575295073913422783e+01
1.333566101482207955e+02 -1.897738320438404713e+01
1.651957710971435915e+02 1.388442045898235833e+01
1.614866794069999116e+02 -7.766080055702470730e+00
7.969029313973061335e+01 -2.686594249421195357e+01
9.935702829348439025e+01 -1.203985663994298250e+01
4.623049838482533147e+01 3.516876196658581932e+01
2.226825374662890056e+02 -7.079555655795189972e-01
6.561920491114328513e+01 3.325953746261580335e+01
8.662766475616932382e+01 -2.425646315194408587e+01
-4.749411030981050175e+01 1.267976726957323486e+01
-2.826340895271145826e+01 -1.038979194425443531e+01
2.239310487918957548e+01 5.410943763170547527e+01
5.789847778918516497e+01 5.676031351400697922e+00
1.669725265318539584e+02 4.752508336921514420e+00
4.570299329293271029e+01 1.188276683822770075e+01
-5.243342410881572491e+00 -3.457325148903013456e+01
5.916533221711286927e+01 -9.913657342186699850e+01
4.470197576565933417e+01 2.615498737905254600e+01
4.114119162008734953e+00 -4.335721583457732464e+01
1.776222149166372049e+02 1.306647487161608190e+01
1.181246350201027262e+01 2.204096850266378738e+01
1.001510767871284315e+02 -1.744467728603684620e+01
3.298744956646376458e+00 -8.195407716794090192e+00
1.104328554512852207e+02 -6.124794566382634642e+00
1.829222336920860812e+02 9.216234583395095825e+00
1.850343907984958491e+02 4.480404169666437397e+00
1.148791688846849723e+02 2.456091919335991136e+01
1.102137539862940372e+02 2.641676812229394322e+00
1.055372448870567439e+02 5.547121134465255921e+01
8.924579126638731452e+01 4.261805172277360043e+01
2.970743452614475544e+01 4.515975000800780492e+01
1.139323191199911349e+02 -2.650531595235446503e+01
-2.130678821852442173e+00 -1.888460183800768277e+01
1.320285434581552053e+01 4.250679461425355576e+00
7.264389436706865411e+01 -8.809815863502763467e-01
-3.233101415806962109e+01 1.352453342812222026e+01
6.268423383286225459e+01 7.162212634665868904e+01
2.413269369313248447e+01 -2.780966974276827486e+01
9.802961710245605786e+01 -1.914813105520852332e+01
-4.926480185938369516e+01 5.307446068267390160e+01
6.457338312512256095e+01 1.244728121415612421e+01
1.245586881332901044e+02 -4.617821972199172897e+00
1.534562940695064412e+02 -6.219686028097952857e+01
2.335695577148979041e+01 6.545380739076459564e-01
2.451147112016618479e+01 2.552364181032372170e-01
7.361087354764531199e+01 6.122901997393183748e+00
1.098924992225155535e+02 1.373055865775313578e+01
1.121514457326029941e+02 4.019626382845569168e+01
1.310942929884132013e+02 -4.199930330650585120e+01
8.914689259510005570e+01 2.475372630264281426e+01
8.902867345548511935e+01 1.731521631697088992e+01
1.372801229344695528e+01 -2.519788850703524830e+01
1.314529366860375319e+02 2.404148099361340130e+01
4.811582634403448822e+01 8.890241160228235628e+00
2.493063427422437073e+01 -1.419173691019084238e+01
2.155302998994024577e+01 -1.059512668301881355e+01
2.032991844917017943e+01 -2.906198766035079473e+01
1.192156256525563407e+02 -1.805561639096772808e+00
9.956713436717834043e+01 -2.155405167601147642e+00
1.517621754204613751e+02 -2.027066062149071257e+01
4.647694807348034374e+01 6.155632144515427839e+00
6.166556741792699370e+01 2.498385007920299472e+01
1.196107302182683725e+02 -4.712608505904481326e+00
1.584134995688016545e+02 5.687980826482843533e+00
-9.695654403905752616e+00 3.796073642326265940e+01
5.294624398124988573e+01 3.432162711031725877e+01
-3.454077557276978183e+01 4.931404621962861512e+01
1.085526967785380918e+02 6.399356631651810901e+00
9.716890221398270455e+01 7.843948486648995022e+00
3.665143873452597489e+01 -4.869639945670481751e+01
1.406542905894293085e+02 -3.622890163026020360e+01
8.131102864795580842e+01 1.314694165420095118e+01
-4.120235571132108987e+01 2.269326350172928031e+01
3.355854505809476862e-01 1.803553806403772342e+01
1.031011934754417325e+02 -3.630239123278401081e+01
3.876047443779234669e+01 -4.131487570015254107e+01
2.938001975123579257e+01 1.290702247638258271e+01
5.687567717533418232e+01 4.092168552211157362e+01
1.632389700213467165e+01 2.508464868453609498e+00
7.592690788335694663e+01 3.914599208251507090e+00
1.080590171184780104e+02 9.452176604397719117e+00
-1.142021225579023813e+01 6.009132306400109869e+00
1.036337650316509524e+02 2.377765995293879087e+01
-4.704337466957834124e+01 -6.948531696179890105e+01
1.405733920207908625e+02 1.340919379349527674e+01
1.176308858852447230e+02 6.400926806710560868e+01
1.243938828794258313e+02 4.571347412799364207e+01
5.428487592902678216e+01 -2.211241101900882633e+00
7.827847480312878758e+01 1.220766712928008957e+01
9.980506522745619691e+01 1.183658544555538583e+01
8.740666753338426531e+01 2.896575393579550806e+01
3.948858911500810365e+01 -1.457583004318398245e+01
1.643557640192712199e+02 -1.994709844127492460e+01
8.937907597097627388e+01 -4.589168725366008950e+00
9.403756944531657780e+01 -3.072749116688037319e+01
1.306621244902652563e+02 9.874803189430060302e-01
1.364702307631481517e+02 6.561587522093789815e+00
1.987335719130960854e+02 -1.107084346984958945e+00
7.930819490985231823e+01 -5.263851931463914724e+01
1.167619748759990728e+02 -2.243291774861440047e+01
1.018447937157782803e+02 9.358751456688418457e+00
3.664008255176157292e+01 1.397960654162526950e+01
7.501767762180757870e+01 -2.076660140362214524e-01
9.094905542603203230e+01 3.859561457674849549e+01
1.065792297012516912e+02 -1.397631352431071861e+01
6.009373210155517597e+01 8.947048437146287725e+00
1.103525171843049293e+02 -5.559543901088126461e+00
7.444414226802317103e+01 -1.157826940150102679e+00
-7.074958554449253256e+01 1.056127218264903789e+01
1.901189036909921413e+02 -2.454063023892994266e+01
5.242196823946868989e+01 9.875217109930764181e+00
1.351397156958572339e+02 -2.551374949356160471e+01
4.600587593519423280e+01 5.625313904521689068e+01
9.902019160724265134e+01 1.727392007882878389e+01
1.969195918938509635e+02 1.090093264020928876e+00
1.574593406775146320e+02 1.848375488272713341e+01
-2.864080398781114312e+01 -2.654518116517981596e+01
1.239516228957262030e+02 -4.766065123445368101e+01
1.110950980232972398e+02 -6.936316065000097453e+00
-2.488444481282035881e+01 -2.111131188037048911e+00
9.503169377005977481e+01 1.498733399250647302e+01
2.027833229328430242e+00 -1.777023726915690771e-01
-5.076489698638896186e+01 1.115595419330694149e+01
2.660670490095472474e+01 -3.571701706691406031e+01
4.379301250358275155e+01 4.151799939476923385e+01
6.564363367973666641e+01 -5.445808726965587709e+00
5.229233122665297628e+01 -2.737955723420598630e+01
7.007003681399751827e+01 -5.577138127365944165e+00
5.258867127093016336e+01 -5.254378744986515670e+01
1.323505902547055655e+02 -3.225365451555397556e+01
1.728684748006007794e+02 -1.545883614102796244e+01
-2.858777374938913951e+01 2.559523653666062160e+01
3.992112127599571636e+01 -4.121921363714579911e+01
1.435624030649485974e+02 2.469473534350584387e+01
7.359338180773565341e+01 -1.763734621867773811e+01
9.007802518291728688e+01 -2.072835884223692204e+01
4.781959805926391027e+00 1.944574694567220163e+01
8.563445201046397415e+01 -3.957163353861180610e+01
-2.423236984790531512e+00 1.712398166655290765e+01
1.129110772251073200e+02 -8.444955780667021017e+00
7.444805118071585071e+01 -1.997464624033354141e+01
2.124955713600087392e+01 5.046412080458164695e+01
1.618089217241979938e+01 -5.759673734535153500e+01
1.468277467843098236e+02 4.328382930456453614e+00
2.781752951187455025e+01 3.476684326872361908e+01
1.527640388381624064e+02 -2.611126787969417151e+01
1.224582120471252153e+02 -2.978188356328048769e+01
1.550331846863760177e+02 7.975641357917440111e+00
2.590510580049986356e+00 1.115839950770781996e+01
4.056886745576201037e+01 1.704675282665447611e+01
6.411707715180743605e+01 -5.922417408880526324e+01
1.659688463304019024e+02 6.941254712785952741e+00
5.884393506117203287e+01 7.363297131506737481e-01
1.269024977910615206e+02 -2.431825064384613810e+01
-5.477674602928628644e+01 -9.485400468995585754e+00
5.188194057709003104e+00 1.985895537045256987e+01
-5.933619606885213216e+01 -1.161519978115806850e+01
-3.711280176399761643e+01 1.707214248861592054e+01
1.602056999150609045e+02 2.145444303286780041e+00
2.113446776177219419e+02 -3.567524122029384515e+00
4.305027852187166815e+01 1.902085150212577958e+01
-8.747818191522596010e+01 5.541149747115035495e+00
-4.277076701391084157e+01 -4.078095813371722755e+01
1.767275905522168671e+02 3.191001032046655528e+00
-8.174346578095182281e+00 2.263041872975161350e+00
1.006914916429357447e+02 -3.160918514274261426e+01
1.208298229094418730e+02 9.054704240813395977e-01
1.271628392142280433e+02 -1.308934688444423777e+01
1.081846941761846921e+02 -1.696877885502752292e+01
4.022304989413098752e+01 1.845633556916414975e+01
1.297146222708477694e+02 1.618231355505266222e+01
7.201722283147663006e+01 2.626481556212300728e+00
-2.067469321186326781e+01 -2.984692619252200529e+01
3.536540616191535236e+01 -2.132930033968826855e+00
7.657951489604541528e+00 1.079129441463577450e+02
1.663800531130739557e+02 2.863534117312762817e+01
1.440652124338548106e+02 3.703591955316333895e+01
1.144714635013470883e+02 -2.732059782728293484e+01
-5.080996882020021843e+01 -6.091506749258372366e+01
-2.375122925492536297e+01 3.163564652739710326e+00
7.029428966269914980e+00 2.016479228475463614e+01
1.343991288263991635e+02 -2.094156146402283269e+01
9.797643251918718477e+01 -9.109181247118501190e+00
5.697314955101326461e+01 -1.218345007266883506e+01
8.744106174709428103e+01 1.727429926215194556e+01
2.394249390803782163e+01 -1.617858240530187430e+01
1.836684939615438168e+02 6.136202679624406242e-01
9.750584273500820132e+01 2.668224479900608870e+01
5.428683877613319453e+01 1.841793643672242098e+01
5.650161474882781931e+01 -9.498043036318751575e+00
1.862749385647059910e+02 1.630637933435565401e+01
1.696473122479577853e+02 -2.083382403388736392e+01
4.731623970501936327e+01 1.315580431987050680e+01
5.960907642447825339e+01 5.203402732733766811e+01
3.119278959398766204e+01 -3.089650227383955539e+01
1.470463393440294340e+02 -1.740875097449988473e+01
1.071284448843948667e+01 9.561953771683596059e+00
1.547088358847620668e+02 1.253463502973808197e+01
1.278077110682648652e+02 -2.832713609580843794e+01
7.205983808511088284e+01 -6.103499440106325125e+01
8.340693557256145141e+01 4.642253360279481456e+01
2.274216712772989535e+00 -1.492047862363598476e+01
4.856121648236120336e+01 -2.739227998532135899e+01
9.884868757260272787e+01 1.678275708860063986e+01
-2.221661060218687567e+01 1.506713653911319817e+01
1.466765590797004677e+02 1.558075198457721200e+01
3.474920723253647203e+00 5.905122696309161512e+01
1.248658876147412968e+02 -1.994061474310453619e+01
-7.092729873132901375e+00 1.512064544818967882e+01
-8.862253947482942351e+01 4.954299194664465489e+01
1.423888159823796151e+01 1.902836146269740070e+01
1.112975113741258468e+02 -2.038124849690190032e+01
-9.574915916218797918e+01 2.309272444946853753e+01
6.626750459549585059e+01 1.077702081755889552e+01
8.189115443438868169e+01 3.249144405026348181e+01
-3.621028853065178854e+00 7.199786500734130179e+00
1.709555547500766011e+02 -4.213009940886067284e+00
1.094780479051721187e+02 4.675376484298656710e-01
-2.800246653694841470e+01 7.128168950885816813e+00
4.913114732307502663e+01 6.199729211532945428e+00
-8.315662101553812136e+00 2.557948803627939682e+01
1.785953061400652757e+02 -5.901306136143364967e+00
8.796659820501855620e+01 7.914488142514529700e-01
1.917385762418538775e+01 5.142217372835769851e+00
7.910596847771320483e+01 1.465135819469038303e+01
-6.548139612514739838e+01 8.077932661518007151e+00
1.468676819546721219e+02 2.054672852110720171e+01
1.622890332570388239e+02 5.970355095033182735e+00
1.234777352922243381e+02 -3.001236237568434007e+01
1.458330017099084159e+02 3.023583309459132096e+01
2.883824716798580212e+01 -3.557358905160447904e+01
1.491420637006046661e+02 1.207876380751211620e+01
9.768565896384032499e+01 -9.942771950834901062e-01
1.401934294852851508e+02 5.498807598481222669e+01
1.564095312191303577e+01 -4.014573504010683358e+00
2.086580581416205007e+02 2.167268471732466395e+01
-7.456428375311813284e+01 1.644415368227978291e+01
5.414909131434379219e+01 -1.365210959598863205e+01
1.332409343822843368e+02 -8.390013907108244240e+00
3.539396275611113651e+01 3.946139814856094574e+01
1.196689402150980044e+02 2.522840888300972750e+00
7.189600765785942826e+01 1.420080717680928117e+01
1.666788479399530942e+01 9.570460094325770228e+01
6.519629292905543139e+01 -9.293168019513183609e+00
1.277011148553394122e+02 3.040041277533619279e+01
2.180762114835550936e+00 2.597707055023430200e+01
2.941140848538489294e+01 2.479075568988202605e+01
8.125706353144821037e+01 -1.470570724687311426e+00
4.942584355759743886e+01 2.731171886330625043e+01
4.134582995898876590e+01 5.681199396379817301e+00
-3.560741308810247574e+01 7.456036083471152764e+00
-1.442521498828519633e+01 1.998899928308692608e+01
3.188942861053397948e+01 3.350867786782617763e+00
-1.339237794363788403e+01 2.465603347727103412e+01
1.445051010082460152e+02 -8.802200253877714431e+00
3.288600361363383229e+01 1.106155757994691591e+01
2.669932665756153156e+01 -3.487759348989670372e+01
1.355459176411507372e+02 1.964373416767898206e+01
4.226141600602157666e+01 1.090261893085983047e+01
1.031419435140189620e+02 -8.421985916015742646e+00
1.602606303258161518e+02 -2.064621604510497832e+01
-2.113274765955688306e+00 3.608790283404187704e+01
1.395484016783053391e+02 -5.055644198646296417e+01
9.327527258529019605e+01 4.682242888053516072e-01
6.297164087760372553e+01 4.301179637381112286e+01
1.837928821896964493e+01 1.070534901307184583e+01
1.174437546076335792e+02 -8.685712276255355135e+00
7.845172071397442437e+01 -3.300698964997307172e+01
-6.028281184828479411e+01 -4.997381579111530669e+01
1.459259746679877310e+02 -2.420682856302856845e+00
1.232650623512405552e+01 2.962997875507489720e+00
3.578185248746736846e+01 -7.140658379174733739e+01
1.445210340102524640e+02 -1.477205933097333612e-01
-1.926301971138247637e+01 -2.357250436174637898e+01
1.100704232227473511e+01 -2.661329651071075375e+01
1.659040025060171217e+02 3.366374134908133442e+01
-5.539127252501769050e+01 -4.848650096131374987e-01
-9.271134286810220715e+01 -4.018225170385413492e+01
-6.334682599678946247e+01 -4.185782233487579873e+01
9.762001804580486919e+01 3.479677127015162075e+00
6.811445943212636678e+01 1.550922826867721938e+01
-7.261465787615417611e+00 1.896902313700410048e+01
9.055231117616720837e+01 9.601758498261375507e+00
1.006373641193031432e+02 4.170021943557819100e+01
5.837248982167847089e+01 -2.681111368416750551e+01
8.054083742173573057e+01 -8.300765257496603766e+00
1.468815454454805831e+02 -5.619461571012573131e+01
1.891077675637077249e+01 4.322164755789859925e+00
6.917988455409581405e+00 -1.991563168682043283e+01
-6.569331348205906806e+00 -1.134660701708987496e+01
1.181384113445129600e+02 2.767792825544765023e+01
-6.440436368344700790e-01 2.302577365743646354e+01
1.247643889591460775e+00 1.961338231124300080e+01
1.366114933775828888e+02 5.378255563072272816e-01
-1.583818501097597142e+01 2.438769104634242169e+01
2.656788600037780057e+01 1.158201679146343821e+01
7.662112934348742499e+01 -9.576245550895277958e+00
4.008475858978548700e+01 -2.855803523050160919e+01
7.312773076492538848e+01 2.808058653560226148e+01
1.541007035384440940e+02 1.190056364042164105e+01
-1.172250778225506309e+02 -3.850390824395174860e+01
4.110807403295161322e+01 -9.026562487442024718e+00
-2.911287313833471657e+01 2.035207789245484733e+01
-3.049680793932527223e+00 -2.882239957626401150e+01
-1.058031619957567671e+01 2.728639989981109437e+01
5.582555024067085725e+01 2.655943474492580947e+01
5.823859591069774666e+01 -7.334147661803104512e+00
1.623737031523587575e+02 -1.802069190539816645e+01
9.645426294890400243e+01 3.502405508054199856e+01
1.125803166135543449e+02 1.750763310687164065e+01
-1.191260276306583954e+01 -8.923832779591246434e-01
1.447741655658460331e+02 -2.529422035275423042e+01
8.845248945898833881e+01 -5.860263415601233206e+00
7.976702079978488769e+01 -3.778932953820078655e+00
1.143835246324828603e+02 3.736820406753155055e+01
1.356111909780917131e+02 4.013130476935732105e+01
1.374189689239121037e+02 -4.561975142859212573e-01
6.289576693763956428e+01 -7.376963314606497590e+01
2.728558757935851986e+01 -1.713759169092219992e+01
1.585687219516383983e+01 2.830163110713714403e+01
7.698063892120306662e+01 -6.905287047698719505e+01
-6.812594690875857850e+01 2.771532833943477669e+01
1.128490420508018843e+02 4.992436832499205224e+00
9.568286075213510600e+00 1.689722756542130666e+00
2.682294811477915886e+01 -1.588298998175492827e+01
9.655252593747935208e+00 -3.464573774221072711e+01
-1.187544397765998383e+01 -3.522935083282543189e+01
-6.096977314893873512e+01 7.523592741389757421e+00
1.859112445620527581e+02 1.038633536141938940e+01
1.671908120683860943e+02 1.853449344917868302e+01
1.773540567346117669e+01 1.157315111835388421e+01
9.158219773193651747e+01 4.835067636587791817e+00
2.008953408461707966e+02 -7.603074595602732799e+00
7.952776277292693408e+01 3.231414504442090330e+00
6.186842274162564337e+01 -2.213639421849866906e+01
7.333645821221443839e+01 8.231216000631706997e-01
7.268414467998141504e+01 2.372423442473693811e+01
-1.130084332415596293e+01 2.214906006365564650e+01
7.717841620771943667e+01 -2.943484101160559163e+01
1.614424127655662176e+02 2.969062935399963354e+00
2.014924876917449126e+01 -1.520524779331032406e+01
1.742713908319860252e+02 -4.137126147243796481e+01
-5.427248146481441493e-01 1.621926122969578898e+01
1.500381024262150333e+02 -1.497630891912668893e+01
1.047268647345634491e+02 1.668251738966136699e+01
1.047047596875345334e+02 5.473010119516138872e+01
1.872214438731791688e+02 -2.174517582621688039e+00
2.468692907739301745e+01 1.358257150410731029e-01
-1.998049544233463148e+00 6.468612431168025978e+01
5.245004342645118101e+01 -3.473973456128211978e+01
1.560391659019860811e+02 1.300531191058892411e+01
1.566966504620074829e+02 3.063923883482019050e+01
5.714659018594719697e+00 -2.110080688054744513e+01
1.072245140708734681e+02 -3.152326495306415666e+01
1.231598838377119449e+02 -2.398374247863222308e+01
3.979861273513038533e+00 8.274907681218189737e+01
1.972996507566614071e+02 -5.959522808153684181e+00
2.682269458624854863e+01 -6.228286677710103802e+00
1.414445769779378850e+02 -1.511460822682223260e+00
1.185352562149735434e+02 -1.843713529630638703e+01
1.027606342852869119e+02 1.955305078218472303e+01
-1.456639405235211200e+02 -4.985097272304591343e+01
-1.919556462595477626e+02 2.129131808267598291e+00
1.001297725981838767e+02 -1.715440127265741310e+01
8.630893636720118423e+01 1.593808526146677096e+01
1.234062510272926829e+02 -1.403130650867102780e+01
-1.325358938409026344e+01 3.856940247402437461e+00
1.041562483641669417e+02 1.361589629479500374e+01
6.218292461296870499e+01 -6.728316952983234955e+00
-7.732310640865538431e+00 3.919708271224693164e+01
4.499805157910666509e+01 1.340053971229315799e+01
-2.640419096944154020e+01 -2.130229427028024869e+00
2.297567721060735835e+01 3.758886546649615923e+01
5.646388704071429743e+01 5.815238556930360403e+01
-1.135674468025256267e+01 4.209423092135113365e+01
4.415207674872493016e+01 2.383789384879380790e+01
3.901383266233254687e+01 1.401178564200325916e+01
1.671502697490024616e+02 1.641075334363963734e+01
1.156243304701022652e+02 7.256938864940079270e+01
-8.140884084689744782e+01 1.184575684937895090e+01
8.997665626977780562e+01 8.406416108470583737e+00
1.456321166924723798e+02 -3.143456605476098176e+01
7.684298152000316406e+01 -1.907107241205656933e+01
8.525431960006150689e+01 2.591223034912326284e+01
2.985634097514958896e+01 -7.982332844338868938e+01
1.533983865362969254e+02 1.861460641539590100e+01
8.264211067245742015e+01 -3.590517373268302492e+01
6.880059892197927240e+01 -1.496157719319210955e+01
9.974279152413156169e+01 -1.230819789017560772e+01
1.133003973470597145e+02 3.258127811845314881e+01
2.916186519268162858e+00 1.656189916116451144e+01
-5.413236616288494218e+01 -3.003991579164241088e+01
4.604816876925459823e+00 -1.059633090430214253e+01
1.695501044285649073e+02 -1.320125587731296868e+01
1.827066489764298751e+02 -9.692926168182836477e+00
2.422527119074173996e+01 -4.636574224563037916e+01
9.703994131835855796e+01 9.612342016978974168e-01
3.802960810475242681e+01 -2.877129724159347202e+00
1.836878182342939283e+02 -8.675587179584309805e-01
4.380964923939941968e+01 3.981062286543903639e+01
3.962721593319008662e+01 1.811102156406515817e+01
8.496124581534033382e+01 -2.002046012093060767e+01
2.991216953979715854e+01 -2.947054617927521036e+01
7.742278065291208122e+01 -2.861213487003886158e+01
7.647488213071535768e+01 -1.542218451308336791e+00
1.695046949055173968e+02 -4.995445814473340107e+01
-5.939196844081643434e+01 -3.927557066329199387e+01
8.299145348772924535e+01 7.558086739466369330e+00
-5.231201810697476873e+01 -6.815305015786988463e+01
6.233408558198028260e+01 1.134340999609394807e+01
7.680659334397948612e+01 3.673322011881004556e+01
-6.223808927891961673e+01 2.284368061517596615e+01
7.280146837363135504e+00 6.327743264066063134e+00
-8.834878098497704890e-01 2.876746300289503466e+01
-1.947768280294936316e+00 -1.771654567120886270e+01
-3.673295404634623651e+01 -1.339015061199308754e+01
1.940658767513295047e+01 -2.736402953478939892e+01
6.587995147428544840e+01 1.074857678525805493e+00
5.093137232408064108e+01 3.459318213383695451e+01
9.368948386551640795e+01 9.800999351739388743e+00
-5.796728929334092228e+00 -9.788744420591509510e+00
1.125135674206089647e+02 -1.500275444183318996e+01
4.500767143372713264e+01 8.973736599023496296e+00
1.069679975109811352e+02 2.928121223427702091e+01
7.940958291987000450e+01 -6.656778139884967516e+01
1.927595070360204375e+02 -8.212472704568785531e+00
5.157659978925197208e+01 1.706160113452693494e+01
8.141030604554732975e+01 6.124841808221133732e+01
6.167782006891916247e+00 1.362477628930686713e+01
7.715319497918565617e+01 -3.578247696356805108e+01
7.743648479197881329e+01 -1.057763080692454949e+01
1.356786572949440028e+02 -7.288827754801401326e+00
-8.879367454693041850e+01 1.028950758872354676e+01
-1.734826423574076770e+01 1.366921953417872793e+01
1.644207672537729081e+02 1.695383082574496214e+01
5.707269285680785487e+01 -5.832637259380248018e+00
1.178981044828399583e+01 -2.004964332749061384e+01
-5.812763796199737598e+00 9.891748948876594838e+00
1.174849670301624514e+02 -1.857331284771010971e+01
1.385969818674339251e+02 6.516136859383258262e+00
8.110525574159530038e+01 1.471078037130492078e+01
4.552563409684560014e+01 -1.122742070108601453e+01
7.401416382909910396e+01 -1.738481285253111608e+01
8.461042181413550622e+01 1.872148142558532058e+01
6.919690325107762874e+01 -7.091687113342415749e+00
9.859354724842138751e+01 -3.592162173026157745e+01
1.374727243708049116e+02 -5.873635567099116273e+00
1.307907566642386712e+02 -4.281609806156783549e+01
1.606799430279579326e+02 -1.740039125640025830e+01
-1.207014732836388582e+01 3.753163746785680388e+01
1.532561211260561507e+01 4.671602883021805752e+01
1.152672756050998686e+02 -3.219379102247687996e+01
1.183410468295723774e+02 -4.806838888671055798e+01
3.518954561436059691e+01 -2.584504412570754361e+00
-7.708597761345514243e+01 -3.315659234722101001e+00
7.338130737368597067e+01 -3.521237107265746857e+01
7.677993684722174805e+01 5.532950868061921490e+00
1.167892837567701179e+02 -4.397382787664740000e+00
5.729034471130259476e+01 -9.426017593992588317e+00
5.671291032832527224e-01 -2.640179793243695272e+01
-1.952400054066282564e+01 -1.653730421901956760e+01
1.399620022495953719e+02 -2.248382330312343669e+01
1.177980005065542457e+02 1.091151812771697038e+01
8.498771628610236917e+01 1.870650590828004667e+01
1.536600946585111842e+02 -3.539595950089132259e+01
1.612813773029732829e+02 -3.486840906827169562e+01
1.997506491644945186e+02 -8.731505102282122621e+00
9.148482683564482443e+01 -4.654702082791035878e+01
1.310806529118167134e+02 8.482970484329486638e+00
6.153819737608376528e+01 2.560577303135528737e+01
4.531136301465917171e+01 1.634464507909982656e+00
-2.680701083672079221e+01 4.934927149596682661e+00
1.428387974763431885e+02 9.704960476270260372e+00
3.652831468018337091e+01 9.283384193644104698e+01
-5.647036653470434686e+01 -3.694764852394153110e+01
-1.507302785976563975e+01 -1.780609593233682375e+01
-1.934695163195299727e+01 1.135973270590304551e+01
3.461352327309434429e+01 -2.244651098762658670e+00
1.025142433873437682e+02 -1.677994217279856670e+01
1.920616889868501289e+02 3.602222510426850821e+00
5.289734533493530932e+01 -9.546809980927831729e-01
4.192290750417445366e+00 -2.599185740190940841e+00
-1.784485628441050409e+01 1.919287592649187957e+01
1.378787389764349314e+02 2.403567825247753831e+01
3.124143643037706397e+01 1.714629801200029036e+01
8.627646357509448194e+01 -6.183135688007438624e+00
3.565719552387130165e+01 5.096684662514655884e+01
3.981457745766905987e+01 9.449447673699939543e+00
2.195669528889216338e+01 3.584635374188427193e+01
-7.532814546384936705e+01 -2.979600256616353349e+01
3.439985395681838298e+01 4.243301652334417895e+01
1.031971202182955381e+02 -4.808251467036858884e+01
-5.669600282094368282e+00 -3.118717857055932541e+01
1.115717504887687994e+02 -1.588708935284955359e+01
4.790254842640879929e+01 -4.526414061330189753e+01
1.307529694897135641e+02 9.330204077330110479e+00
1.525770916937368504e+01 8.703708592560764146e+01
8.529527830789696452e+01 -6.595516957810179548e+00
5.949093534143622719e+01 6.283219422865552417e+01
2.975878391680580037e+01 -2.366935858500876222e+01
3.652727573902920710e+01 3.207394441608627034e+01
1.824143962237641574e+02 8.371342969416808444e+00
3.182593176515536371e+01 -3.601700997085494294e+01
6.528884212324668113e+01 -5.915204104758973180e+00
1.245407486664159258e+01 3.539228798741832804e+01
1.177753114994064703e+02 3.906239407007158881e+00
7.150270418615014023e+01 -1.966454631285418841e+01
8.192948132652509230e+01 7.416885340931041348e+00
-1.588655453457606903e+01 1.036749476072295195e+01
1.944654341051176161e+01 2.243940755681538946e+01
-2.151255842928215145e+01 7.840270066077411393e+00
-5.470836002063977332e+01 -7.405758480440815639e+00
1.314421819726013574e+01 1.080009644830357773e+00
-5.363010163961160259e+01 -8.430866452745492623e+00
-1.200894616866004156e+02 -4.467641488043903486e+00
1.281347216387426897e+02 -2.977901160749767584e+01
7.991640069017503833e+01 5.081881162165576882e+01
3.268062535841301752e+01 2.329137704817400945e+01
1.143913967413769370e+02 4.589214117007149873e+00
1.193744864562247159e+02 1.767217885410529377e+01
1.834734531196657770e+02 1.573911227935149171e+01
2.185758000891173225e+01 1.236093703635904184e+01
2.620328832531555818e+01 1.785938615494216464e+01
1.852772863573987294e+01 -6.114359783829408812e+00
1.312065307766644651e+02 3.290533402245165462e+01
-1.942818260587067769e+01 1.314669502597504902e+01
-1.882106760420304283e+02 7.495877397576928836e+00
6.827652544279651181e+01 -2.872459710928583121e+01
1.179332705300641493e+02 5.223607060466223118e+01
1.137769130501456090e+02 2.672870851849347673e+01
5.226918261005401689e+01 -1.602004461730378537e+01
1.494127244694679177e+02 1.247454531367267805e+01
1.389479257866378816e+02 -1.112799776651369221e+01
1.008381256523384195e+02 -1.707794204686797102e+01
3.905030397453730728e+01 3.578803023450034715e+01
1.436600041194286064e+02 -1.083017662571815753e+00
5.091981071342465270e+01 2.310408224072750372e+01
-1.157285695854188248e+02 -1.808522567829148997e+01
2.811086270027858802e+01 3.969046455805703744e+01
-4.921232595030695478e+01 2.921614505040870213e+01
-3.557600953529326659e+01 3.259485229924171534e+01
-1.786740273174669724e+01 -4.243011592488038985e+01
9.261517362292973132e+01 1.602079711660027073e+01
9.485925808944880089e+01 2.234330055850038832e+01
9.384120737923490196e+01 -1.297482240120763208e+01
1.117120681018757864e+02 -3.084873845186706376e+01
8.314967456942962087e+01 -2.395472508944925139e+01
1.907532525085960344e+02 5.774891457208800816e+00
1.222678748866449538e+01 -5.282800021583059902e+01
1.546650372743388573e+02 4.298651394303081474e+01
9.812957345221109051e+01 8.545159448175185801e+00
4.445522206185071212e+01 -4.013883129334347188e+01
1.654361618575786110e+02 8.733511862634054879e+00
1.269879037424958668e+01 -2.044552157768332989e+00
1.255999820773650129e+02 -3.726572297276250278e+00
4.133593272795486229e+01 1.080577422056893333e+00
2.492299275970216854e+01 -6.899482407684307539e+00
-1.075734453294292159e+01 -3.094054159534350745e+01
1.856839861596812682e+02 1.147210602473656493e+01
2.015594003854894467e+01 -4.694233748693821440e+01
4.585075395911777463e+01 -1.694341833030537714e+01
2.331277572719540814e+01 3.690264954731532754e+01
6.615553530316553577e+01 -3.349148497716852546e+01
-1.322530030425655312e+01 -3.455161351664143865e+01
1.792721650345571405e+01 3.070193746419038661e+01
-3.302633812741166963e+01 2.302439803771456539e+01
3.361804244763838057e+01 5.454579315682344109e+00
1.076162584185571802e+02 -2.957121399996819378e+01
2.967014140605957451e+01 1.930018914990095880e+01
6.190358642991502336e+01 6.457297666053743512e+01
9.078486082151478342e+01 5.198533753109747835e+01
1.292578284898910965e+02 2.720676784920822655e+01
1.590654825538485682e+02 -7.723904997694005736e+00
3.467970673265375581e+01 -2.283918803436270650e+01
1.622491873936147613e+02 2.046739895494311412e+01
-1.200367479632912193e+02 1.096187634752671336e+01
7.126393852316036259e+01 -1.807732485321693261e+01
-1.191123183152913043e+02 2.734800459891570945e+00
5.152200082970769301e+01 6.668060323655131683e+00
1.763765517419416824e+02 -1.118712878859031146e-01
1.494805318397918938e+02 -5.090100491979602459e+00
6.634381741291910828e+01 4.565365274808635299e+00
2.989833446370070646e+01 1.417343879206289259e+01
1.145708494980393368e+02 3.002561478518133242e+01
1.041598223960419460e+02 -1.129292949156307380e+01
6.029883286067020265e+01 2.922792424238029696e+01
4.633967301935025063e+01 3.741147054048784071e+01
-7.851006801559881865e+01 4.901354609703592047e+01
5.852619074765689433e+00 -2.892290828494946009e+00
1.950893244300643303e+01 -3.005280489306494829e+00
1.729512431720754080e+02 1.291651585971241012e+01
-4.428639641438818586e+01 5.370712349152834975e+01
2.564382303230641824e+01 3.973812930571145330e+01
8.548083037187637956e+01 -1.863290131192097121e+01
3.549353242247565987e+01 -1.020488151733382942e+01
-8.784472102417510087e+01 4.594587197473941131e+01
2.151009099755255605e+01 1.806522710193522130e+01
-6.557876324350997876e+00 2.759674880943725839e+01
-3.079118132104983729e+01 -3.852503169346692147e+01
-1.063141150328334277e+02 5.440019621751131851e+00
6.192929824849046838e+01 -4.074394758277013295e+01
4.039159741904136780e+01 2.495805946970313016e+01
2.995649615217235251e+01 3.613320483202716815e+01
1.062461238206588376e+02 -2.294736562298082561e+01
9.284954491895885553e+01 -3.804727433130377534e+00
-1.306533598206710423e+01 1.113167767894399862e+00
8.466147121340141268e+01 4.394215752057734647e+01
1.650174376891760346e+02 -1.966745995919253431e+01
-5.520667897259026624e+00 4.791839126037585572e+01
3.680196585485377625e+01 -3.734762967642573983e+01
4.048035955845411138e+01 4.048117867953329352e+01
9.196021635306368580e+01 -9.008904437740330451e+00
-2.752218423884244558e+01 -4.379241228174412015e+01
9.418171656896284105e+01 9.383408313906105747e+00
1.071417345832046806e+02 -3.468298428742662765e+01
1.092228431281170629e+02 1.416973696510998693e+01
7.797032320790557947e+01 3.454884442190460447e+01
8.456209587677398076e+01 -3.886164707043052857e+01
7.337343122647432381e+01 5.906203353376040077e+00
-2.481593065873257942e+01 -3.715851673274541156e+01
1.503025865131173191e+02 3.235816229347130957e+01
7.260433750909945694e+00 1.234103535020613940e+01
-2.945112739942950242e+01 -3.001254009664874900e+01
8.887467636561866868e+01 -1.133974044404379633e+01
1.616909974284958480e+02 -1.372134535696336677e+01
-6.981411418319777340e+01 -1.304721899025077292e+01
-7.938689861269183723e+01 6.545979717911133200e+00
7.345915433815945050e+01 -8.367702526127461127e+00
6.510428581989705776e+01 -1.761592807276130301e+01
9.850273413880651674e+01 1.783716005076315980e+01
-2.129521013375314098e+01 6.422774075256291404e+00
4.743415521146534530e+01 -7.404275329527966854e+00
1.799814359399638164e+01 -9.275238514038248283e+00
1.025832549226403927e+02 1.851007887570526123e+01
2.097903336577014386e+02 1.478916384969098274e+01
2.345174883575855063e+01 5.322087018341093057e+01
4.173252273083536323e+01 6.109057872875363948e+00
8.516234538992647174e+01 4.419358468968677300e+01
4.405487888761590654e+01 2.286489571227902928e+01
2.295245915154459624e+02 -2.798831069878216482e+01
7.726752880818584579e+00 1.287898701307847560e+01
1.490074417994943587e+02 6.835815111238949804e+00
1.153291586980911454e+01 1.289860843637791454e+01
1.422490747772124848e+02 8.772631301868878850e+00
1.096509875693821527e+02 -1.689668951134012076e+01
-3.257932482806742058e+01 2.223837841133488524e+01
1.006001909330640984e+02 2.217884709044347957e+01
9.839396570883347692e+01 4.190878569082826033e+01
-4.793777382595806813e+01 8.666952527447323362e+00
1.483392686033914742e+02 1.110904472730437931e+01
-1.758788814220447705e+01 1.253667750012313142e+01
2.241013039288357689e+01 9.191431976622787658e+00
9.944360199034679226e+01 5.171696953215674597e+01
1.787144956632316166e+02 2.168371720917236090e+01
1.331386415146614581e+02 1.863846773868645457e+01
3.472275789499251175e+01 2.222842946710908762e+01
9.571268828143323049e+01 -1.323975468865902805e+01
-3.335226922412038419e+01 -4.939963754689000552e+01
3.322948252902909161e+01 -5.548623812134525224e+01
1.275757802610713867e+02 -3.843559572500011345e+00
1.131907474410082273e+02 2.079604969914249590e+00
-4.081063868186147658e+01 1.514795688860249889e+01
-5.415884770405116200e+01 -3.382847460013197605e+01
4.584118733679805757e+01 1.065594728064890084e+01
1.136311065703902443e+02 7.661318931162052870e+00
1.224819527416675840e+02 1.629133208318805970e+01
1.109359933067391921e+02 -2.721458361202669352e+01
8.687877362999161335e+01 -3.856150692366306476e+00
1.581831073566597468e+02 9.207544724738783160e+00
1.098731938452067283e+02 -1.781361093116009542e+01
6.064920027370318678e+01 -1.198378244875669907e+01
5.680649179651467051e+01 2.684542873971130206e+01
9.226956113189425324e+00 1.791049374771785452e+01
1.278571753432596410e+02 -1.356665579755404494e+01
9.183443978838226940e+01 -3.867158425517436626e+01
1.971047656260576844e+02 3.978406021565143558e+00
1.222896863510526799e+02 2.765383432948967624e+01
-1.213520274539318144e+01 4.144042871597918065e+01
1.496883310824564717e+02 -3.713127664779258819e+00
-2.739014253529576948e+01 2.247716770536193920e+01
8.812823662628893828e+00 3.376900346208140036e+01
1.735432447020344284e+02 -6.791430046265164222e+00
2.454562304135156126e+01 2.306577723101557353e+01
9.587908524168824442e+01 -3.152182418737924152e+00
9.819151005317590375e+01 -3.782540033868795604e+01
5.029985079929140568e+01 6.113262470579990548e+01
-2.354259110673308086e+01 -2.684867301385239102e+00
6.943444171710625312e+01 2.300674878754919916e+01
2.616547380037958348e+01 5.962080086205231666e+00
1.507545431747442990e+02 -3.477149509287289675e+01
1.029474110202758936e+02 7.190469869150807369e+01
-5.894783780129868944e+01 -4.981725081455905979e+01
1.257532950230302760e+02 3.089369456610675257e+01
3.493413070942685295e+01 -1.700196747028410371e+01
1.049905815853568072e+02 -6.600158941251960343e+00
1.071511546156243782e+02 -1.305298337250156315e+01
3.944985478403211232e+00 9.587364121399362560e+00
3.091379392468597942e+01 -2.047678211626148936e+01
-5.633401198491166895e+01 -8.240604575761160122e-01
1.498809935613122093e+02 7.173018925880207064e+00
1.107389815152531725e+02 -2.478481123339941661e+01
8.889078590540835023e+01 9.412296228134754017e+01
1.089173502590361409e+02 -1.272050423571584865e+01
2.891898621744338271e+01 4.590851229895834962e+01
1.646491531069547136e+02 2.439890516053135894e+00
2.178727964283448273e+02 6.384958158814677986e+00
1.272121316106995010e+02 -3.857378167142707870e+00
1.321217546731698462e+02 -3.826758084954390515e+00
-1.022643351848934756e+01 3.110403742456936271e+01
2.547138712145989814e+01 -7.814423656493720394e+00
4.341539502884123713e+00 -1.976629132057835037e+01
-6.059027727285072018e+01 -4.011794700746997933e+01
1.299706063368171840e+02 -2.017077616381366667e+01
3.322220179951219876e+01 -4.631475301656689680e+01
4.669728105331038392e+01 1.533661791831671373e+01
-2.943674256391963784e-01 -2.037327922942034419e+01
9.381621016514820610e+01 1.193557505382665918e+00
1.425635994994241287e+02 2.636762689817697947e+01
3.004344072249192976e+01 -6.399361980955643681e+00
4.890386183345172810e+01 4.158754985201340126e+00
1.022693604768370932e+02 -4.147210244985109284e+01
2.603456489169976251e+01 5.222436236039717983e+01
-2.814736006281138714e+01 2.005486430339383830e+01
-2.819910260929686885e+01 -1.155645867912741842e+01
1.074810061453828247e+01 -3.238462132181979314e+01
1.265488548783868907e+02 3.121739099020955877e+01
1.658627471912145666e+02 -3.027343581450208099e+00
1.046845712087354627e+02 -9.324712943357726047e+00
5.993866147835068148e+01 -5.999387843334436532e+00
9.170758020385255804e+01 8.108787758999637774e+00
7.879605012463979108e+01 -2.360582944928069082e+00
2.934731841923720452e+01 3.185613683415603603e+01
1.980883105478811146e+01 2.982941186965156888e+01
-8.346780957356469344e+01 3.041921294177437929e+01
9.811128141391594681e+01 -3.457682062043014781e+01
1.129582837141941809e+02 2.832952363223150982e+01
6.959250667239196275e+01 -1.462268580016879227e+01
1.561613735124227560e+02 -1.272964793871260092e+01
1.526570038650616539e+02 -5.118466653208055561e+01
-1.059053014716712369e+02 2.017889103980539556e+00
7.082691518569529876e+01 6.765854677470545475e+00
7.920161613942208589e+01 -7.059139407056062510e+01
5.851726547736451778e+01 -3.508873786435149356e+01
-1.108292289984745764e+02 -3.533730984489428240e-01
1.189274212350625533e+02 -2.767928881705287125e+01
1.156825832355745547e+02 -1.422447687420351059e+01
-9.175508867738845709e+01 4.022582183389101829e+01
6.485411327991029395e+01 -4.045259925274641688e+01
1.016114503052561986e+02 -2.283942111978150535e+01
7.680359576047489156e+01 2.606458864197318448e+01
1.870170843534268954e+02 -9.724969168290561683e+00
9.772534042024987855e+01 -1.930733122803340862e+01
1.037726346001940527e+02 -2.524018632027691211e+01
1.635452468828331973e+02 -4.161442125973049144e+01
3.661170961198508422e+01 -1.194766837574353602e+01
-5.063549080087165066e+01 6.829191693392015594e+00
4.499682420838258423e+01 6.901830192296385746e+01
1.194556745849039316e+02 -6.519778718226005410e+00
-4.662775158522167374e+01 -5.565143777384241730e+01
6.319974441869444348e+01 6.114374772733923180e+01
1.550153195620063400e+02 -1.274354422488173100e+01
1.201383638360156993e+02 4.044330930430422200e+01
-3.028596137901457297e+01 -2.967660411098701267e+00
1.113491578165304503e+02 3.504748536878052789e+01
1.528873939495903755e+02 8.200691652784714236e+00
9.617232110947480805e+01 -4.292980062550355136e+00
2.016718798610367571e+02 -2.030644390942785193e+01
1.098427217234914899e+01 1.286953927453021329e+01
-4.790099501220083056e+01 3.254178345317917120e+01
-7.535008045542343780e+01 -1.847168930878169135e+01
1.008684140988395797e+02 1.777612540203608305e+01
1.423424925793015063e+02 -4.847134343173406634e+00
7.532808931263036811e+01 2.163800571779238524e+01
7.653894671880892986e+01 -2.984938183449735050e+01
1.871972192331611495e+02 -1.928852706525443717e+00
9.521497976049793976e+01 4.474581083093433165e+01
7.551753676157248663e+01 -3.538758840680551288e+01
-4.036015896800698499e+01 5.515062987015345364e+00
6.046387397985068191e+01 1.516775879457092380e+01
1.671672246774892017e+02 -2.104590568970519726e+01
1.026267503376056851e+02 -3.142101365519525658e+01
5.935579561749597133e+01 -1.613717557222064158e+01
-4.519983115843803034e+01 4.423981884039940304e+00
1.776465444442254960e+00 2.352446748395358966e+01
1.341149249893297508e+02 1.725773860308871122e+01
1.310720834722552581e+02 -2.789629786518625032e+00
9.217726552218526592e+01 5.582838540254564919e+01
2.126653995086144988e+01 3.057131400588426917e+00
1.052525796459494671e+02 1.301661592525429789e+01
6.245838014140142747e+01 -2.496723832005413968e+01
1.487959755610887100e+02 -1.102532939945308144e+01
7.435601722467220043e+01 -4.187352656516205585e-01
7.613573622911307837e+01 2.180222007270559459e+01
-1.072974505423178471e+01 4.817070603646273952e+01
1.404813360824603592e+02 3.359757192185558949e+01
1.945718372141308521e+02 9.670378100673124422e+00
-5.389011127622640629e+01 -6.943083914420067515e+01
9.330203839025858770e+01 1.262719177617501565e+01
-5.128619836434187818e+01 2.322416095978931239e+01
2.492951005072501225e-01 2.901660139739072886e+00
7.264066831053735029e+01 -1.155401692838183259e+01
1.504281732303336980e+02 3.174731158495405126e+01
4.969776148557470918e+01 -1.197988291128681304e+01
-3.686752006384413249e+01 4.284775103193809542e+01
8.780478779635504338e+01 -1.987498394429260884e+01
-6.150510994515543928e+01 -1.238901913462961701e+01
1.186028612638561412e+02 3.939298270888213604e+00
2.538489694158989707e+01 8.564792050286065717e+00
-1.309956669890729941e+01 2.790754195726773190e+00
9.012829759288374021e+01 -4.076973112038965752e+01
1.889299400587444211e+02 8.070285141064053036e+00
1.266489229983017673e+01 -4.881333065808115101e+00
5.054659342649610920e+01 5.893026842312711722e+01
9.674973178171202903e+01 -3.657763533251986843e+01
2.858160528678851620e+01 4.231457155787350644e+01
1.992551304989753902e+01 1.536457945353035548e+01
-1.818432851893939883e+01 2.389492399511836496e+01
1.170175944828641263e+02 -2.835828427274562191e+00
-1.344774879729251804e+00 -4.115326068675481963e+01
1.468915429264625914e+02 -7.849170668958782571e+00
1.199083944274701281e+02 -8.119813235604006252e+00
2.079111475563395928e+01 7.549164951201964513e+00
1.047642438784466918e+02 -1.799857864032896160e+01
3.723710758843779445e+01 1.341399381691887527e+01
8.671989165928793852e+01 -1.632240770862688706e+01
7.835900141961294807e+00 1.134056022151935395e+01
1.033275227184474332e+01 3.742656194337316578e+01
1.131685686418818335e+02 -5.514762073442481594e+00
1.158286703276411345e+02 4.213132437518640927e+01
1.445832429732890603e+02 -1.283086323925402894e+01
3.261870847772632942e+01 -2.068403863335374382e+01
8.262608599118865982e+01 -3.254312305999287958e+01
1.184809244122630218e+02 -1.188536372507380712e+01
1.272035009345378853e+02 3.060024621346148876e+01
-1.141429724834171155e+00 1.750198161459231372e+01
-4.913673019610223491e+01 -1.052373413578455974e+01
6.979476323906375512e+01 4.359899580373526362e+01
2.556066695331319494e+01 -2.890449515907774725e+01
5.137022298728123104e+01 -4.111412831874039142e+01
1.430176603027638862e+02 2.451015395847249323e+01
7.934012723837331293e+01 -5.523831451830900185e+00
-2.733403921682891635e+01 1.988775479761561016e+01
1.986037403804670873e+02 -7.465196762360110760e+00
-3.871149878037803660e+01 -1.972943212266573454e+01
1.522382075158310144e+01 -3.807694038874516451e+01
1.688157370271067066e+02 -1.744235429817696942e-02
5.022311942630461346e+01 2.889030479274750540e+00
1.610615677310957210e+02 3.869741173673308943e+00
6.837716944095399185e+01 5.616182535374655949e+00
5.879042610950160253e+01 1.914233721461407356e+01
-5.443456770784961662e+01 2.817890379918483745e+01
2.257971075619265662e+02 -3.873526512809515054e+01
1.491562797906043727e+02 -1.441350642095685508e+01
1.647221873894271127e+01 -1.994909909098823775e+01
1.604020350508261288e+02 -9.575747728920756430e+00
1.184576521881341620e+02 -5.265840217656049305e+01
7.251697101137898471e+01 4.352626949464808348e+01
1.122243399911937871e+02 -5.383003304401217548e+01
7.383322205157809037e+01 -2.171828845555436871e+01
-2.395891747803402794e+01 -7.803284216826116726e+00
1.464040260627085956e+02 2.190577376455908265e+01
1.531784703252265274e+02 3.611912626625631617e+00
3.304037084989370499e+01 1.475336759994506863e+01
1.390505782338806817e+01 -6.601733550267230299e+00
9.539044691652887309e+01 -1.988281165108969972e+01
6.530433154286573227e+00 -4.438931316624184831e+01
1.304802582385398182e+02 1.143656956590291962e+01
7.684217011760159721e+01 1.919751468837924691e+01
1.748399452966730792e+02 -7.967181696982392758e+00
4.154017210766208734e+01 3.514931113545475228e+01
9.318179608798676838e+01 -3.563744583145162892e+01
-7.383877398610832365e+00 -2.361799589962550883e+01
1.813727766696985100e+02 -6.139713907677273319e-01
9.745101209905868700e+01 2.945405051140494379e+01
8.540214497407252736e+01 3.076705270850743901e+01
1.360405577217183577e+02 8.923804401863641544e+00
7.686990612075628349e+01 -1.671453552201796100e+01
1.021681843849573710e+02 2.585139466313696399e+00
1.632947937588819798e+02 4.241956107997526004e+01
-6.099236626093773594e+00 2.056186532528016642e+01
9.783867477302908566e-02 -6.189633750662567024e+01
4.022699936240925922e+01 -3.731559808326498739e+01
1.741546510034629307e+02 2.147999408000547561e+01
7.656531248781794829e+01 2.688842796891972142e+01
4.190266494294647970e+01 -3.740383021358702109e+01
1.794340284644700318e+02 7.865236627787162149e+00
-1.404853412337491214e+01 6.859096734015054153e+00
-2.574961615238422041e+01 -4.376270245096647926e+01
1.398700860522313576e+02 -1.245904163821838395e+01
1.327780867126015174e+01 2.129504418868715998e+00
2.840950016162618397e+01 -2.145968205149772490e-01
-4.060847464175576249e+01 -2.148581354858148273e+01
8.680952001848820032e+01 3.519500251893711962e+00
1.088908720422571577e+02 -2.687244232675794109e+01
1.614335425689506280e+02 2.051571941610483663e+01
-5.260514438498216094e+00 -1.767378334842569743e+01
-1.821053639710144001e+00 2.900675731826544634e+01
-3.088925748077949862e+01 1.272175981966543290e+01
7.122851832325049770e+01 1.995534467990056626e+01
1.349925178634814813e+02 8.649899419340643547e+00
9.356468005789297138e+01 -3.682274889233396209e+01
-1.172196217904059168e+01 -1.023874711389226277e+01
5.836040479609537357e+01 3.057228592904649389e+01
7.742510925007267986e+01 -3.640429244603190995e+01
3.560784889817355747e+01 -3.180493619613991285e+01
-9.368842546332936649e+01 -1.030947670983074893e+01
7.843922565331335761e+01 4.112062896528200895e+01
3.909217087397743029e+01 1.506300561939169391e+01
7.244178080815562737e+01 -2.393183092287488378e+01
6.729060097654479478e+01 -5.984223133881785728e+00
1.534946695640666121e+02 -3.642516752161409244e+01
5.327716500904575270e+01 -3.256212954016326933e+01
4.790423235266364088e+01 2.719002134847844232e+01
2.063199490957434250e+02 3.224935084848428346e+01
6.344403687393425173e+01 1.446851578021326468e+01
3.781127476299063517e+01 -1.084895892489909031e+01
1.149050009223988837e+02 1.827182161319372611e+01
7.595671598300242522e+01 9.526147300256756267e+00
7.000397313965858359e+01 1.867811801099326630e+01
-2.015434833141610582e+01 2.277373316000331727e+01
2.351844105833277254e+01 3.800978036940836802e+01
7.561004384555344870e+01 8.312564818700565183e+00
-5.137404676401439474e+01 3.545691243559311800e+01
5.716767845251244751e+01 1.281633280700608601e+01
1.229860158616117047e+02 -5.392690692093475846e+00
5.600848371734903708e+01 8.425060428413729596e+00
9.574443063040271795e+01 3.414897268363133520e+01
2.612144747795253608e+01 4.259574743530058782e+01
6.855061893343817303e+01 -1.063204057492879784e+01
7.150296660319187758e+00 -4.218653501567568753e+01
6.505480277343858120e+01 2.427396676997190639e+00
-5.996032265715671628e+01 -3.443169154378630026e+00
1.702442928071476160e+02 -6.475791318511380901e+00
7.808053196924393546e+01 1.854176007971958029e+01
6.189641925821140234e+01 2.332715092603595863e+01
-2.087008668234649988e+01 -5.854133535718855086e+00
1.394012851656391092e+02 1.926310847440115825e+00
8.384742355529149904e+01 -2.468676752329328394e+01
2.397235820189091626e+01 -1.586345697822193124e+01
7.316179432265101923e+01 -1.498524946894929855e+01
1.194006716459608413e+02 -5.072969532046531782e+00
-4.331161848762009470e+01 -6.217220965898080465e+01
8.046960189413350406e+01 2.893401196478405168e+01
5.466355405848960913e+01 -2.106741160164282078e+01
-3.528742823837223597e+01 -3.172485335694107178e+01
4.496434914359658919e+00 6.403597479309080853e+00
3.820500369325558410e+01 -4.440613278765923866e+01
1.788969795954519952e+02 1.731362063101179416e+01
-9.063010705925324828e+01 -3.834215472910348410e+01
5.792625019630895267e+00 9.122742270680262777e+00
7.286125698095614212e+01 -1.632960237529488623e+01
-2.800742198275022332e+01 3.393908523904094210e+01
6.095399579252931233e+01 -8.279818127286139529e+00
7.351211622157589431e+01 -5.560217572278993714e+00
-3.711047264497735654e+01 1.749282274374411017e+01
1.883708680346441326e+02 5.538325677572211170e+00
1.931022306373567119e+02 -8.762111257826814992e+00
5.061722392854576924e+01 1.120247456951248566e+01
7.551918659458692673e+01 -8.786122662488091706e+00
-3.611091046427299744e+01 2.922198422928684813e+00
1.497342322262453536e+02 1.216717566116382621e+01
5.193163537952177933e+01 2.005104604730883011e+01
-1.631184221674521950e+01 -1.057654554077015874e+01
2.582747612976509544e+01 -4.719080267136829931e+00
4.749516652400510708e+01 6.062755475729235677e+00
1.257420834513735315e+02 -5.209375483264373941e+01
3.227382014012204081e+01 3.534607707807637667e+00
1.168217040065460850e+02 -4.327718686400763914e+01
2.909829376822724001e+01 -3.222586092883603470e+01
9.043820268415950636e+01 -1.175979696503996585e+01
1.958132434039055170e+02 1.181951029737880887e+01
3.722785758030126146e+01 5.655355095160867052e+01
1.309962551173737495e+02 3.557478158048392203e+01
1.204606292042810765e+02 -5.665459347158916081e+00
1.105907775570035199e+02 -5.504251224856355762e-01
-6.617022999424594332e+01 -2.465660273427436522e+01
-3.647652598470993013e+01 -2.710548480632276380e+01
1.619087486142451553e+02 -1.089364294990357607e+01
3.843340796314728891e+01 -3.322322234569875121e+01
8.336497665490730924e+01 -6.833459136995509198e+01
7.505270438594382654e+01 9.886593682466275013e+00
1.426924455052547955e+02 8.500050017430245575e+00
4.778046954009255387e+01 7.424236953504178338e+00
8.764072920306368530e+01 6.355786771368691079e-01
5.285564362989592269e+01 -9.936401902564860888e-01
5.188306429336979875e+01 -2.811537417299311503e+00
6.558576133597303226e+01 4.881809087867569730e+01
1.024159735218107983e+02 -2.328931947556203852e+01
