-6.842752298450361081e+01 6.195771542425870138e+00
6.940848691988684038e+01 -8.739022544287795569e+00
5.056223874504255633e+01 3.410582178088986183e+01
-1.324816976831759803e+02 -3.968078438807270292e+00
-4.329734946104189675e+01 1.196709704561399690e+01
-1.402720305087110262e+02 1.014840231570350859e-01
-2.084144177697173177e+02 3.386921717963743816e+01
-4.508108834241050999e+01 4.438943015974322059e-01
-1.257810784872704488e+02 3.428245540315844497e+00
-6.275230782321464318e+01 -7.001689867161673853e+00
-1.901120054433571056e+02 1.584555208201625653e+01
-5.792905431226877511e+01 -2.277223308061621410e+01
1.573782009391350982e+02 2.418182262203787758e+01
3.538800116644490679e+00 8.164098868873907122e+00
-5.006027072427520608e+01 2.702735433667669085e+01
-1.936157098373669214e+02 2.030019605422908668e+01
7.319467149674032669e+01 9.107526924876111707e+00
-1.841253696797311363e+02 -4.488700481264952025e+00
-5.195640704174327595e+01 5.405475331303127184e+00
7.410238140319118827e+01 1.123548539540733771e+01
-2.162046739135995566e+01 -1.776831750413696653e+01
-1.942363060048622287e+02 -8.973179588168321175e+00
-1.654210380125354618e+02 1.922035830539705836e+00
-1.299122401858942908e+02 -1.628255287579572652e+01
1.600719057690754710e+02 -2.075513833821147358e+01
-1.311003527648940405e+02 -2.176950777424455641e+00
-1.818416896939524747e+02 -1.030450706339050804e+01
-1.563168298418438553e+02 1.428400247798699851e+01
1.355850577716468024e+02 1.001042561039188961e+01
-1.335982148277864781e+02 -4.773255123402574129e-02
5.194145457124956522e+01 -3.883438879264421928e+01
-1.249487401017595403e+02 -2.966572298692439347e+01
1.921375739653874746e+02 1.918151736349033598e+01
5.360106063645435626e+01 -1.258264739136610366e+01
-2.446479024769767818e+01 -1.298830982624217079e+01
1.723875896277044717e+02 -2.068034546811819752e+01
-1.568897400415097820e+02 -1.012164544533425969e+00
1.830426678809995451e+02 -2.320349129355176387e+01
3.821110976442416529e+01 -1.741227721894944791e+00
4.750308731555505659e+01 2.093427885046919812e+01
-1.665461675699864941e+02 2.915250199802851938e+01
-2.533387630383982270e+01 5.013883397227562710e+00
-1.652342956763307029e+02 -2.911787940884558168e+01
-2.792078435224052768e+01 1.440056422588014584e+00
-6.931860742852077983e+00 -3.052334330062448364e-01
1.284247950374748370e+02 3.914182398863265355e+00
1.051855962649485718e+02 4.520074430415419897e+00
1.412560074994452179e+02 2.100619285298640193e+01
-1.621573555241115798e+02 -3.384203395138451498e+01
-1.588531758353339285e+02 1.299148869849112664e+01
-6.069880040238312091e+01 7.620778052764308086e+00
-1.739695860937259511e+02 1.695565409471457841e+00
-1.365945521224310824e+02 -2.326504944086416060e+01
-1.772939033053083691e+01 1.473786549332668727e+01
-1.196980581329252118e+02 9.055696568325517504e+00
1.446383140222662291e+02 -2.877790344338768946e+01
-8.198753754754505962e+01 9.846212990997310399e+00
1.794177102287721937e+02 3.881615035974035521e+01
-9.398242284564107152e+00 -6.615885186963298636e+00
7.662041902339548471e+01 2.831940880619441359e+01
-1.028899151930980693e+00 7.430625128778286737e+00
-5.012246087238336401e+01 2.550605794903726320e+01
-5.961464007263886344e+01 1.865787036449494352e+01
1.049975474927904600e+02 -4.000965123533021739e+01
3.428431973526839727e+01 -1.027205156502239625e+01
-1.053368783590775877e+02 8.506055562693525474e+00
-4.965222288043885435e+00 1.943278445371728447e+00
-1.081486948495601865e+02 2.807019077411588981e+01
-1.508552721760470945e+02 -2.937494626008471599e+01
1.734533711270649690e+02 -2.840868531391561813e+00
1.265913480457337954e+02 -1.600647691652661919e+01
1.428381932335040290e+02 8.908569614248945001e+00
1.270800178604630304e+01 -1.016036842856697753e+01
4.551513139120815055e+01 -2.221292248666424385e+01
-3.363317143316564994e+01 -2.629193187021055067e+01
1.863635052316567808e+01 2.123987661839911212e+01
-1.201234363597624935e+02 -6.529659182585184851e+00
-1.990462754466297497e+02 9.935723908945350846e-01
-1.194849561639820763e+02 -3.116770959617616654e+01
-1.065213751713122008e+02 -6.152603464203830974e+00
-1.689426445306156666e+02 -9.598188611792403790e+00
-4.102515960579359522e+00 1.065166111519470071e+01
-1.058870164271648662e+02 1.331011546255094657e+01
3.913352935333424654e+01 -2.135372170026515093e+01
2.183887969275303647e+02 6.097187031648283551e+01
4.613216458950218879e+01 -4.936229319143824235e+00
-1.443642507684369605e+02 7.904470378886835569e+00
7.196059133493635329e+01 3.128271920642503900e+01
-1.743549300099646473e+02 -7.967668287491831869e+00
-1.569526366239784352e+02 3.003324949436754210e-01
7.456612087226172036e+01 5.437407892787465613e+00
7.580963349788336814e+01 2.058464288752938387e+01
1.766934390653823073e+02 -5.766219306214424023e+00
1.046498475934719181e+02 7.157670559510370900e+00
3.969648586682256308e+01 -2.556505584620099913e+00
-1.829819792030690735e+02 5.284397023666578264e+00
8.162445628980464107e+01 1.866152396676639924e+01
-7.920228130509126174e+01 4.462437310661855605e+01
1.602686873769519309e+02 -2.759958361523804982e+01
-1.192187558768123239e+02 7.492732848366424392e+00
7.242892881517610704e+01 -1.619925001535192166e+01
-1.240532089384678827e+01 1.078930532338246451e+01
2.652042830605211510e+00 -3.870182856647661040e+00
-3.975753734957154961e+01 1.753537954193159498e+00
4.364226164693751286e+01 -1.729088433931435187e+00
-2.188325570667076292e+01 9.830086427947259509e+00
8.086915796182719873e+01 3.327599357082375775e+01
-1.368690486172871204e+02 1.131992197562044833e+00
1.819390491355289896e+02 2.057509049638109744e+01
-9.614686883510566417e+01 -2.987894002755847378e+00
-6.173724550814304735e+01 2.520667069741968902e+01
1.326431798404623521e+02 1.134872681445127363e+01
3.051890786905929787e+01 1.316885830029440996e+01
-1.305909479080513620e+02 7.375794550380199155e+00
-2.304174577712347372e+01 2.865585242222448414e+01
-1.671093906278296402e+02 -1.918906592189470572e+01
3.011713989592192320e+01 1.788270580035701585e+01
-8.925032709242717033e+01 2.533326277948122396e+01
1.706418371493458039e+02 -7.451340858717683702e+00
2.451869347020855372e+01 -3.664303018988373850e+01
-1.144470755960482649e+02 -8.152121139567057861e-01
1.402523131970573900e+02 -6.145157245443091654e+01
1.789277720382590431e+01 2.025671893292954806e+01
-1.964062852731589999e+02 -1.324042349033238031e+00
6.744682388308012833e+01 -1.506233317994408338e+01
4.862533002821363937e+01 1.405416931417717130e+01
8.827146292975872655e+01 -8.251138727580352494e+00
4.082941879904049109e+00 2.666244684425898015e+01
6.569226130273348474e+01 -2.523018828474332409e+01
4.747514046478671190e+01 -1.346757008421815982e+01
-7.809187801201203172e+01 2.736988190663108611e+00
1.399463633431327310e+02 -4.096327294721095136e+00
-9.659010205909805791e+01 -9.111479001339946038e+00
-1.377197086187565276e+02 -2.897643081549367139e+01
8.042539529226909067e+00 6.567725987963237699e+00
-2.455891691269829380e+01 -1.022025754381243701e+01
-1.086424268847783452e+02 -1.358953410222807712e+01
1.748415462785168586e+02 2.944190901909456315e+01
-2.035540132481438320e+02 -2.729587635390080091e+00
-1.737444893028362856e+02 3.621388128604203160e+01
-9.465713734387124134e+01 -1.848985346911775807e+01
4.567799988023995894e+01 -2.694936423692492156e+01
9.618396234769201669e+01 -4.812796326963809435e+00
7.471454294562355436e+00 4.835582304735144987e+01
1.400267699680445332e+02 -7.378385197281965624e+00
2.179327340173348375e+02 1.950936180258735675e+01
-2.641466596955394408e+01 4.329359431840512862e+00
-1.779485056735591684e+02 -5.917877802144644761e+00
6.100202193238212800e+01 -6.057325490594610562e-01
6.846995668166593418e+01 -8.289402380862261888e-01
6.143167543556248233e+01 8.745290236339453571e-01
7.337473169825354091e+01 -2.087424563958832358e-01
-1.164437717126065479e+02 -3.214494206310573077e+01
-1.640296896976298342e+02 1.705000935574787846e+01
-1.211682757998272422e+02 -1.233626696640890330e+01
8.867986845911345029e+01 2.390924288325120273e+01
2.800673909277903562e+01 2.257661898133886513e+00
-1.059871071199344783e+02 -3.032190029474004689e+01
1.161133876782629528e+02 -3.792316242159143513e+01
1.214212379196005003e+02 8.276587069792430640e+00
-3.931232555767143566e+01 -1.109911966896815017e+01
-1.497520768913429379e+02 1.269449109671831666e+00
-4.434016458952599038e+01 -5.698345911998838886e+00
8.885253631193126012e+01 -1.033572412220275716e+01
1.455458289197497090e-01 -1.590419681001025864e+01
-1.032975931076748424e+02 2.259132013687290197e+01
1.145035360469861558e+02 -3.732106048762940276e+01
9.361983822972608493e+01 3.325141679691316909e+01
-1.732522202319252926e+02 1.588285142702816266e+01
7.058126609548544650e+01 3.953794323378949116e+01
1.602734416756518954e+02 4.561783880452464635e-01
-2.200875468909059975e+02 6.397183587318052034e+00
5.423998491007444045e+01 2.662916304593621497e+00
-9.898303876000771595e+01 -1.262413755023702500e+01
-1.920156809474987085e+02 1.279008079535885933e+01
2.996629155589063842e+01 -6.469901289739164341e+00
-1.937109212624204417e+02 -1.269865467001123172e+01
-7.044938023632320778e+01 3.982936657810656644e+00
-6.985751590342457007e+01 -2.170811383058335409e+01
1.098045474226667153e+02 1.397313562440371726e+01
-3.742241516195104811e+00 1.844348870077765667e+01
-1.947964291363352629e+01 2.411761384557767585e+01
-6.244960551325868892e+01 9.130783273469326389e+00
-5.195028030847473843e+01 9.709019683811323631e+00
-7.450613263445949030e+01 -6.852303790491326652e+01
-1.255329326172062565e+01 1.181189209044071653e+00
2.344606085694717876e+02 2.372607284294533514e+01
6.353292658355513822e+01 -1.206353903421546114e+01
2.327157942012501479e+01 -2.964323864626593252e+00
1.377246972854997864e+02 2.369802314848372760e+01
-7.066869384338619398e+01 -4.812097758762351463e-01
-1.693743877580446622e+01 1.874381024637229132e+01
-1.023577160576336809e+02 -3.014762727284159993e+01
8.027792748419793156e+01 8.962855485217312790e+00
5.905051170095433122e+01 -4.248505946053699134e+00
-7.737949725967907000e+01 1.001632172215091110e+01
5.188913862206629091e+01 2.491325658635174634e+01
1.279952631447427365e+02 2.167927637385045969e+01
1.915319375226334486e+01 -2.072925822687562203e+01
1.952833561733562533e+02 -9.736293080646968079e+00
-6.568046315958341097e+01 1.207095132241998314e+01
1.161955799044075519e+02 -3.839058673750619022e+01
1.351538301944432021e+02 -3.250900321271017912e+00
4.050850050769615684e+00 -6.636218296929135363e+01
-6.433762789409632887e+01 -2.652417801879770920e+01
4.872498539277354013e+01 -2.504607825555784473e+01
3.535711699031825361e+01 8.727524358761964862e+00
8.852746670339472246e+01 -1.318542853067154397e+01
-1.202376701193416295e+02 4.333354267073486810e+00
-1.780566808146815916e+01 7.080500272135075157e+00
-1.957334470679865035e+02 7.096313072179459169e+00
3.726011251857105577e+01 -2.222987819003752463e+01
3.129484735247535454e+01 -3.418749959798500271e+01
5.985373238161800202e+01 1.457951450941050453e+01
5.485559823391834122e+00 1.831009128086173376e+01
-9.699540631041321603e+01 1.573677334120560767e+00
-9.276107924812981409e+00 -7.291166681589952958e+00
1.728905081501355596e+02 -2.162514015929345224e+00
-2.026034955889706879e+01 -1.210116044214564468e+01
-1.067781145165446759e+02 5.914507581138498393e-01
1.661903086054424961e+01 2.146851147230363210e+01
-5.131943351137127962e+01 -6.701377573711989832e+00
-4.964132957374133071e+01 -1.468168614884825374e+01
1.345873914481471729e+02 6.769452853285195637e+00
6.061820205826749941e+01 -2.469006957563168214e+01
1.867239459572841156e+02 -2.425817627237855945e+01
-1.097883416444307336e+01 3.178804169613698605e+01
1.950827908500803005e+02 1.668710639228804915e+00
6.588262573157334145e+01 -4.168667843802412953e+00
9.565125187383583238e+01 9.695172945710751833e+00
1.419871423804659685e+02 2.953305426871139616e+01
-1.861525820150570212e+02 -3.185693562535991230e+00
2.098148943449474046e+01 1.431410809424512820e+01
-2.573748332830030705e+01 8.221652882898084158e+00
-2.226223195148864242e+00 -1.090586255784534231e+01
-1.033381545453001280e+02 -1.863700315471047375e+01
6.049362513416307507e+01 1.522004535555306504e+01
-1.578056656887681015e+02 7.653791237252521285e+01
-1.255189587373781279e+02 -9.275259656275718356e+00
1.338828093546891296e+02 -2.855221143471011302e+01
1.073887132819560577e+02 -2.065926952897319424e+01
1.056160356920627947e+02 8.928153114273705171e+00
-1.740547152714060246e+02 7.828647739651338533e+00
1.785463127261387584e+01 -1.426173011360120491e+01
-6.777893021264621609e+01 -1.331002607726248499e+01
-1.957427079320060557e+02 4.314032995027547557e+00
-4.115615097319235138e-01 3.690829390740367089e+00
-5.480946304141056657e+00 -2.015776444840332715e+01
-1.438806023178782993e+02 1.723385927145251628e+01
-5.363444135686999914e+01 6.915064857767214690e+00
7.207120396478599389e+01 1.577855183144339257e+01
1.258670869150980991e+02 -1.291328301550519342e+01
-1.641340539098775650e+02 1.936100637767134369e+00
-5.453385331744762254e+01 2.147450072770251595e+01
9.290547880802579073e+01 -1.876411495745750813e+01
-1.907543456452761745e+02 -1.242039353436050675e+01
-1.363036332229548862e+02 1.104378088039523220e+01
1.140190816864162393e+01 -4.217928289732457259e+00
-2.031355685048219186e+02 2.514142857527345498e+01
-1.297240647634592960e+02 1.102106843023835836e+01
-1.325132958870467803e+02 -8.854289300052036182e+00
7.479802777573219430e+01 2.210914260960716149e+01
1.215750687335750513e+02 1.977655268812085154e+01
-2.515185149631751216e+00 1.558972170683375680e+00
-1.067644872031729619e+02 2.427237081955003539e+00
-5.737477998249559619e+01 4.017796932281725297e+00
4.732696373866598805e+01 2.140836598337598318e+01
-3.878584515343610661e+01 -3.973381225429553965e+00
-1.125525043311098159e+02 1.340373865062346681e+01
-1.892543695802441306e+01 -7.341265454956084291e+00
1.159056095747790067e+02 -1.557403651250021781e+01
3.685882569317594459e+01 -1.317122659934713091e+01
-1.726147244325136114e+02 8.434542422518571669e+00
2.965379764141117036e+01 -1.628364973852503539e+01
3.062757203270934880e+01 -5.489804377370792565e+01
8.070134948079985548e+00 -1.669552532615055895e+01
-6.960777220847202784e+01 -1.907141745972770863e+01
1.452943966356379946e+01 -2.569814243388794495e+01
4.403601524494445840e+01 2.805189536190776067e+01
8.326420571457856568e+01 -2.839067640085574951e+01
1.753248109177457934e+02 -1.077007625604288243e+01
9.861301806021683092e+01 -3.125724708497554349e+00
6.527103275835982288e+01 -1.211867890891958410e+01
-1.163588588586597439e+02 2.581177095930001286e+01
-1.680304270602312329e+02 1.188319986716050325e+00
-1.994571961686709027e+00 8.136047749502056448e+00
4.262263226049100240e+01 -4.342983747130493732e+00
4.847602068279429233e+01 1.538288964828889505e+01
7.222507346271963513e+01 8.058645285044789830e+00
-3.377726590604439139e+01 2.870917772373384302e+00
-1.691502928804669068e+02 -3.006252313985315894e+00
-8.327720041993134714e+01 2.159524049688792147e+01
7.513479372863606898e+00 -1.548437213313708938e+01
5.296888831834633216e+00 -5.098445709831444184e+00
-1.964067290502238450e+02 -1.285134828340121871e+01
8.448341112883124993e+01 -6.689382530778167357e+00
8.970726797178083700e+01 -1.505822640318174166e+01
-5.966495927396794485e+01 -9.989990625805021951e-01
-1.661986317284595884e+02 1.749804901527145162e+01
-1.703851079891924059e+01 -2.027486504359955433e+01
9.172874627234917000e+01 -1.766666873685654449e-01
5.940490052454239134e+01 -5.420317623022398124e+01
-3.299019033624927033e+01 -3.624057300329185693e+01
1.775185069353616143e+02 5.241774873946806856e+00
3.823498004269578843e+01 -2.577986012442477914e+01
2.834032503855949514e+01 1.593887108962301014e+01
1.187556821149491810e+02 -8.597887499300471248e+00
3.147803491425897349e+01 -4.291939461748315665e+01
-1.200477575504661303e+02 -2.855408332404021365e+01
-5.582375204865234508e+01 -2.178673703417518936e+01
3.565289923366342606e+01 -1.458880820451880211e+01
2.955878791967034758e+01 4.663347720931281692e+00
-1.410490716792726005e+02 -1.680454944254588767e+01
1.945400242686990921e+01 -2.765947704451732214e+00
-1.700495325585231399e+02 -1.359203713555393733e+01
-5.267855325078600970e+01 -2.431023817541343224e+00
5.261026723318393294e+01 -1.388048136682242806e+01
-5.573023205016941262e+01 -1.394197408789937320e+01
-3.639607640439009373e+01 -1.023561024020288812e+01
-6.027764965402425190e+01 5.730793878453360968e+00
7.648814108774544707e+01 -1.812397712554847473e+01
5.380547319431157405e+01 -2.112482350529708697e+01
3.446952331063675956e+01 -1.127242811800213396e+01
2.264984022140403752e+01 3.236369870227524537e+00
-8.890518138462975628e+01 5.766700587473960304e+00
1.836905676005887500e+01 -1.065185372233748984e-01
1.926161055302145257e+02 -2.599032391895832461e+01
-1.095669300074118411e+02 -6.802982144537192966e+00
5.485409696389665157e+01 -3.411919529282859997e+01
3.659483939243743578e+01 -1.227686929595372511e+01
-6.702999797485144029e+01 -4.535568937144941515e+01
-8.229532335432014634e+01 4.598140102611476543e+00
7.543981364211315110e+01 1.543626145314802756e+01
-2.862455933618407755e+01 -2.861442697639863297e+01
-4.476165820253299898e+00 -6.333857507955074517e+00
-9.901904308595941018e+01 -2.232529206505274644e+01
1.064980461341392868e+02 5.424641842977400152e+00
-1.704931771123724502e+02 7.174792104988775066e+00
-8.487091476865460038e+01 -9.676478339865472122e+00
2.769507253248652034e+01 -5.505533315731726773e+00
-3.719919024988218581e+01 8.350608163601377143e+00
7.285946671487315029e+01 -1.070816692869222742e+01
1.200604198757184093e+01 1.049984914079990972e+01
7.654456936600081463e+01 1.454772328604704512e+01
-1.938995129679043430e+02 -6.652308514868250811e+00
7.426027699279252658e+01 -2.184321724890383010e+01
-1.099779437200644772e+01 1.253599339568036442e+01
1.818346433014748129e+02 5.236502465060579148e+00
-1.076014275050457627e+02 1.712063664621996750e+01
-9.213429984935017103e+01 3.140245808300330665e+01
-1.209054933298114491e+02 1.274721141436041627e+01
1.842810005763086423e+01 5.611246702045008306e+00
-1.395162630820665299e+02 -3.716197516020947234e+01
1.348403334895639603e+02 9.233062670633085389e+00
1.533048047290108116e+02 2.504880575652725838e+01
-8.121108285373498603e+00 1.871895398672150534e+01
-1.671917739276112513e+02 -9.582864333104589960e+00
2.272069131062951897e+01 7.417247106324841965e+00
-9.268194071151343749e+00 2.735498567050858298e+01
1.229459095321750510e+02 -4.137075187291100775e+01
8.623522890896776971e+01 1.674471787484874596e+01
-1.185983598504886913e+02 5.145081172067927255e+00
-1.687125779965549555e+02 -6.494852737688192157e+00
-9.501248619680191609e+01 3.851405411651303723e+01
4.682146801825346927e+01 4.780331740797807427e+00
1.073159041424799831e+01 1.695586851519007787e+00
-8.963039006468305558e+01 2.378767092766586799e+01
-6.567692221761623728e+01 -9.260584795055937235e+00
1.812249083373558278e+02 6.027634231572127632e+00
-1.459386721854080804e+02 -5.204085923821165416e+00
3.346691692166623966e+01 2.164422429824315586e+01
8.808411574307130820e+01 1.104235722321292634e+01
-1.941865814517495039e+02 1.242283763980389821e+01
1.582130748936870646e+02 -2.267330991410707597e+00
-6.897606929537732867e+01 3.818358033541173313e+01
-2.984653247089154959e+01 -1.321765938802980678e+01
-1.392963068855857216e+02 2.284863399952375929e+01
-2.012158349890649944e+01 -4.540201603862827895e+00
-1.339178335119302687e+02 -1.323378272527304311e+01
1.606661504058927790e+02 -7.670538749719759686e+00
7.553129478271510777e+01 8.619289258707100387e+00
-9.697233441279682609e+01 -2.063979215279133683e+01
-1.799197704305125853e+02 1.585652127530472910e+01
-1.392380033846822585e+02 3.483779439946714973e+01
1.937267074816925003e+02 7.748263966962437799e+00
2.817540444455574189e+01 -2.676552013054367052e+01
-9.761455222613612648e+01 -4.373578378953475010e+00
-1.010971719995360019e+02 -1.406260036421770998e+01
-2.719438268881296494e+01 -8.409485786527788775e+00
6.501487871586849110e+01 3.583653019268645767e+00
1.006148356815449176e+02 2.537567461338878338e+00
1.074822918416840523e+01 -4.759871409729064595e+01
-8.005592100287844914e+01 1.064919136536533983e+01
-1.911369474245599065e+02 5.405759031485124488e+00
2.231746620880596410e+01 -2.459337426529864601e+01
-1.381451261465194307e+02 4.932335551160792697e+00
1.727429559504898577e+02 9.299353834626687743e+00
-1.008636598791675425e+02 1.068732453325125320e+01
-1.765900733281656869e+02 -3.615396694382153697e+01
-1.038695038240415869e+02 -1.017271547025486456e+01
-3.885632544427396340e+01 -2.427017686071464198e+01
9.018397036614629769e+01 4.801643331476618215e+01
-1.244332065226203099e+02 3.884655388868177539e+01
-1.487948932025713304e+02 -3.052971311065352467e+01
-1.107438926137564152e+02 1.166092769547200270e+01
4.825257046074288070e+01 2.526815017436253541e+01
2.174696543821033572e+02 4.265871236602159833e+00
6.338618137947460696e+01 -1.642205672845226516e+01
-1.266933637293617352e+02 -6.128419803954191281e+00
7.957460674466513240e+01 -1.637258600497562888e+00
-1.844411993202833457e+02 6.918814791179120505e+01
1.326595472413405616e+02 -8.416534722351045161e+00
1.419042637952709640e+02 6.286776731722371281e+00
-8.069744797490365329e+01 5.622081713076751086e+00
-7.227683504585279195e+01 2.238999942923588193e+01
-1.317732913926514016e+02 1.533535627589575512e+01
-8.076509350496910145e+01 -9.029858945547857729e+00
1.666004972098165737e+01 -4.071292524362372767e+00
-4.495081884445649933e+01 -1.350195507475753409e+01
-2.949978381269859540e+01 7.301028142085679740e+00
-6.397555303120433479e+01 -1.989131398875651380e+00
-1.935262473211649592e+02 1.886864420014373778e+01
-1.560009595782025826e+02 -8.028887708180350913e+00
-7.797165859062451965e+00 -2.963717836616274681e+01
-1.755225131068801545e+02 6.612895094377595484e+00
1.300177839964649138e+02 3.518819741290958536e+00
-1.081238847931028069e+01 4.782472456361289659e+01
9.996347484509493597e+01 7.707580303918083686e+00
-1.175065676306076590e+01 1.047555030660819853e+01
1.097186988674291825e+02 -4.393949968421199515e+01
3.825158472372621077e+01 -3.771621722341978966e+01
1.168702085634206469e+02 7.548493558747019883e+00
-1.103314493088644497e+02 5.752351126640341761e+00
-1.515739560104012185e+02 1.576732542360812239e+01
-1.641968334391888362e+01 -8.033494360264736400e+00
3.569251191937440382e+01 -3.342787429095042029e+01
4.010680554834648248e+00 -1.212366238286520215e+01
1.904691346320365852e+00 -1.161518103130998725e+01
1.160979278947662721e+02 -1.731437353648781041e+01
8.020234867575678095e+01 -1.088013589725673080e+00
-1.446049693107582641e+02 2.272841518413360262e+01
-1.783071264259865529e+02 1.722066112588572295e+01
-1.483360798003469370e+02 -5.836711560825307288e+00
1.229423720482204772e+02 5.112851163886069372e+01
6.217587999626824313e+01 -1.625906744341611310e+00
-2.520287043745517153e+00 3.384533471331593546e+01
-3.402768681108506854e+01 1.885863312526953495e+00
8.105890608569775679e+01 -5.625832631862435207e+00
-1.201743443521726959e+02 1.883837629326734486e+01
-9.307017100203269422e+01 -4.590762406468522627e+00
-1.112267880333624532e+02 -1.908188584065544191e+01
2.967318283031388049e+01 3.265961386905543495e+00
1.452336399695319074e+02 3.328499344689534922e+01
1.723317574675380683e+02 4.978914875990615663e+00
1.206321171838084325e+02 -3.971593426208995936e+01
-1.254621162489028308e+02 -8.802865771420892216e+00
-1.508303872184377497e+02 -1.403825298114595910e+01
7.357119181526547536e+00 -1.636044031477037919e+01
-1.843841278218498303e+02 -1.102728396122918930e+01
3.242918683892422393e+01 -1.350312126421360936e+01
-4.031230704259729691e+01 1.316274186590315232e+01
4.689349293325912527e+01 3.515583627349730733e+00
-7.382908395835026738e+01 1.374989488905610280e+01
-1.700037245065928175e+02 1.352803412526133719e+01
-3.301929382580214423e+01 9.991973122322953316e+00
-8.768570136517405800e+00 2.024653315599594094e+01
-2.139348920209693574e+02 -1.303129498610062420e+01
-2.242964992668004953e+01 -3.881837484844769648e+01
-1.236290921204983739e+01 -5.152023480941816835e+00
4.035281189921919776e+01 -5.827554371581691761e+00
-1.796505608677478563e+02 -8.562352793210975532e-01
-2.217597441991494236e+02 -1.522020057165498841e+01
-1.655137474287602686e+02 -3.792781398010962590e+01
-8.600818806984719345e+01 -7.175674261970633516e+00
-1.246501649126965532e+02 2.544922385136981102e+00
8.445150218062540404e+00 -2.958568186674240152e+00
1.432755779171057497e+02 5.354783633018503686e+00
-1.054408922314093502e+02 -1.225457655868129514e+01
-2.039553678324379575e+02 9.582916980704331067e+00
9.653640059922177841e+01 2.676717809122744995e+01
1.879942355943270726e+01 -3.491117741702193911e+00
1.091309054414729758e+02 2.938186608858766036e+00
2.963698153540129354e+01 1.202341959530291993e+00
-5.757661590057944778e+01 -1.270804087975654006e+01
-2.282186468077780361e+01 1.485841175259211333e+01
-6.639998025389297709e+01 -8.917748914722846365e+00
-1.063044955262085836e+02 2.506561356865005585e+00
-1.072157775426011028e+02 3.075841629190178672e+00
-1.866519070549318116e+01 -2.186038479731811890e+01
-9.137048131228529257e+01 1.411564426848855369e+01
-1.510312800772109938e+02 -8.668462729304506453e+00
-5.521068404055629486e+01 2.748438567699990065e-02
-1.089496056729503977e+02 8.140187711835089601e+00
4.723923608885034753e+01 -1.849614498248261185e+01
-7.365588846147454660e+01 5.210428551673500941e+00
-1.981453654908928286e+01 -2.896327937425900956e+01
-1.854274560839329240e+02 2.037523634594203159e+00
-3.072303544061904290e+01 2.958206213969201137e+00
-1.445954928703521887e+02 -8.421560625796885802e+00
-1.165247740292572303e+02 3.067084706057896959e+00
4.511820701768160546e+01 -5.739869296053485392e+00
7.948662326682723744e+01 1.291225894929855400e+01
-7.109792393660644905e+01 8.847962658200515307e+00
-4.508798992302563136e+01 8.410020942888007056e+00
-7.184597766642473005e+01 -2.394452744373038300e+01
-4.054919092305945050e+00 1.003324242870381688e+01
-1.053630692599648100e+01 1.594155530002322685e+00
3.258002236491471137e+01 -4.791877749288627086e+00
-1.924317427456950611e+02 8.734198901443486207e+00
-7.918565265463897163e+01 -1.336102584718225117e+01
6.543653119692410769e+01 1.221760650490592504e+01
2.027805972097634708e+02 9.120350948597785390e+00
1.037493254261559628e+02 -1.123319800169163507e+01
1.948109010305890649e+02 6.076940590333276049e+00
-5.109890837883526871e+01 1.378244685278602866e+01
-5.595325224098509409e+01 -2.039794480684313527e+01
-1.483416432520882609e+02 8.747726555185824537e+00
-1.773697936158080068e+01 2.026804445466497029e+01
-1.605996830446333377e+02 -4.470260996859454217e+00
-1.928991583457485888e+02 -8.506312401076653984e+00
-1.198562228676308621e+02 -7.433221500548953919e+00
1.393674776373223949e+02 1.086767269422827376e+01
-9.910927910968480603e+01 1.936769621525706597e+01
4.290507672876469059e+01 -1.765103009533105549e+01
-1.677292422514555028e+02 -1.715757053101016061e-01
-1.339430375442219088e+02 -3.622849930234341542e+01
-9.089212174327327531e+00 -1.902847220585219290e+01
2.658926244111492920e+01 3.289500213609125812e+00
1.830826056877682504e+02 1.936421618693485058e+01
2.323629867589344755e+01 4.190941976571231464e+00
9.241012458503236360e+01 -3.080438809378939169e+01
4.891386692825192739e+01 -2.155833500401181269e+01
3.504995668218994354e+01 1.095820186302193022e+01
-1.292275021040238414e+01 -2.140072020278971010e+01
-1.936328497219869291e+02 8.927883909180582833e+00
-4.134678130796331175e+01 -2.717376178766831796e+00
5.850188321333750707e+01 -5.725059304838254981e+00
1.436914039601183788e+02 -2.287690938113355443e+01
-2.069150932826665610e+02 7.420817737513167422e+00
2.864734423042724742e+01 2.323347098639170127e+01
-1.883838671332438537e+02 -3.323029296366914132e+00
-9.549959539993402302e+01 6.599460946623575630e+00
8.884549071550920019e+01 8.542072867334796982e+00
-3.930429625692785578e+01 2.281336106820665677e+00
7.284694597238141966e+01 -3.017017840698109410e+00
1.259459494270802651e+02 9.620351814747237995e+00
8.789238330176888780e+01 2.998304309129445144e+01
9.717250746400287653e+01 -1.814909123661340828e+01
-1.294338440004383131e+02 -1.806381585257440081e+00
-1.145678760676141366e+02 2.970244517794743189e+00
-1.543223984606510157e+01 2.748676288557928871e+01
-5.191832583540470836e+01 3.930895452092771691e+00
6.940226665547744744e+01 -7.574381617961379654e+00
-4.875668197992682451e+01 2.193639082399593576e+01
-3.137038760161068041e+01 -1.043084025798148318e+01
1.204471395005150924e+01 -1.886629386424876742e+01
-8.367454895660661407e+01 -2.611632844455392899e+01
5.369878774696464774e+01 6.095698445038977731e+00
-2.020168025431546255e+02 -1.988455232774221759e+00
1.471522084724988702e+02 -5.580234441670113732e+00
3.640431128960516816e+01 -1.371800568866205694e+01
6.657015571527447051e+00 3.287058683046599317e+00
8.987587131993245748e+01 -1.387465420291857043e+01
8.831976057580361328e+01 3.003221471646727281e+01
-1.768141512036713436e+02 -3.725903258784364880e+01
1.924950266427275380e+02 6.924906271658542778e+00
1.534301902695111153e+02 2.569542751479768228e+01
-3.124879866428389974e+01 2.512880297669499896e+01
9.949256379154059360e+00 3.359953191526528826e+01
-1.158571621182001223e+02 -5.239528081429491557e+00
1.011817160349476410e+02 2.315085502693116748e+00
1.448302498994307257e+02 -3.742390948062047329e+01
1.207866500527179454e+02 -2.195601067389313954e+01
-1.646531999414204108e+02 -2.155757374957974193e+01
1.132713267284462546e+02 -3.714767619487471695e+00
-2.746320251347890107e+01 4.588391711161014519e-01
-8.832761886555765329e+01 1.647224824091786033e+01
-1.599589916599994126e+02 -2.966457754983095274e+00
8.184339061672491766e+01 -4.166876218494454065e+01
4.256308021338450231e+01 -1.216515248516207848e+01
-1.613598501008974324e+02 -8.193095621041655008e+00
7.286289193999826352e+01 -7.943118436766542168e+00
1.731871377334596218e+02 3.778884619549658908e+01
7.382125179600535603e+00 -1.980426941088895554e-01
-8.762351099544449085e+01 -1.446841416089421983e+01
-8.367444578649827491e-01 5.661804090319706440e+00
9.908726335006875274e+00 2.098781602393062329e+01
-2.695400625048921839e+01 -3.134380361951436544e-01
9.167995330822813571e+01 4.073061329003958519e+01
-1.060483063348680020e+02 -4.983905792094756748e+01
-1.083321417753518290e+02 -3.439669314172130754e+01
-1.807996805609832052e+02 -3.448781663440107081e+01
-1.594879746138660259e+01 4.904159695571186006e+01
-2.104957679278360061e+01 -2.440014672833900988e+01
3.456663825547550317e+01 3.714476187267467644e+00
-1.475722165883995274e+02 2.397735295837452441e+01
-2.971901920188892277e+01 1.092734279726643010e+01
-1.391196087693223262e+02 3.892893951820724840e+00
-7.351355428265763692e+01 -3.218845690371888679e+01
-1.124358720088353607e+02 3.876447716178419256e+01
7.163466085006324136e+01 3.364617286572406840e+01
-2.427097782059955833e+01 -8.278931067008040046e+00
3.608776218979794947e+01 -1.159235708296798073e+01
-1.305098420809159521e+01 -1.503728288877503694e+01
9.357711003494954127e+01 -1.225002134613409588e+01
2.084129213807215990e+02 -7.795596199729117437e+00
1.350105234228956874e+02 3.642282666702998939e-01
-3.458769290204595848e+01 -5.613630811518604879e+00
4.852035280495498881e+01 -3.924184552107071067e+00
-5.904221714069251448e+01 -9.234707358530966914e+00
7.288033696069282996e+01 3.406888798421277187e+01
7.546729580002417492e+01 1.896306393179752448e+01
-1.724803683587505132e+00 6.066277769196443792e+00
1.156149991303629037e+02 -2.208782232073905760e+01
3.108728300052652926e+01 -9.111705933873943675e-01
-3.201425658179715583e+01 1.436403292857663061e+01
1.649608079461771837e+01 -3.329817375160249782e+00
-1.821478912356819819e+02 1.570723239589617748e+01
3.201296444374247585e+01 3.191219624315452030e+00
1.761625209401698839e+02 -2.476546855081475651e-01
1.263378443255949719e+02 -2.866112522314769961e+01
1.402870310253852324e+02 -1.116112292960143648e+01
1.353447651782473429e+02 3.005945979067742968e+00
2.042331879945458439e+01 3.155676617275771889e+01
5.314292312019218700e-01 1.153963773829265094e+01
-2.960245111553976471e+01 1.708308434666935582e+01
1.289436478758072546e+01 -6.036300948538955424e+01
7.925373777051733271e+01 2.487684372560180712e+00
3.415209418925677909e+01 3.726342856626836664e+01
-2.109245657756414261e+01 1.806395801883020624e+01
1.151786488909395345e+01 8.773500356356350949e+00
4.626035266326726969e+01 2.314490385571904696e+01
5.566204424996893607e+01 -1.416057648194980345e+01
-1.764376412485912056e+02 -2.554728271256442795e+01
7.279201027669063073e+00 -3.092775897436033361e+01
-1.336120354837716206e+02 3.558308431208742295e+00
3.463224743506236081e+01 6.099157729921781623e+00
8.535112815776587070e+01 3.370149821897099329e+00
-8.332228970715776484e+01 -3.259688393940948004e+00
8.742048633824616388e+01 1.403623320029408816e+01
5.849542707812627640e+00 5.501607314051781827e+00
-4.120956064507905126e+01 5.214734837451707961e+00
-5.075231932783209032e+01 -1.273462778985133825e-01
-7.596568429608991835e+01 -1.778903746647170081e+01
9.804799729994660140e+01 3.351888360556247903e+01
-7.434296612580418184e+01 1.458564820748554247e+01
7.690892033880901124e+01 3.292134464939534411e+01
-1.279555150869326212e+02 -1.901333796197993475e+00
5.733229373740467594e+01 -8.695192503284527419e+00
1.469445040644703511e+02 1.391206130786360262e+01
-7.692645194856892488e+01 2.006310062437239949e+01
-1.297820361714372552e+02 -6.414367692721439695e+00
-4.352500577253834280e+01 -3.207713562498875071e+00
-6.876495022666999546e+01 -1.259477458594027866e+01
1.558224385709425803e+02 -1.789983643520739420e+01
-2.080387585529893784e+02 -3.949049992057598502e+01
1.171551398399995350e+02 9.015420356790462719e+00
1.924389949986959323e+02 -7.941046162854293655e+00
8.276412939011818537e+01 -4.299456251540470930e+01
1.443565014221948140e+01 1.438039579554945036e+01
-1.687953022801144698e+01 -3.347075657816833250e+00
1.800819925687773662e+02 1.776017416787917824e+01
-8.540308680713397393e+01 1.790060146304433886e+01
-7.844581537335031385e+01 -5.588277967840411087e+00
-1.536168667347053827e+02 7.429021499666397688e+00
-1.949984713936852074e+02 8.258416660931192865e+00
-9.868613019945451015e+01 1.806761497529837968e+01
-1.435320266800866662e+01 -7.646600550171007704e+00
-7.258867599545284577e+01 -4.916087927136434388e+00
1.297470318745893962e+02 1.627703343088319698e+01
7.473236321151955508e+01 -1.860174019714621707e+01
-2.266543951422996486e+02 -7.384662858973005228e+00
1.744682863704637725e+02 -1.914213897291501820e-01
-6.023614353439183589e+01 -9.142426532303458586e+00
-1.514962772703377141e+02 -5.655557763009609884e-01
-1.556124322171129961e+02 1.365361766838902824e+01
-1.368904313547938614e+02 2.504275118880401507e+01
2.600906561570573672e+01 -2.463591523423698249e+01
9.349148524060566956e+01 2.282592555452505323e+01
7.806461808681528680e+01 -1.944967221619259590e+01
-1.446561585384888282e+01 6.730776329236950239e+00
2.114568411599982767e+00 -2.482505942119068276e+00
1.416167132865051030e+02 1.930134137322232046e+00
-2.150283499141274604e+02 1.246516365019184569e+01
-5.975356559007481394e+01 9.199143259492082336e+00
1.824084738795212104e+02 4.822121252090878585e+01
-6.412894828725142382e+00 1.286697576077992622e+01
7.443142758366118983e+01 3.418859287189407326e+01
-8.119590635011871882e+01 2.066774276182588910e+00
8.380306078132019820e+01 -1.923931570623448906e+01
2.221860954525690701e+01 1.753203555256818591e+00
-1.289635367793220269e+02 -9.726181137571645152e+00
3.815393305804531110e+01 -9.415191241219806884e+00
-2.781428032519606930e+01 -3.833472729112528299e+01
2.354742778284115445e+02 -2.240527153648510961e+01
2.560533615507705463e+01 1.847974552405822024e+01
-1.356624161021177031e+02 1.582433530534947863e+01
-1.328524381545526722e+01 -1.819244462285578834e+01
6.008794941510112153e+01 -6.196734932675601826e+00
-1.794060721046007529e+02 4.283970955250737234e+00
-6.421158288882547538e+01 -5.134957574662811552e+00
4.721652997521300676e+01 -6.299368322257872244e+00
-9.336924901962029821e+01 -8.764922864217560061e+00
2.503873743432368570e+01 -8.680119664643244803e+00
1.454985334603209424e+02 -2.784665113755065136e+01
9.395881115660590410e+01 -1.092934596680483139e+01
-1.197885329639468210e+01 1.342398535675642357e+01
6.256433652021407710e+01 4.826133741448180636e+00
-1.404741133387942682e+02 -1.073928380029034457e+01
-1.070396002007246494e+01 -8.517942303937212856e+00
1.179673869136443045e+02 -3.075889743800544363e+00
-1.517152063979565924e+02 4.728281300840817103e+00
-5.700824892957666634e+01 -1.349592447283693986e+01
2.810312942609777664e+01 -1.787729284620725778e+01
3.161725579423715260e+01 -1.481043394383636524e+01
1.360796317734515242e+02 1.202517607411789058e+01
-9.487413614295785180e+01 6.973322350540850145e+00
6.602926863731228480e+01 -2.673480670891523658e+01
1.536931932864976602e+02 -2.061608919865258116e+01
1.590023073147353614e+02 7.702836734577009459e+00
7.768954255778751872e+01 -1.569557322122618359e+01
1.628692524821593679e+02 -3.416840561907145712e+01
-2.326208406847576384e+02 3.367717133439316513e+01
9.568750283009092072e+01 -1.153714299332722604e+01
2.057166823405549394e+01 -1.025664473153958056e+01
-9.358157871177307641e+01 -9.660791499048592357e+00
-1.602346068588407491e+02 -1.534125225353574606e+01
4.392880875106387606e+01 -6.158270381496052437e+00
-1.759762508180048144e+02 8.560362727570671737e-01
-1.412774897369637586e+02 -1.355501070793367013e+01
1.872875945352598990e+02 7.027099731441965424e+00
1.566344662827988827e+02 -6.939789500370285680e+01
5.806777482287316161e+01 -1.083302509850846462e+01
1.766866956929013668e+02 -3.786736958500532779e+01
8.336813237964427969e+01 3.171733075706384852e+01
-1.279913416362264655e+02 1.110037598729221386e+01
-8.396300297780649657e+01 1.430548571589373452e+01
4.423849230355268958e+01 -9.834434108747627690e+00
-1.769937766256171585e+02 -1.344938953796800796e+01
1.186104231541857388e+02 1.772221238962131906e+01
-7.542225193821848528e+00 -1.941009683264942964e+01
1.045284589000447397e+02 5.934001440968947882e+00
-4.347157923819683134e+01 5.847995975737656948e+00
3.624181654109546713e+01 -1.076452982174053474e+01
1.189587468709558919e+02 9.876849675947637408e+00
-1.220196129639888625e+02 1.520266166511739669e+01
-4.695646945998250388e+00 -3.279693062069546272e+01
-9.256830147866314462e+01 8.194490868371032022e+00
-9.769796634647146050e+01 -2.646802949645698533e+01
-5.335458063659472572e+01 4.853305429437086982e-01
-1.956075783676665765e+02 9.704344718033423689e+00
-1.030618559268077661e+02 -4.494682939850913606e+00
-3.859457071041071430e+01 1.046942292643512928e+01
-1.468734733591457200e+02 1.811622065283467586e+00
5.361641883368823613e+01 2.197244477445139843e+00
3.786052775137809334e+01 -3.094692913345729579e+01
1.276900688699544695e+01 -1.152500416638138958e+01
-9.992951874594592709e+01 -2.967143195129739652e+01
3.771092831449594485e+01 7.538776907959919171e+00
-2.649959426014093111e+01 3.607024619072513616e+01
-7.231545389471936858e+01 -8.116650822028947942e+00
-4.169958309517140549e+01 2.994401353495986484e+01
-8.101042684884726341e+00 3.110124022382661835e+01
-1.061998842616862504e+02 -3.459524326178838294e+01
-9.011994000901012214e+01 1.770442971152456835e+01
1.307053243221247669e+02 -1.293858251612992660e+01
-1.046378830090353773e+02 -2.397735852029493131e+00
-6.196282433939269652e+01 -8.631994892987149282e-01
3.603188902950331673e+00 2.121832498268088507e+00
-7.404612325855819677e+01 5.721743605607280792e+00
9.649845821541697788e+00 5.679846075071965927e+00
7.663971222279036510e+01 1.383866189684196080e+01
3.241442331173531244e+01 6.181778477605085698e+00
2.961636867995013578e+00 -3.686198566447347957e+01
-1.496467060251062833e+02 -1.179891794951924133e+01
1.693662243105106882e+02 1.009648720561626156e+01
-2.155722225034853068e+01 -2.147220571379078180e+01
-1.855255957596840233e+02 1.310319131376851942e+01
-2.307869733649750543e+01 -2.959432725550505072e+00
7.673603884311444290e+01 1.350115747629159735e+01
-1.619058222911233713e+02 9.889567942853162430e-01
-6.346298977816543641e+01 -1.473984989917637556e+01
6.978064967573627086e+01 -1.565900383796265949e+01
8.482132711079336218e+01 1.296376614141550654e+01
-4.244503322376457533e+01 -7.638528968294519217e+00
-8.284520605880946675e+01 -1.821484931313407429e+01
-1.960556368110410119e+02 -2.558100932394578031e-01
-9.293489894203806045e+01 -2.425196534681503024e+01
-1.693381814477735148e+01 2.401902621244747493e+01
-1.666288937681995037e+02 -1.274680593090557323e+01
-1.015141934180093415e+02 3.705730146787703205e+01
8.233574173626337256e+01 -1.334375857677285104e+01
1.232090218516987434e+01 3.936277589559286838e+01
1.450027558401757055e+01 -2.474130766962957395e+01
-7.265094462827441646e+01 4.990440722464445145e+01
-1.617263903188964136e+01 3.636536683629923061e+01
1.398610024345479417e+02 -2.468504353472104640e+01
-1.487347640703582670e+02 6.273091241784158889e+00
5.900007081248821095e+01 -2.276596486169456313e+00
7.812839724310346412e+01 1.399760581233620726e+01
1.818942490238598282e+02 -5.792669766066467218e-01
8.838830294402701782e+01 -1.126519335868308502e+01
-1.300646053271733251e+02 4.613275277179531031e+01
-7.814059632351457196e+01 -1.023927517056107561e+01
1.112931823028007017e+02 -2.214555898691580893e+01
1.190831074438978732e+02 -2.420746052510826729e+01
4.077121966315612411e+00 -4.769729289018497020e+00
1.508781493685610542e+02 -1.428171936039298906e+01
2.123912656623240593e+02 1.048771292783085674e+00
1.778258927534834015e+02 -4.118694102724752071e+01
9.004394699430214644e+01 -2.128620655372780490e+01
9.160042047566318502e+01 3.979020582747978096e+01
-8.142734156914437449e+01 -4.875048583509806832e+01
1.775511991124522808e+02 7.212851297515649129e+00
-2.160875277081401080e+01 1.058824280509323579e+01
-4.109899301067444100e+01 1.095539168364066995e+01
1.798314634843464717e+02 2.476374498237747090e+01
-1.261684110565800410e+02 -8.187508617339558370e+00
2.893171676328407571e+01 -1.878571690758110790e+01
7.875345295470718554e+01 3.317455104572398561e+00
1.982614290525639547e+02 5.870825092848253490e+00
-1.105185243736662528e+02 -1.509529783910033984e+01
1.301582323999456321e+02 -6.312856929556702568e+01
1.151649932695470255e+02 2.299927705878013384e+01
-1.510388063525008704e+02 4.391788277096657112e+01
-1.914416412736707969e+02 1.311330502059030856e+01
1.142083528425714576e+02 1.204239407878916879e+01
-1.764039428114126906e+02 2.232613693246648934e-01
4.574256638289477905e+01 2.991557610668674094e+00
6.792418193061355680e+01 5.336834419596816304e+01
-4.554570581360831483e+01 -1.560584789903613867e+01
-2.917260770553199123e+01 1.387033438812080632e+01
1.524429006950694543e+02 -4.554747474852223199e+00
1.310462572546718718e+02 1.404248821296503991e+01
-6.963005792692021600e+01 -2.107817449078727279e+01
-3.011537667870027590e+01 -2.719152053826153548e+01
6.193273462498784454e+01 -1.270272728525844030e+01
-1.907516956486614390e+02 1.855569668570328545e+01
-5.638758629066992967e+01 1.510529883650011307e+01
-8.851269935356802421e+01 -2.013823403756216379e+01
-1.441244191528964791e+02 -1.209967550366859612e+01
-8.659561574587027621e+01 -1.195846922640562582e+01
2.364289328362847442e+01 4.309255706372317363e+00
-9.284691674122001359e+00 2.020224071953647993e+01
8.341722095486856858e+01 3.497436193325088283e+01
7.416126693243772650e+01 5.228975163012609784e+00
1.166602284936241603e+02 -5.092396542817304805e+00
-7.776580668890275660e+01 3.854997157710455014e+01
1.220108996791560685e+01 -3.432305287671954197e+00
-2.904875290957367895e+01 -2.170061716259480988e+01
-1.456567471789722390e+02 1.509605885736566222e+01
2.642908926855078988e+01 2.237722413715967917e+01
7.454778801018173340e+01 6.889046496209638804e+01
-1.739755892356998288e+02 -2.348326135561879369e+01
-2.948775656677825197e+01 -6.936994788656351218e+00
-1.381041080788702402e+02 -1.282625098795977969e+01
2.002459804178403147e+02 7.713555148291133534e+00
-7.712293893859441596e+01 3.212580692193247955e+01
-2.749151839910651063e+01 -1.022329977136271317e+01
8.630772217706109473e+01 9.192956052084316099e+00
7.020133494610203417e-01 1.648282243318967488e+01
3.515429610045323017e+01 3.603516885390728675e+01
-1.058761578864730666e+02 1.046380311420766152e+00
3.873153213044559506e-01 1.729357714217784192e+01
-1.864221694086612615e+02 -8.496121659820971672e+00
2.455851921804005400e+01 1.101423282562152117e+01
1.711990320050089451e+02 6.391519074518940080e+00
-1.225264459327768805e+02 -7.806551467205195216e+00
-1.171689426290189147e+02 -8.324411338108166802e+00
2.308493399484924851e+02 -2.157192615812853376e+01
1.507652706645374394e+02 1.280886807535022243e+01
7.402068459018366298e+01 -1.899158902488310474e+01
3.789332827813611004e+01 -2.894776387295086573e-01
-6.394418190088877196e+01 3.433773619399568844e+01
-3.333944234984190302e+01 -1.037335478924281240e+01
1.713955423192083458e+02 -4.946895397945412221e+00
6.815396435250790086e-01 2.801986023782663260e+00
-4.893308460367965296e+01 -1.311280131119638348e+01
-1.890603197342773285e+02 -9.892370946392830433e+00
-1.840148492729538816e+02 4.097368213475687071e+01
1.117321017796342772e+02 -6.393412089143541088e+00
1.962504755294462200e+01 -1.862368998857689562e+01
-1.983540730702732091e+01 -1.545068796250827958e+01
1.423180211281348875e+02 -1.815597715421903047e+01
-1.607596557063245086e+02 1.032856731349680679e+01
-1.876817707855498156e+02 2.441560809295328927e+00
-1.383064962989855928e+02 1.005935253656946848e+01
2.291580019344904784e+01 1.703255114026078942e+01
1.412653079451597478e+02 6.750824337873955194e+00
-1.347089736751193243e+02 -3.833601059321864124e+00
-1.291624446710426071e+02 -1.049796469008073174e+01
-7.493251001219130103e+01 1.276320033711846413e+01
-1.122560528630560697e+02 3.391977274729077863e+01
-1.232182599217533436e+02 -1.509247731225618061e+00
8.342534769773709513e+01 1.804520232706330063e+01
-9.973252498932022547e+01 3.133433650780714785e+01
6.320854261857136436e+01 -4.051845816324339467e+01
-1.493286385674479106e+02 -3.904824332558798972e+01
1.707415717492296281e+01 4.554840761421568573e-01
5.737668895985347461e+01 1.673110620314074737e+01
-1.777144294501992192e+02 1.499780740480118801e+01
-5.555288363171752763e+01 -1.720464516456648951e+01
-1.377864255842789198e+01 -6.539608093347119677e+01
5.158134055353490766e+01 8.674335972960516727e+00
6.403510199363000766e+01 -1.792981183603153994e+01
7.661400560530816506e+01 1.590618065830530092e+01
-6.148031457820407830e+00 -3.982433767307393957e+00
-2.550693204241940570e+00 -2.240936617060710745e+01
9.691654961271331103e+01 -2.084171276109220017e+01
-8.696020605869001940e+01 3.247497330946016092e+01
5.905327771169979201e+01 5.864809596007458481e+01
1.097123658051274333e+02 -2.908253944872896568e+01
-7.701195050614192894e+01 1.544717980811619640e+01
9.361156723509822086e+01 -2.716682133625088724e+01
-1.146309511416862819e+02 4.750328987961098903e+01
1.303272380441890732e+02 7.009302491380464240e+00
-1.676311368380225986e+02 8.390381266813340844e+00
-7.752167121566490948e+01 3.724507026230253359e+01
-2.776201942026165881e+01 1.453199457269616346e+01
-2.422634561176152346e+01 -2.038745459482976585e+01
-9.784562551930039831e+01 9.628448744167340811e-02
-1.662720769651536727e+02 -1.246344076879509544e+01
-7.386919551525598138e+01 5.737663184471122335e+00
6.704400693695829716e+01 2.042488636955262837e+00
1.241415116964881520e+02 1.747345017321716298e+01
-1.794893821120180917e+02 2.384788371184637512e+01
-2.078440235916960432e+02 1.966986206300665074e+01
-1.175116482368777469e+02 -1.803738346852540886e+01
2.324672477128094528e+01 2.800264143316885779e+01
-1.741337022829569037e+02 8.036770590803222092e+00
-1.350979281948004598e+02 -2.339999903215544208e+01
-8.073054272902794537e+01 3.547010657653969901e+01
1.282476593897651469e+02 -6.716289779999379483e+00
-5.230601339950833761e+01 2.817878762881741217e+00
2.043014009351448976e+02 -8.573253620463628266e+00
-1.917929182428460422e+02 2.642343310202825180e+01
2.014787955280854135e+02 1.388620294573117953e+01
2.068584866379486016e+02 -2.042976537827478012e+01
-5.508581550087445322e+01 -1.207570842847821524e+01
6.813821854183146343e+01 -3.668756855118857629e+00
6.661113896938887891e+00 3.411834920561486462e-02
7.954712306881716266e+00 -1.603357228934858325e+00
-1.236076718191519603e+02 -1.617169933746033195e+01
-3.102500916111581120e+01 -7.084637881908828483e+00
-1.045496290442953580e+02 -1.253843783523233668e+01
-1.536735855739918861e+02 -2.895331300056190571e+01
4.605397593691120051e+01 -6.431538800310885762e+00
2.430547568097490085e+01 -1.111233917743442134e+01
-2.932213464959369986e+01 9.506143829716215521e+00
-3.296821364868597470e+01 4.256745922242971547e-02
1.391104671761856935e+02 -3.736548961192018226e+01
7.143439099877677734e+01 -2.749601097154988594e+01
2.943009881595911370e+00 -2.872781242947705849e+01
-2.775097416072276246e+01 -1.856525279414982466e+00
-1.054788491519286993e+02 -1.348371990126661935e+01
-2.292247280553509654e+02 -5.059046224682105297e+00
1.270935318467725210e+02 6.564956960504686378e+01
-7.685383203871817948e+00 -2.084021362730586446e+01
-1.893414170839335213e+02 -2.027404075201503453e+00
-1.409096019194150529e+02 -5.710062217396985318e+01
-1.310885130898957840e+01 -5.862168754457916187e+00
1.753430006070014144e+02 2.266349333357728568e+01
3.867040445589545072e+01 -2.112461448480545201e+01
-7.688054592599985426e+01 1.455858880009684952e+01
-1.737373679380104363e+02 -3.948612700816019672e+00
-7.883790618372054837e+01 -2.723368193340419197e+01
-1.567153220218488912e+02 1.099696158754138864e+01
2.663887229640228949e+00 5.203400118106909389e+00
-1.934811540631483524e+02 -1.784888434642813237e+01
-1.935236027368229941e+02 2.412881027205172657e+01
1.648373521234203309e+01 2.719376522635992899e+01
-4.652884759884135235e+01 2.062901023670546152e+01
1.404088803153313449e+02 -1.721134294250410335e+01
8.792269617662628889e+01 -1.034053659418879612e+01
5.110584584821567944e+01 -4.030045055482545280e+01
-1.384346401192911173e+02 -7.553690527690290146e+00
1.354729121277711101e+02 -7.200090122704114748e+00
1.243479016691692749e+02 -4.012660007916697857e+00
7.946650304499510753e+01 -1.805646428375575852e+01
-3.131052158646728145e+01 -7.287274244687174551e+00
-1.677583162668948660e+02 1.518330314280634141e+01
1.400409971347508815e+02 -1.491696518928882398e+01
6.704887586303620139e+01 -8.452537246643013091e+00
-1.450282393283297324e+02 -1.864884768575213769e+01
2.600365284033800606e+01 -1.857419438460294003e+01
-2.789309590271500383e+00 -3.587881930079066706e+01
4.558789321902378333e+01 -1.315824783382084107e+01
-1.414640302733904775e+02 2.033028557575402573e+01
2.145779801535084630e+00 -2.889611960624907283e+01
4.705104367579983915e+01 -1.718975273392426573e+01
6.802697273616480800e+01 -4.598527441326648812e+00
-3.693058616549799211e+01 8.959050763214383650e+00
-6.338363267303979143e+01 1.809790176787982485e+00
1.030870432912752364e+02 -2.921248093325325090e+00
-1.263153674795586170e+02 -7.175264847658255896e+00
1.298792964663419696e+02 1.455765315094006773e+01
-6.077026307902907121e+01 1.462412913337975517e+01
2.811582600587501446e+01 -5.592352969397146545e+00
3.475860608077795177e+01 -2.555497133074356242e+01
2.633564480797576834e+01 -8.318209321220876973e+00
