5.806168574947189853e+01 -2.972970558378861927e+00
-7.706013566969141948e+01 -4.201500061761968396e+01
2.935778382425938915e+01 1.540834076496673788e+01
3.701726339793527387e+01 3.763622381412629725e+00
7.762808049779226849e+01 -9.067405308845929213e+00
3.517304800740351567e+01 3.972508019953472314e+01
1.438125452402395865e+02 -2.282030251114869301e+01
2.183650363697877239e+01 -1.583540451448185493e+01
8.854622362484477094e+01 -4.794336843797919911e+00
8.837488417447440270e+01 3.400432305551552759e+01
-4.460947370012443969e+01 -1.902270532709912132e+01
1.414708049890824384e+02 1.625367738865253209e+00
-3.904157228001518121e+01 -6.396451901406360108e+00
1.208540760923670661e+02 -6.986518634226420943e+01
2.714973368906149176e+01 -4.644510282551852498e+00
-7.921231659168405770e+00 -1.479904848169846154e+01
2.974220176848838904e+01 -6.292186518929623329e-01
7.253206766888212087e+01 2.288246275064287616e+01
1.038874932647719476e+02 -4.377292759564902269e+01
-4.467324322566394557e+01 -1.889264165204993517e+01
-1.233351819377945588e+02 2.745644092553532190e+01
-5.061351424627103768e+01 1.577000091701111550e+01
2.324463259412690164e+01 -5.298051653224673885e+01
-7.484220519371996261e+01 6.436537176361103718e+01
3.915363273963224344e+01 1.790150735284839589e+00
-1.499975342692733804e+01 -4.537517095681218748e+00
8.938817813920050526e+01 -2.835261361904555244e+01
1.112738727705023649e+02 -3.486374385044281610e+01
-5.983418091140466544e+01 3.796621872983246249e+01
4.910049766445895614e+01 -2.687107721961665874e+01
5.869851767953472432e+01 8.122069779564462522e+01
8.881411480870806230e+00 -4.075547310632835263e+01
-1.604104256289801356e+02 -4.077498093361329268e+01
2.593366401632506779e+01 -1.355790685182657107e+00
8.763158989172044500e+00 -1.833125136715131021e+01
1.008004176153113889e+02 8.129507072219307462e-01
1.586354675182650098e+01 4.769033811004491241e+01
1.556227651094828559e+02 -7.879579361307517793e+00
4.191175519765813817e+01 1.776373337338564085e+01
-4.096095567694038664e+01 2.838476245867702641e+00
-1.280894334819033133e+02 1.179906136431836394e+01
9.856880390658530189e+01 -1.560262632255909843e+01
2.438662724485404354e+01 6.307349470108442269e+00
-6.092277915054140891e+01 2.716474537659908961e+01
-1.464540699745280108e+02 1.238361656928806198e+01
8.319806296789310807e+01 2.137937457431894117e+01
-7.490756603611082198e+00 7.534612358313533775e+01
-7.746788638904311597e+01 -2.231881435899434152e+01
9.473088794537787294e+01 6.566781592703533121e+00
4.065578172649075839e+01 1.395796470262946976e+01
1.050722104708342641e+02 -1.318054388606411109e+01
7.382346343274613787e+01 -1.585853218093001082e+01
1.099521785871534689e+02 4.593884164288188465e+00
-1.154484097348174920e+01 -2.767928362756221716e+01
-4.075652903910592073e+01 2.869358326481650323e+01
4.485953194128206434e+01 -6.421946039603373890e+01
2.209069684374237852e+02 -1.575568238067528704e+01
-7.080134672621677794e+01 -2.563352732753380536e+01
1.095982023450367677e+02 -1.165705044685982017e+01
-5.542985929628879660e+01 1.703205992259018231e+01
4.219222557967759712e+01 3.451764883908312243e+01
3.272756666917211277e+01 -1.283013994467638241e+01
-7.402089578253897351e+00 9.183899474472958957e+00
-3.870993378838343091e+01 1.293412654456241384e+01
1.019931562432470145e+02 -9.161596348025588199e+00
-4.398497379170223098e+01 -2.661556599778194254e+01
1.223486172016002769e+02 -3.520564944266695306e+01
3.059503482539522778e+01 -3.486928526509112203e+01
-4.759949179271504960e+01 -2.446852161826764060e+01
-5.024544588345499108e+01 8.268786073084751109e+00
2.139517658060972138e+01 2.120647806609321506e+01
6.632439928932996054e+01 6.957790947504756573e+00
5.895336422521688746e+01 1.851819776328260891e+00
9.439327193232384161e+01 -1.025211932945013693e+01
1.071569839067333447e+02 1.574015010534985848e+01
1.159036067413911724e+02 -3.627486225281577958e+01
1.850334582111800046e+02 1.806784093314555406e+01
9.676468234050072681e+01 3.108891388360013863e+01
-5.421654148909774307e+01 -3.554664418072351850e+01
5.798366925033524666e+01 1.989722125075648762e+01
8.873993132498941350e+01 -1.194633207450389811e+01
5.184561472416321237e+01 8.873507528662338473e+01
-7.393083857137658477e+00 -1.437197049171062702e+01
-3.687543199024912610e+01 -2.121550886026993865e+01
8.219426342467420454e+01 5.623553456344835277e-01
2.311824940607131751e+01 -3.379796978525567397e+01
3.063041019076602822e+01 -1.205979788180522760e+01
4.768693994556070948e+01 7.583469825615695159e-01
1.113052134018176247e+02 -3.574324502442784990e+00
1.338942669993186030e+01 -8.499687720465106011e+00
3.625777553425867694e+01 2.172071125753482335e+01
1.131989008315404845e+02 3.589814898365303986e+00
-8.640503694777923727e+01 5.480055352157400250e+01
2.848553162527768379e+01 -5.460879652370693726e+00
3.286863194630166163e+01 -1.468360836908039246e+01
6.156065177188597914e+01 2.952874281051652838e-01
7.056598602582785418e+01 -9.423429533607649233e+00
-5.379837055588448180e+01 4.628459604402202388e+00
9.285197088832313739e+01 -2.897336564561327421e+01
5.604351974834126793e+01 1.163693163324727209e+01
1.307521036754067154e+02 -1.057354214323649622e+01
6.607982129136378546e+01 -7.047522031342326465e-02
-1.027710398921911406e+02 -1.207705609946311398e+01
2.796274284590875325e+01 5.571716487482667191e+01
1.275321428040111158e+02 -1.803407508993440089e+01
-4.427185176928770005e+01 3.108349536841500171e+00
5.917981789877521237e+01 5.125459070912229720e+01
3.152789182563469339e+01 8.649891644627092546e+01
1.259977663067275557e+02 -7.776665833936799110e+00
7.671516719136040763e+01 4.588761002808007916e+00
3.988183421896362546e+01 5.690732227310046909e+01
-4.242078396377954697e+00 -2.865653533480743675e+01
5.314471254061703398e+00 3.442763875596313738e+01
-2.574951682022907562e+01 2.081023300188147473e+01
4.704712728089027252e+01 7.894622735394205115e+00
8.092248028053791131e+01 -4.972418827390215057e+01
-1.504791146199938723e+01 -3.239739425666500949e+01
-1.664486891515014833e+01 -1.138674028491980794e-01
-5.420876326486866503e+01 -3.720804676255998800e+01
-1.853502750777664687e+00 -4.363544556875373348e-01
7.940917492329772642e+01 3.608926722605605875e+00
-2.092795830005256974e+01 2.241125366575061761e+01
-7.939447975061686691e+01 1.244773615311021153e+01
2.478795957854071474e+01 1.866283637510311166e+01
1.534856906434690131e+02 -3.548604265521370849e+01
3.557355880131502346e+01 -1.150827881959376420e+01
1.296075929924500372e+02 3.502702705785558379e+01
1.427268590366885803e+02 2.182416893592115059e+01
-2.805551821201387597e+01 -1.854731535741992454e+00
9.594922648097752926e+01 3.627450429653245578e+01
1.297509824760999777e+02 -6.567352951728863353e+00
8.612447900548583846e+01 3.553748130862353971e+00
-1.418830133618576781e+02 6.783900897588885925e-01
4.747561026532075568e-01 4.854888132069520168e+01
1.852478184921334536e+00 3.850278088420681399e+01
4.442453807507733643e+01 -1.528853720229265356e+00
6.702919177121731309e+01 5.402196541814033992e+01
-9.621065121390165586e+01 4.563257737547860415e+01
8.132830423947090992e+01 5.920449674758184067e+00
1.071014301610857018e+02 -2.098301601277147199e+01
5.198385134559200083e+01 3.560058101748848713e+01
2.009430328448522971e+02 4.394822897290495689e-01
-5.802490343659394512e+01 2.974766205513164152e+01
-1.381210585168254568e+02 2.558022123878878773e+01
5.201159078827246418e+01 -2.519333333508062367e+01
2.382865548152386737e+01 2.168626941594174440e+01
2.254206909725890551e+00 6.188224067149900698e+00
-8.026238017481134079e+00 2.836468955731213626e+01
-5.430265912411792684e+00 -1.218118827143255167e+01
-1.600301996024124662e+02 5.920079423016215259e+01
9.054672561020542076e+00 -1.701347073147885425e+01
2.839422104265331015e+01 2.080161085554699696e+01
-3.416525224476079980e+00 -4.845190626688966518e+01
7.070396684154219713e+01 1.055876018978340980e+01
-8.290375249573122574e+01 5.221812098452672046e+01
3.155732191113338203e+01 6.015692623259631056e+00
-8.702255764014084605e+01 2.119048125185156906e+01
-4.852419501759636233e+01 -9.849051093002103130e+00
1.871777852277285490e+02 2.030738085985678509e+01
-9.457220823862543568e+01 3.206155201225881601e+00
8.194312849372238361e+01 3.380795081000589875e+01
-4.022758061283173703e+01 -4.137860404309805773e+01
6.421407005168825322e+01 6.952251050739837979e+01
-1.122470292999850869e+02 2.708312920952096636e+00
6.142061265908274059e+00 -6.630822096076887995e+00
1.713165777827212111e+01 2.964333595927148224e+01
1.079534358641026586e+02 -3.208680379158197127e+01
-1.881193323327211431e+01 -8.293525914027798152e+00
-2.650769632672437481e+01 -5.672126756887286625e+00
-2.631653264455327701e+01 -5.650903196536760476e+01
4.773111709877306907e+01 -2.432256737881913722e+01
7.238626666090237904e+01 7.024763380823945802e+00
1.254246038907946428e+02 -1.186647678912117243e+01
6.135704753329108030e+00 9.198032314211291194e+00
-1.217282953567747796e+02 -1.526871396043031837e+01
1.784936817522483636e+02 5.490114715358646258e+00
6.469188886428703711e+01 1.281162364652139196e+01
9.095567512513379471e-01 -3.016835248534439629e+01
-3.913417169048744171e+01 -3.972898300116855186e+00
5.929476273876064596e+01 -8.914028840891836225e+00
1.180929284323106572e+02 -9.311158496941315477e+00
-2.230401391578931136e+00 -2.063026544278734775e+01
5.221812849259399059e+01 -3.952365938478835972e+01
1.315971853385122188e+02 3.312815090113260030e+00
-3.059199493660397451e+01 4.706780895778624085e+01
2.204870169044208694e+01 -1.995783129642587284e+01
-4.153159262056660594e+01 4.434165400374361354e+01
2.522495719402590808e+01 -1.676665025760620154e+01
-6.628551100860892120e+01 -3.607607579730695591e+01
1.056054678198061936e+02 2.481432160812957832e+01
3.217142592749115693e+01 3.805795555227820870e+01
-7.492702372944941658e+01 9.147214867860905541e-01
1.086070457984250197e+02 4.426075789836557028e+00
-3.223682205532123390e+01 1.334375234025653079e+01
4.372598722217505696e+01 -2.262488164647402300e+01
8.874890975142703553e+01 6.494626145480648205e+00
3.787125199477943482e+01 -1.599975161818502478e+01
-5.806473015130667825e+00 -3.252573212404576708e+01
-7.916717870481896568e+01 -2.487942918574506734e+01
1.084924450409613286e+02 -2.412619029485214384e+01
-8.368522210427833841e+01 -6.357979389622968824e+01
-1.566196831476604778e+01 -1.143435220228343141e+01
1.285253669008298516e+02 -3.654647660617762028e+01
1.567702261310193705e+02 1.736103381636612397e+01
-4.376407321278717433e+01 -6.825235153996295878e+00
9.514542504520943567e+01 3.651666221871749229e+01
8.166165757035732042e+01 -2.182817131098668995e+01
-9.930875833810836184e+01 3.069601673919769169e+01
-3.693820277107632677e+01 -3.376424377854667114e+01
-4.485107933477715747e+00 -1.981627138478469874e+01
-8.662112110376618546e+00 3.739302895455842446e+01
1.523916726459447659e+02 -1.520670395131341612e+00
-1.486686016538442914e+02 2.207729541155771802e+00
1.087899369762767066e+02 3.271014833740400007e+01
2.487988356409834978e+01 -1.527381594786837482e+01
9.225917372115338821e+01 8.635577817662516864e+00
-5.875808013777006522e+01 -8.685497161649648135e+00
7.155708108628526531e+01 -9.136285213669951943e+00
-5.143564239687299278e+01 -6.190882689486151946e+01
2.480810090678083313e+01 5.708691074585413583e-01
5.407384737158985644e+01 -1.083291771680520910e+01
-5.947272160740249802e+01 1.311454221562579292e+00
-5.693783761239165742e+00 3.487737104635760232e+01
8.981303801801074371e+01 -1.574929288109197145e+01
-5.456810981740402156e+01 -1.555106090254168016e+01
-6.876640234404379726e+01 2.461484611743649964e+01
-7.968366058859409407e+01 -4.579563629088782051e+01
-5.735789613294183198e+01 1.463918130391931527e+01
9.409044055539226292e+01 4.203315141204612360e+01
4.058653684379634541e+01 5.764559487393754011e+00
7.990514154375010492e+01 3.187075793550111502e+00
7.216064643935304446e+01 -1.387474783326277539e+01
-6.617565457414805508e+01 -3.600049306522046066e+01
-1.153778660917305672e+02 -3.859893659658865062e+01
-3.230406935955005565e+01 -1.293812276514027459e+01
4.754607637429184130e+00 -1.168884227253220409e+01
-1.253080298551130909e+02 1.192739034053659708e+01
-3.584515469884725292e+01 -2.038887362561794703e+01
-3.429484677436915518e+01 2.785352645018070206e+01
-5.126568531719314592e+01 -6.821700196725360321e+00
1.142584500512303407e+02 1.654780946552901355e+01
-2.664518568590079184e+01 1.559348700308990132e+01
1.115988671409773616e+02 3.481863044991212774e+01
1.989991992319140124e+01 -4.981184449075468734e+01
-4.632843118176644737e+01 -2.277114661322508482e+01
-2.150381885295177042e+00 -4.368922835466668175e+01
-1.004695196182619981e+02 2.310104372135167949e+01
-1.152079928170709167e+02 -9.729855749873600246e+00
9.066222284695397704e-01 -4.714222830313692469e+01
-5.802905842814300286e+01 -1.369277055378030905e+00
1.675570577505254164e+02 1.254341261374880467e+01
7.047738077352725838e+01 -6.297280698866658355e+01
1.344384784666164592e+02 3.534413775346157394e+01
8.180888703572132670e+01 -1.879671272299369633e+01
-3.509264692509177053e+01 -2.217603076890815572e+01
1.137879896251762517e+02 4.599093972142595277e+01
6.129188630193354470e+01 2.416662588297790393e+01
-2.552143756400937136e+01 6.232609291820159214e+00
-1.600149835500047857e+01 -8.982627879340457255e+00
-7.994981521821524773e+00 1.376883457438219693e+01
1.546631446821982649e+02 -1.221669156084576535e+01
-1.375813337325378960e+01 7.544541070556594775e+01
1.953085844020150219e+01 -1.675791242728119812e+01
1.974819047153992244e+02 8.792152150770441210e+00
-7.116435624808389093e+01 -2.509861715697891427e+01
1.097006436966292142e+02 2.724812640403830599e+01
4.009963614565416279e+00 9.416357958613854606e+00
8.099694534351061748e+01 2.927398153430545236e+01
-1.650510010381115933e+01 1.388535353649200665e+01
3.728547520981961583e+01 -4.504130417532302744e+01
6.340966638109466658e+01 1.266421450415784022e+01
-5.370499207862422253e+01 -5.038990297278416364e+01
6.060018874783911258e+01 -3.527259293818863028e+01
-1.595604709079688988e+01 -2.919297655189230412e+01
6.269613153443023279e-01 -2.265718670516832134e+01
-1.320649102962601091e+02 1.066825970832639214e+01
-1.715175793430973172e+01 1.432425062380998604e+01
-2.569705138634361674e+01 -4.668157652606875985e+00
7.848534082884863494e+01 -1.196788840234225937e+01
-5.959937914594665642e+01 1.206646652818898957e+01
7.065608163238228201e+01 -4.019238095399131794e+01
-3.785982519906693966e+01 8.760212031887839146e+00
1.992737781004268243e+02 2.716754883278357013e+00
5.672651277525805114e+01 -4.784973023503008704e+01
5.578762076053687480e+01 -3.379780269313711472e+01
-2.350430900479808827e+01 4.081457324990560664e+01
-1.740461727093112287e+01 5.357507149026449866e+01
3.383610216541470095e+01 -1.540222694594276476e+01
1.146267332379624833e+02 4.887021033704913364e+00
1.288016310946614738e+02 2.089174708403757297e+00
5.304629517005031403e+01 3.730947121177118131e+00
2.008552640845597281e+01 -1.274223127770472352e+01
4.548641093137634073e+01 -3.186456558009910012e+01
-1.089726288843503568e+02 -1.346948117674769740e+00
-5.267878316650632797e+01 2.026221009195995748e+01
1.218807912312530277e+02 -1.711096494726811557e+01
8.451415881367360328e+00 3.771548994205758731e+01
3.644035776701225871e+01 5.868679617995163511e+01
1.333817137983917434e+00 2.803325575183878726e+01
9.469309661178331794e+01 -2.422935588431962017e+01
-4.082541872908148406e+01 4.022620327527873241e-01
7.607641791830353384e+01 3.982139589203949281e+00
3.393901787259578384e+01 3.711102214536111887e+01
3.398852041556315129e+01 -3.368607005639928786e+01
1.886892070550360359e+02 6.073259929321356054e+00
3.578457602356726142e+01 3.423412812367422475e+01
5.602420126402476086e+01 2.326316069261256914e+01
1.958694735636296116e+02 -3.543402110535004823e+01
-1.408722676237980531e+00 8.091850940958307703e+00
1.708813244503336293e+01 -6.741232518223016257e+01
-1.780087703797372356e+01 7.671222920705775827e-01
4.023333269139604340e+01 -1.664851983174419559e+01
-2.733407441443781494e+01 -1.603028092514290393e+01
5.688560178097921494e+01 -1.710633051788668624e+01
4.536908389989760337e+01 1.623665406656926535e+01
4.747833182137660657e+01 1.955479788605969915e+01
4.990776463272069918e+00 -1.397563185016177911e+01
9.556821428129696017e+01 1.960108204107976482e+00
-5.235489871455970956e+01 -6.570734733913563730e+01
-6.609928029164377961e+01 -1.842906772006990934e+01
-5.448893174017096896e+01 -1.278232694629226529e+01
-4.808411959460801199e+01 2.162869712069022654e+01
6.056634882421776922e+01 -2.824622516453711896e+01
-6.711047580109703858e+01 -9.192844212197437415e+00
2.455287805820771752e+01 -2.383850016038941177e+01
8.214464598820089236e+01 5.282460295674844541e-01
1.012254690797459205e+02 1.075577388521911892e+01
1.092748767324209922e+02 4.041204413475838919e+01
1.908078177352746536e+02 4.914685991280337340e+00
-6.051707250290697893e+00 1.815384053642650386e+01
-1.960131014599297572e+01 -2.451300841761613825e+01
1.859485448383869155e+01 -5.425564259622185581e+00
5.156424100761348228e+01 -2.041494687308996525e+00
-2.068448066305310817e+01 -1.299245029390885264e+01
1.035202302776062737e+02 1.931488794837735057e+01
-8.729136756644781769e+01 1.274246313032553246e+01
1.142507002491697108e+02 -6.312694035963038353e+00
-6.454305459986080962e+01 -4.341256329155431359e+01
1.117875161794393790e+02 1.766596150807565380e+01
-3.356489209505946292e+01 1.739450153760279338e+00
1.017935762540224154e+01 3.329348770470201835e+00
-7.833567027364499324e+01 4.839132774433682016e+01
-6.623112237419102044e+00 2.421001401867285452e+01
-4.733575133589057060e+01 -4.134355044557417358e+01
-5.305417430691934833e+00 1.985437648284383272e+01
-2.714495488352001473e+01 -2.983287215821545502e+01
-1.071013299064218272e+00 6.333283757313746065e+01
-6.631849328002063260e+01 -4.675812913643951241e+00
6.444467484331096330e+01 4.849912455040620074e+00
5.240819007940633156e+01 3.822997624242373149e+01
7.817583027288010555e+01 6.025325623250110674e+00
-2.923232910808047791e+01 3.822245804214810505e+01
1.939204004961435501e+01 -2.486269495732191714e+01
1.068900581585857168e+02 -2.037585356631900169e+01
8.938752121407716800e+01 2.152289787068048454e+01
-2.134793529571046378e+01 -2.307467112820801525e+00
-5.341415993373571069e+01 2.885338987484872675e+01
1.251999246543655886e+02 -7.232405712138707088e+00
1.265668290077857847e+02 1.935220165981939999e+01
9.503051281546403573e+01 3.671974459918629208e+01
3.297896648687289911e+01 -3.368225031704916272e+00
-3.202209702692476956e+00 -3.097885070792021978e+01
-6.403620222943999352e+00 -1.460592812498390280e+01
1.025385764861168667e+02 -1.810379905161107672e+01
-2.082396795311753479e+01 -8.027403272977824855e+00
-6.554718095836481950e+01 -4.032254992559719753e+00
-6.791469137404331491e+01 -1.373321451684523886e+01
-2.485949323248415510e+01 1.141688811325100872e+01
2.453947755293673438e+01 -1.664365857323517162e+01
6.966277628553243062e+01 4.624133540431392930e+01
-2.786578506222981133e+01 7.174589738118548610e+00
4.423953592895553300e+01 -2.918313495537866675e+00
-1.280460325541491251e+01 2.001845791390406859e+01
-6.709193133997649738e+01 3.095604632820056423e+01
1.050759427477321282e+02 1.755644109514390649e+01
1.261305910607026277e+02 5.698638336590190789e+01
3.615335467524616320e+01 -7.443604187480546841e+01
-9.257538187008184138e+01 -1.394821230899929265e+00
-4.259092847486393651e+01 2.678240795624276416e+00
3.200293557507794873e+01 -4.289990126456560660e+01
-1.117251230054140620e+01 -3.364440164526526900e+01
1.680762784277455637e+02 1.673499226751187408e+01
-3.049433831967471065e+01 2.160886244745611151e+01
-2.452499560585588156e+01 -4.690397488288395067e+01
1.878681934828632194e+01 -9.246361046385247917e+00
3.040794334294962908e+01 2.074248364851293402e+01
-4.001023453577493427e+01 -2.058987060643555367e+01
4.365090211337797399e+01 1.772395726071679078e+01
4.395952678970089345e+00 -2.465227293487618709e+01
1.096520889637371994e+02 -1.567324727269465967e+01
3.203511453005224041e+01 -2.670471305207173174e+01
-1.340861593572577135e+02 2.725721443787426423e+01
-8.773813560908372722e+01 -2.128758617853176816e+01
4.482088921370737467e+01 -1.319222238374014644e+01
8.891174322302656208e+01 -3.668303598243251429e+01
-1.004009436580993793e+02 5.465784453724474901e+01
1.431746012415684959e+02 -1.004099834151561588e+01
-2.421723093241692837e+01 -3.140722604932527862e+00
4.816246865686466805e+01 -1.406588847217337701e+01
-6.701363462668444981e+01 -4.469885445681666880e+01
7.618366388726728999e+00 1.397546905909386794e+01
-2.472834954964028498e+01 -2.597013463396399757e+01
1.157131001426127881e+02 3.541284344685561791e+01
2.894062904358876409e+01 1.180142515673047043e+01
2.786043754811268514e+01 -1.345982406767665784e+00
-4.021845638921328714e+01 -4.376385652642743374e+00
9.082706250950229787e+01 -1.943770671687490648e+01
8.905981398285342721e+01 -3.258249123284021209e+01
1.066094964413342154e+02 6.305064560437566357e+00
8.409900846212957504e+01 2.385909995863766042e+01
6.081986786975438264e+01 -1.769451791793302320e+01
-1.447012184152235648e+02 3.132996891958439889e+01
-7.159421805236893022e+01 -3.091550319923640444e+01
-2.196376496318186256e+01 -9.429784229232682335e+00
8.859913078464792591e+00 -7.380435686112399196e+00
1.904721818335288219e+01 -8.655502520097968500e-01
-2.925744857623676864e+01 1.965896124532931566e+01
7.447143946076165832e+01 -2.233049961210813450e+01
3.278610640028210810e+01 4.677204842586078826e+01
1.292886375652995241e+02 -3.781708715698348655e-01
5.350793919158876832e+01 -1.847647919578141895e+00
4.969947751630109423e+01 -4.696853366409371233e+01
1.295074274722847179e+02 1.057354665955384831e+01
7.781555372364695700e+01 -1.541848574266979455e+01
8.670162441746342097e+01 -3.241631443213110941e+01
4.379553788250620983e+01 1.789298785557463134e+01
-3.355828106481045836e+01 1.354784774242116541e+01
5.107315077055810804e+01 -6.764131903971877691e+00
1.726685992960333351e+02 3.430250312668044899e+01
-8.642135040818881464e+01 3.910112374135544133e+00
2.881044298547055149e+01 1.869188021486204576e+01
-9.934705776924541709e+00 -7.470603285423391249e+00
2.984447762788439817e+00 2.146130187498600961e+01
1.030026072858947828e+02 1.849365744908604725e+01
1.607847994577288375e+01 -6.739931063621507512e+00
-7.916559377420206545e+01 -4.595819231060866095e+00
-6.690554381827196551e+01 1.265371073610025832e+01
-3.608740125014254119e+01 2.526885423842207956e+01
4.245768365993804849e+01 3.407882980136836437e+01
1.679967551113588442e+01 -2.693479307907999498e+01
1.217295002809494662e+02 -3.969182529045814078e+01
-2.787703875563531497e+01 -1.924204227547215851e+01
-1.691842337075986080e+01 -1.722418100976119248e+01
2.451288567297283549e+01 1.844703887290585209e-01
7.091964660762012329e+01 3.132002472323333109e+01
1.084997645122670917e+02 -3.328992257159480062e+01
1.104304296124378197e+02 -1.807859564227799609e+01
7.086572189943518651e+01 -1.946091483895724394e+01
2.054527307855596234e+02 -1.637166512004921515e+01
-4.773199615107114369e+01 3.770022051533253205e+00
2.501646660620263418e+01 -8.824223403007422917e+00
-6.729331835676970286e+01 1.691919180844456605e+01
4.441139071796108340e+00 -1.509533087628186898e+01
-2.506724738048083623e+01 -1.698910739669498327e+01
2.998951518021701190e+01 3.423885204326241904e+01
-8.388913570669151909e+01 4.856107528708265875e+01
2.608797538234859203e+01 1.221681532978069740e+01
7.699750175998920554e+01 -1.631720931942604835e+01
1.963956435000139891e+02 -2.885265154728230286e+01
5.787894049847540145e+01 2.840173314674415650e+01
3.557734595165844382e+01 3.879864981973564220e+00
-9.560570518667380213e+01 3.805071221213503918e+01
5.276082743429340383e+01 -3.283218449384497362e+00
5.717888907248769215e+01 1.133669664319234194e+01
-1.757126712619030116e+02 -1.600979132083897838e+01
-6.180611937667300992e+01 1.823825142171978442e+01
-3.083651238416637952e+01 1.147749344129299187e+00
3.467885384527254189e+01 4.906922595894516093e+01
9.672679938142812262e+01 -5.027864668961528477e-03
4.995370957083348173e+01 -6.971683714683569733e+00
8.260432023036612748e+01 3.017470061381870039e+01
7.182982727738266249e+01 2.661608888881707458e+01
-2.336841258024553980e+01 1.766460185974356278e+01
-1.107918863527585245e+02 1.299545147131419220e+01
1.139742255062768521e+02 2.459249237005552047e+01
1.092211788536164505e+02 -2.254566653012495792e+01
-1.956219565114837877e+01 2.083543661601910202e+01
2.760442658278534367e+01 1.077531562572217538e+01
-9.125487275995961767e+00 -1.093149907818322930e+01
3.281910835890737843e+01 2.570026840989227424e+01
-3.438165135896243285e+00 3.267455204153748127e+01
-1.997049168920439399e+01 7.670344968860360879e+00
5.102189694873380432e+01 3.580570491947777612e+01
3.529475089901546880e+01 -3.423401631838392234e+01
1.284606337174934367e+02 5.580023677963704465e+00
-2.136576988874050897e+01 -2.108808002368335877e-01
6.159473214521937301e+00 2.624364263544226361e+01
8.885681917684119924e+01 -5.803050661995756698e+00
-1.333947852606474385e+02 -2.050711107475894934e+01
6.232329662603394382e+01 -1.490949836034082843e+01
5.704698246334044853e+01 -1.036994431227740776e+01
-1.012747051775879470e+02 5.996234230620882499e+01
-4.456348431935855814e+01 2.790508210055001470e+01
-3.503108059009590391e+01 2.583392865919944370e+01
4.000610577943549018e+00 -3.452002271839434400e+01
1.830382345892256524e+02 -6.247560626029222824e-02
-7.126341207388234977e+01 3.981090979524906004e+01
-1.276382601117819870e+00 6.817076434547352903e+00
3.584141911813400583e+01 -9.618712469161406986e+00
3.626977276418922003e+01 1.320137924151514497e+01
3.963140978691016159e+01 -3.609197921614008542e-01
5.347931498453047539e+01 -1.404393331065531925e+01
3.631693484228855340e+01 -2.363847364199209977e+01
1.490585867155607502e+02 -8.486374091314402790e+00
-1.251497164808263918e+01 9.121903793198724131e+00
6.252065821873618034e+01 -4.145909401618962420e+01
8.575622304008287955e+00 1.772691380808813832e+01
1.853149785164018510e+02 -7.608128513392103720e+00
1.405407205901753969e+02 5.785854440238430207e+00
7.485382036529075300e+00 -2.691367261096985786e+01
3.463987392516879282e+01 1.987738216418991399e+01
7.922970066644663234e+01 9.208765652442766125e+00
8.855462169097680203e+01 -1.473011848188179584e+01
5.481259182350164849e+00 -1.892175657440180458e+01
-1.210476503594680153e+01 3.709627921597600420e+01
-1.509504935049501739e+01 8.734668267410150122e+00
1.141387367226954730e+01 1.234637133636856809e+01
5.934087581036512660e+01 -2.116171441988716850e+01
6.694954677285683431e+01 -9.814041566417591511e+00
1.100579820318326085e+02 -3.194874181988342698e+01
4.732903896136517830e+01 -1.418732444061954290e+01
1.357799911083230597e+02 3.418380775487304124e+00
-4.339073105474455616e+01 -2.728044313848532187e-01
-1.092752069110114519e+02 1.084305627987312981e+01
-4.898751737502103509e+01 -3.974068071077606135e+01
5.925610381146180572e+01 -1.378047727024789637e+01
-6.212275025240667325e+00 -2.511975526035514150e+01
3.005174774187673492e+01 -1.735214680134438803e+00
1.557700031878362381e+02 -5.081197168740650483e+01
7.108281650973219712e+01 -1.024656562919244607e+01
1.157071932659519042e+01 1.180358025500349406e+01
3.140430823176332709e+01 3.620733117344486374e+01
2.375833959193226974e+01 2.110043863674199827e+01
1.129601628695010334e+02 -2.163852131571799831e+01
1.074898335536658678e+01 5.738524695675558718e+01
4.342492962108224219e+01 9.525873174665324683e+00
8.124065795828229852e+01 -3.129480335570794125e+01
7.312094176250030841e+01 -7.361727274966197720e-01
1.025866199119169835e+02 8.411381543558851703e+00
8.545251199525735331e+01 -4.410520728607183827e+01
4.384948729881882912e+01 1.147361843197818132e+01
1.287907649103514984e+02 -2.229663469650114394e+01
5.941124388834587045e+00 -1.594186336228244372e+01
1.648334367270254219e+01 -3.675304406792315604e+01
8.393179125212314773e+01 4.587933912903760358e+01
-2.894701331190352889e+01 -2.207419848500657622e+01
3.656982423418864414e+01 -1.371968137596341286e+01
-4.484028740174184691e+01 -1.585482704974652535e+01
-4.899171423485862675e+01 3.757807893331339244e+00
1.898997086535660515e+02 7.629378601240440538e+00
4.340194027856993841e+01 2.155224606701857937e+01
-4.211993242186665753e+01 -2.856158740848475475e+01
-3.466329053100498925e+01 8.772633222244834883e+00
1.753587048949527230e+02 5.741927367633333112e+00
4.882707287677197883e+01 1.415239048064750094e+01
-4.950567127250697297e+01 7.201423885395982438e+00
1.003912120504291039e+01 -1.025873804059082772e+01
9.463131850110856647e+01 -9.403152295770738078e+01
7.861697141550516221e+01 1.622039145346169065e+01
1.103559272260822013e+02 -3.658909203022040479e+00
1.958795313181791187e+01 -1.345778274450371548e+01
-6.796339460800704391e-01 1.328026131583042080e+01
-9.783543794829192564e+00 -1.330755460074707308e+01
7.185429711291310184e+01 8.347701204517550266e+00
-1.380022918232419329e+02 4.128312733941651658e+01
1.411595899964611078e+02 1.663164706417538952e+01
1.245114755810866569e+01 4.337368969978980004e+01
3.955156888819165939e+00 2.172761643166838397e+01
5.165923230247539522e+01 2.506776473723231646e+00
9.480194749128334308e+01 2.046487512399172815e+01
-1.058962327882442054e+02 -8.104066051595563147e-01
7.937441385277277561e+01 4.038894966392191321e+01
5.174154947618861655e+01 -8.801487850749399655e+00
-1.109028097455502859e+02 1.904405066021893234e+01
-1.090923390162793680e+02 6.371192288865189290e+00
2.964589177421679622e+01 1.642644567409101342e+01
1.358014467614128584e+01 5.415973054086239813e+01
-3.143841381394207346e+01 3.441701471677234991e+01
6.747061280018979801e+01 1.136799456678394105e+00
4.836235303130081320e+01 -3.797640742215651244e+01
-1.995215758641427362e-01 -4.237231495686037874e+01
6.321969050702068671e+01 9.924027584858038153e+00
1.121550318983945402e+02 -3.967376652833350903e+01
-1.362532047474757491e+01 6.998450856079422522e+00
-1.087584758877876112e+02 4.216370934629760114e+01
-1.596573883956596944e+02 2.323572806285012504e+00
1.226607654364644304e+02 1.501257412938990576e+01
4.107108688223366499e+01 -3.292515712542526529e+01
-2.402051286331153002e-01 1.626009094085229201e+00
9.805200525394828048e+01 4.375200559182345472e+01
8.596424976817074537e+01 1.126549245714758740e+01
-1.968066713270858159e+01 2.993855385152130211e+01
-2.647980706173561316e+01 1.211038220741147953e+01
-3.987619844451194773e+00 1.481498472648429043e+00
1.538432956634920856e+02 1.928285115540066741e+01
1.879842038279948611e+02 5.744690231855402729e+00
1.119701464729405700e+02 -1.049073521665298081e+01
9.779312882134549056e+01 -3.615187698721339160e+01
2.182129962971614212e+00 3.343329694610051916e+01
1.366824816576659316e+02 2.118025056672037820e+01
6.533668272673570243e+01 -8.137961186109755829e+00
-3.532524607707996811e+00 3.272660132725677684e+00
1.116608581034889198e+02 1.274613947522339075e+01
5.168522709889252553e+01 8.554380370920830146e+00
1.667579507141150543e+02 2.289696875845995194e+01
2.868185904429332922e+01 -2.217415456289553077e+01
5.672538938656699514e+01 -4.929988907019581923e+00
-7.998861282865937028e+01 2.559678669967775022e+01
2.873878784017255938e+01 -1.557530414216643599e+01
-1.002437436337811079e+02 -3.019267803545778150e+01
9.256788784104446677e+01 3.144064754694611707e+01
1.052788018286829299e+02 2.206318557440383898e+01
-9.911311540520958374e+01 1.146659998616076592e+01
2.021979529295479665e+02 2.452839018721771325e+01
6.855985167424569759e+00 -7.392540488413477817e+01
4.863128050221304477e+01 -2.527565487487508733e+01
-1.770609308176021912e+01 2.721998904036699418e+00
7.723723730965637913e+00 -8.371910155504638240e+00
2.982607038165060587e+01 -4.826804123815425385e+01
4.473021420702170303e+01 -2.285648155974534745e+01
3.730046953563439160e+01 -3.544888847467696991e+01
4.676918165178245346e+01 3.085388827518465149e+01
1.629678230836496482e+02 1.515301110331546752e+01
5.041409905911136491e+01 4.347716900121905148e+00
2.872109361005834671e+01 -2.218260549936130133e+01
1.153615004782314912e+01 -7.692743520689936076e+01
5.834103163515764834e+01 5.113489439241266865e+01
-1.894664798927224725e+00 4.813049083586036403e+01
-5.389431386361671628e+01 -2.545990975045035398e+01
8.302738582500195719e+01 7.255013217940558867e+00
-5.402930679533883307e+01 -1.415791056743759713e+00
-3.502199028779045165e+01 -1.926223061809102077e+01
8.413300008455321688e+01 1.575082596557977688e+01
3.641337947517364881e+01 -1.257391661881630895e+01
-3.475449699350834720e+01 -8.275456554176670920e+00
1.111562524821361109e+01 -1.521534562612561814e+01
-7.970772333981382474e+01 -3.377248790989848004e+01
5.147102907678753070e+01 1.136579648697025924e+01
5.622635017820283565e+01 -1.716361117457192265e+01
-1.140800233968532211e+02 -9.705527114023389856e+00
4.292287433895813820e+01 -2.133539518882254171e+01
1.248673673327520248e+02 5.487688410113590720e+01
-8.530265363924596045e+01 -2.252349930834393987e+01
5.938398000716733094e+01 5.130482344728001465e+01
6.930093257547444097e+00 3.083343096430379049e+01
1.131264092435904018e+02 2.612804079656148559e+01
-2.505603375447461545e+01 -5.352387808726622609e+01
-4.790906726135546734e+01 -1.805426637793501143e+01
-1.112552616071969283e+02 -2.331970332203367846e+01
-3.129866501452006844e+01 -3.792136852291285720e+01
1.220851087709338429e+02 2.049546474213006064e+00
6.806722028676898617e+01 4.518283412523049947e+01
-4.670328863399469554e+01 -1.215748014077122185e+01
3.687027402456710234e+01 -4.830925612761678423e+01
2.791453781458958616e+01 -1.164518331157040976e+01
-4.669095487209493456e+01 -1.152581023918053615e+00
-8.605731314510242669e+01 1.804744580291570699e+01
2.122547100289713740e+01 3.642792466540409180e+01
-7.419810128878322075e+01 1.609732856373892318e+01
9.473672493433967645e+01 -2.463548347597809141e+01
-2.844072807272803161e+01 -2.715238322640025626e-01
8.648903143942170857e+01 2.603097205773738043e+00
7.422958267965062973e+00 -9.272812741796667702e-01
-1.337181226614614786e+02 -3.814462244680119962e+00
5.611446992632224351e+01 -5.317738249644888526e+01
-1.247274465343396699e+00 5.247413765348260029e+01
7.706601578399910579e+01 6.377498580447218401e+00
1.110613972370902900e+02 -1.412624288157754471e+01
2.407146416334213512e+01 3.154224668354341077e+01
-6.740695667410177805e+01 -2.468547723154325979e+01
-7.842089419256293992e-01 -2.753206236070655422e+01
-2.346408165805126345e+00 -3.321783469065930028e+00
1.193617566805120020e+02 -1.860443725987259356e+01
-2.335943925109918595e+01 3.924678808604655700e+01
-1.577687225057175056e+02 -4.800730116151490279e+01
-3.580384482072161489e+01 -8.476276184407982583e+00
3.251095074349090908e+01 -2.328458323622456660e+01
-2.171242498046020586e+01 4.228840317203915333e+01
6.555004068670109874e+00 2.975123827929544262e+01
-1.203378900807464369e+01 4.014281174286051623e+01
-3.612742488412235531e+01 -2.362993079359042525e+01
-7.239117899670354461e+01 1.279176455511786337e+01
1.347468194712441516e+02 1.714945222096113753e+01
-1.112574460045954652e+02 6.727010130040241620e+01
-5.712765855655131730e+01 2.622781327718645983e+01
-3.406277574099144800e+01 8.947589510109743571e+00
-5.121129230994351644e+01 -2.678320026022261757e+01
9.877840751540363229e+00 7.263656507104350624e+00
1.119405007111024446e+02 2.225165744708676030e+01
-2.098954119497634441e+00 3.914421001608253903e+01
7.050573206676966720e+01 2.546555510488501994e+01
-4.229664948039318517e+01 -2.625658199683828187e+01
5.892854955956413221e+01 3.328317933622614078e+01
1.081866316936034735e+02 -2.159375981073000261e+01
-6.449507696377801835e+01 5.108438033805757783e+01
8.730816811275586531e+01 1.000498818646396337e+01
1.504344707195852209e+02 -1.832461679877583194e+01
2.150214135391199477e+02 -2.791924033893302948e+01
5.186081416305488290e+01 2.824764988405095423e+01
3.759798560964446068e+01 -4.714767953643825393e+01
-4.166344198906714524e+01 -9.237510913439306748e+00
1.163377506878621261e+02 1.645423234712148641e+01
6.199662369864748968e+01 -6.164867172372594517e+00
1.795325676730311670e+02 2.691188106611550879e+01
1.226353467122545737e+02 2.610348622788040629e+01
-7.062411333723818530e+01 4.283061024456623755e+01
2.450677615912139018e+01 2.353164678250364972e+01
-1.234746103139701567e+01 3.492032406655250298e+01
-2.425168823027560450e+01 -1.070951588113388020e+01
4.149384797503750377e+01 -4.126681852923173466e+01
8.437953739910244622e+01 2.221309217547832660e+01
-1.229308735552736778e+02 2.187234161036744950e+01
1.970713105854460423e+01 4.579603142452378250e+01
-7.065928226781055344e+01 -4.305469531234763281e+00
-1.922174842511499193e+01 -1.111039858665171920e+01
1.755123589365554153e+02 1.072588354839573732e+01
1.521966127743587265e+02 -3.889833001456963757e+01
-4.592939496202820493e+01 2.072548248049219666e+01
8.278412193208214376e+01 -7.668792568693781675e+00
-1.387649095635302672e+02 -2.816988595280934504e+01
6.973515209229034895e+01 3.340008577674155532e+01
-7.674105330065036412e+01 -3.222857808283133352e+01
3.600809843861961923e+01 -1.436802568982360562e+01
5.874663864473154007e+01 -2.581756696490320380e+01
1.986832805559502546e+01 -9.866505046065972451e+00
9.090047979248112142e+01 6.808201030434232415e+00
1.876118817488946533e+01 2.751741686650333563e+01
1.305540877543819818e+02 1.562289508745806899e+01
1.694918286954162738e+02 1.338127695379401016e+00
-4.422444379034659789e+01 8.045748911235136802e+00
1.000187377233643531e+02 -2.963036987818492118e+00
2.490644076305474286e+01 -7.728035694965890379e+00
-1.552704472788321937e+02 -2.258236138319961128e+01
-4.041135244150029848e+01 -3.158277565373858664e+01
-6.939571753021587597e+01 7.991105408182948899e+00
-6.710659216749827749e+01 -2.307524524987260151e+01
1.085226415503318975e+02 -1.638316745996166546e+01
1.183455346653785867e+01 3.125171215039911132e+01
1.108415985685630289e+02 -2.810403249022995542e+00
-6.332853084431332036e+01 2.095238045219104706e+01
-3.779738556990458420e+01 -1.788267520672977540e+01
5.842066870743791895e+01 -2.979446459666628577e+00
-2.418861098944328347e+01 -2.684647048923868695e+01
3.254720493868758524e+01 2.115935304656788674e+01
1.386962729317335459e+02 4.163029480479800704e+00
1.568466638205851638e+01 3.693180681032769286e+01
1.007829015987803558e+02 -9.194909032400001792e+00
4.169177074893759993e+01 -2.062334448148907029e+01
1.257126883065519110e+02 -2.545783675866605833e+01
-2.086891743201868366e+01 -1.251112291782581032e+01
6.212791516921190471e+00 -5.437912239518718849e+01
1.035005091114265099e+02 1.242553048398742810e+01
3.380051099981315588e+01 -3.373798708943309776e+01
-5.981189042427445912e+01 4.698131965322718173e+01
2.136776904228316454e+01 2.860436719020322727e+01
1.311345774624360558e+02 3.342096182646933755e+01
-3.761750671683562075e+01 6.723046433914857012e+00
-3.219360378704979553e+01 -3.721597370042864128e+01
7.604201853910089426e+01 -1.331049862097594172e+01
-8.777720569001502327e+00 3.646560290887217803e+01
-1.220848361376382059e+02 -1.288468368490938154e+00
-9.233846200968693907e+00 -7.396603697969811542e+00
4.404677548609080873e+01 3.497928445795445818e+00
3.344920348522106934e+01 7.289776598504192684e+00
-2.807705895915648497e+01 2.250585658631618102e+01
-6.507165854928473436e+01 -4.323411847693603427e+00
3.293885990275423126e+01 1.902232355579915080e+01
-1.119484046879537260e+02 -2.737361735647668226e+01
4.055318793032358826e+01 -4.402751694506450431e-01
1.045147008487908735e+01 1.449838755286501701e+01
7.839848461370959853e+01 -8.243280591612274222e+00
1.563765345607457924e+01 2.273414246653971738e+00
7.844043543639783422e+01 -2.428597843119294453e+01
-2.425790019651075013e+01 1.675412399823986931e+01
-1.850477698653911318e+02 5.879178575254786665e+01
1.150205875279446843e+02 9.014608537908255670e+00
7.678657635664482939e+01 -5.246438813456606454e+01
2.938091987734629740e+01 2.143924032272405711e+01
2.761579819355155152e+01 -2.149363776952054828e+00
4.262729400308177929e+01 1.197321477313377791e+01
5.634143582794311556e+01 -1.362693410563004015e+01
-4.774922875075572115e+00 4.083502985730080326e+01
-2.944858688182944206e+01 -4.204254364524662435e+01
7.007252146348267274e+01 3.155815848944917335e+01
-2.933509567456449929e+01 3.260414585283854905e+01
-4.376604631381425037e+01 -1.527397926120276139e+01
7.809683199772268836e+01 2.234414274775622999e+01
4.159238547641162143e+01 -3.830505054470036086e+00
-8.883038091107736989e+01 5.097221147646755490e+00
8.003955085601126029e+01 1.763174988156125877e+01
7.304722095659062120e+01 -7.033280664153710449e-01
6.438960059392644553e+01 -4.941424242001713196e+01
9.929354564341893763e+01 1.815131959226175695e+01
-7.352155753067729504e-01 -1.739680613456397751e+01
7.716319461033124583e+01 1.540982677224154962e+01
9.133723144400676119e+01 8.084746632009125022e+00
9.453624291391926704e+01 7.784552601086176082e+00
2.466689731634888361e+01 2.797673895839420410e+01
1.609306413799414486e+02 -7.885541125936781803e+00
5.900547891127756372e+01 2.307490924546830868e+01
-8.890457087883044096e+01 -5.217371255735768898e+01
1.706771576021786814e+02 -2.668136584039929105e+01
9.315004592406121731e+01 -1.512514862352974054e+00
8.439856764507483433e+01 -2.407888133797492713e+01
4.991809597811109001e+01 2.714086857824592247e+00
5.978178415502568299e+01 -2.013884718036527133e+01
7.996486734600108548e+01 1.236099320367145893e+01
1.090899738033327679e+02 -2.541697119809103000e+01
1.663841079561339882e+02 7.865165832196664653e+00
-2.732059676952787441e+01 6.990503383806671422e+01
9.794735666893636505e+01 3.849255854873039340e+00
8.499716963461787600e+01 -1.093696686080167346e+00
1.273393688677855664e+02 3.386467133007446506e+01
4.387483893228976939e+01 -4.249617832583282961e+01
3.552553769944930195e+01 1.021396309257302271e+01
4.132203063737335924e+01 -1.107560918023792240e+01
1.808009474955140305e+01 5.532558029163007873e+00
1.177619530850734719e+02 4.626194213026352742e+01
4.360915974437092046e+01 2.021602801346179490e+01
4.033405693441619033e-02 2.696130867992777880e+01
-1.270869962220738643e+02 -3.484255220459584734e+01
1.272170195057991009e+02 4.475661843963787412e+00
8.868226170195222835e+01 -1.343947396147044060e+01
1.687631036118143300e+02 9.575901028028692252e+00
-1.274623900723873149e+01 3.463451068158631330e+01
9.375433166233272386e-01 -7.308426704610684332e-01
1.268203781456896593e+02 1.975915153822605319e+01
4.093441571220097330e+01 3.572002602001386862e+01
-1.837083808224391817e+02 -1.969860346618842462e-01
4.618538627919986794e+01 -7.948941273381687722e+01
1.329426554984055464e+01 4.303505576877766003e+01
7.132615775615084885e+01 -5.010404394213565382e+01
3.260889527753269590e+01 -2.172052102086610148e+01
-4.871023333937677080e+01 1.330497277900920672e+01
1.554363930859190779e+00 -1.623078057621840742e+01
1.276172340598575943e+02 2.846245273233730444e+01
1.051698049694653037e+02 4.884453278798702058e+00
5.066075473486296232e+01 1.490007485099797790e+01
3.280712956837739824e+01 5.936572297506120144e+00
-7.925834195466087806e+01 -1.663754262972797804e+01
5.042408922325228104e+01 -1.266768939032517416e+01
6.713336893415147166e-01 -1.549605331540652919e+01
2.389277758921508621e+00 -3.311585187120921758e-01
1.729380323741794143e+02 -2.292195941004673543e+01
2.048938772586057553e+02 2.473628430708532733e+01
1.378202704336779334e+02 -3.547739133512346488e+00
5.153641355141249392e+01 -2.696155267092709806e+01
1.919592462952223855e+01 -2.071500846737728452e+01
-1.593543505669910587e+02 7.299275829582370534e+00
5.096492680682039378e+01 -8.124869187599820464e+00
-1.706207206311676217e+00 -8.572981495252477657e+00
2.782663142746678631e+01 4.886165752151837438e+01
1.285788252453969172e+01 3.900181341790337797e+01
4.718035693513501272e+00 -4.836289482003707718e+01
-6.990030344067521106e+00 -8.856185419072165388e+00
6.002815571042540910e+01 -1.789900544791946047e+01
-3.996580902764443977e+01 9.035911177181180420e+00
-1.264577335064970320e+01 -2.271045366759449280e+01
-1.616562294888911566e+01 1.757423021708571298e+01
1.414236496165598282e+02 8.898327038714912263e+00
-9.457585298059716195e+01 6.020653661065132667e+00
1.438380123331552056e+02 -2.707370149738339005e-01
1.618230454981460298e+01 -1.916152663572824766e+00
-8.665059024627110773e+01 -1.506333713338037406e+01
-9.225748795361583632e+01 -3.296112799804055982e+01
7.546096918933399422e+01 2.620802006728204248e+01
-1.345401275045567724e+00 6.953842043975125842e-01
-5.374682984908567818e+01 -1.580706814585733788e+01
1.653906829661660822e+02 -2.357243018980507188e+01
1.325932809390581042e+02 -1.231795943664369197e+01
1.089741724733279113e+02 1.816639099640098465e+01
7.654326287404730067e+01 -1.865692352422101763e+01
-1.012986140516198077e+02 1.588466115424503933e+01
-4.764865348631987985e+01 2.298447666293055747e+01
2.237918202856378613e+01 2.252196494404589444e+01
1.883504807026428978e+02 -4.894761494352015241e+00
-1.096534084963869446e+02 3.479623823285565720e+01
6.842245891338691877e+01 -5.638475470492115171e+00
-4.598550295483644845e+01 1.995983578383874857e+01
2.982000747284221376e+00 1.300929578300192979e+01
-1.399600762663459363e+02 -1.942841488013643314e+01
7.326915853750627150e+01 6.792197549516320265e+00
1.377509585104512979e+01 1.655142267240541898e+01
-3.660598466823223163e+01 -3.076034104131943536e+01
3.106470459451184851e+01 -7.926857420364851414e+00
8.241945828050518230e+00 3.529190081498358467e+01
1.937359175488417975e+02 4.187815856492831390e-01
1.461727636036581224e+01 -1.452954270848678497e+01
6.995665424243512120e+01 8.102692198772007970e+00
-2.823163886072609685e+01 1.736643467945184938e+01
1.256220253519310148e+02 9.043318848033319313e+00
8.728830926601074225e+01 -2.341588381385565754e+01
1.319791426545275215e+02 3.247300017003176276e+00
1.940594328166193065e+02 -2.983466962344547557e-01
1.144875736707264196e+02 -1.825905902925383240e+00
-9.041004693104764556e+01 1.534058748469240641e+01
6.424964623789001905e+01 -1.001961471711364293e+00
7.716604335163910378e+01 -2.029298783772508941e+00
-6.563329412803361151e+01 -6.256292910299920962e-01
3.119339615033494795e+01 2.044641811494492956e+01
3.730598528345862519e+01 6.455145803285041950e+01
-2.228055060022828116e+01 6.190957146145951384e+01
-2.339337633873550093e+00 -2.308967782657795098e+01
1.155619222841846607e+02 1.334550010991135416e+01
-1.183019449879604110e+02 6.500865470168584181e+00
-4.704986633159257536e+01 5.639705873321744223e-01
3.682113373991681016e+01 6.892833160131440984e+00
8.083792575162495098e+01 -5.033317745308841040e+01
-1.421566338474093527e+02 -1.916685245705401996e+00
-1.452566711595593745e+02 1.365143888391777338e+01
1.232489895116779621e+02 -3.909981291732038500e+01
6.184644981960651222e+01 2.776600697086349356e+01
9.608817092597568887e+01 5.003874750991831988e+00
6.676897051325173038e+01 1.335771537960738087e+01
-9.274806082319486222e+00 -2.811729602161734931e+01
-1.227399355465465014e+01 5.414409116008391010e+01
1.139162774143225363e+02 7.604794872982411746e+00
7.064837061554365505e+01 1.044432157512452886e+00
-2.666307681105463701e+01 1.541931088526908944e+01
-1.418826638919685195e+02 -1.495144653666136847e+01
9.619976289103442468e+01 -1.025280203983233029e+01
-4.488212803104250526e+01 2.106838555268006985e+01
-2.650651408184091284e+00 1.321770177064926699e+01
-3.805769970244707423e+01 -1.544626541682841037e+01
-2.543594338494144580e+01 5.626625647368647520e+01
-1.259936870784432159e+02 9.255597218573882401e+00
1.708063434817393613e+02 6.677876371985125292e-01
1.122452348887506020e+02 -1.324941802306410510e-02
9.855462504125068790e+01 -2.277778163727304062e+01
1.275259315033028997e+02 -4.826237736582394966e-01
3.314257633356912436e+01 -4.647196025672528918e+01
4.908278423079618591e+01 -3.204838531946433733e+01
-5.679540874480823476e+01 1.878840078689136561e+01
-1.586001989406341295e+01 -5.806827397218679465e+00
1.117553128991910967e+02 -4.269281257076395497e-01
1.543800836877629301e+01 9.540678637924703054e+00
-2.136054258481054191e+01 -3.192400976192222828e+01
-2.568117591786715792e+01 -3.705364547228653826e+00
2.023887790406541853e+02 -6.135135298849562213e-01
1.007207922086237204e+02 -1.820759123089004916e+01
-1.254571546349156392e+02 -2.091880574557568551e+01
5.689218367387773156e+01 -1.467218589100140669e+01
1.710212564020559398e+02 -1.723284359151053380e+00
-2.225015836095149169e+01 3.711820257903284670e+01
3.798324950348374074e+01 -8.778677558004392978e+00
4.377185161865344121e+00 2.659969111562586974e+01
-1.548748492154949119e+01 -1.962151999107480904e+01
5.594868426298102548e+01 -1.858736350793535763e+01
1.244612782433966913e+02 -3.044724669137048068e+01
-6.049468975396123227e+01 3.935414284987784583e+01
-3.559152428933541756e+01 -2.895637145405593316e+01
1.057441418590639515e+01 7.021450284964763533e+00
-3.517691143927531527e+01 -4.507520484971109909e+01
-6.647152443992741411e+00 6.661962614620358103e+00
-4.404642848625883289e+01 -4.989858947554520796e+01
-1.063691837453140323e+02 4.687775817252529720e+01
1.036666730444709259e+02 3.841006143839218367e+01
3.648495919145216959e+01 3.240197489988005231e+01
2.522893048842078301e+01 -2.128673629610930007e+01
9.721657661937376815e+01 4.200336082359044987e+00
-7.900311292229832816e+01 -2.008779695389833719e+01
1.167159990377442398e+02 3.859808232490346569e+01
9.476194030284526093e+01 -1.148738475169734485e+01
-9.648931674602978958e+00 2.882527990744887703e+01
7.528642967286471865e+00 1.890891766938440455e+01
1.269596414245871756e+02 -4.304919622251750511e+00
2.548978755152442943e+01 3.645971993351024310e+01
1.241491105167266227e+02 -1.043059884230661361e+01
-8.003521980725291485e+01 -1.640300406416859147e+01
1.775262456108446329e+01 -1.051830792525262659e+01
-5.929946891265018394e+01 2.373064829554107291e+01
-4.043302542939204614e+01 9.685088812986398787e-01
3.397446940160845141e+00 -1.834716790689184407e+01
4.470865796741041009e+01 1.407701976365986818e+00
1.655657545218737710e+02 -2.143140422437524339e+00
-1.375232459139432706e+02 5.726384794829019853e+00
-9.726391445033358707e+01 -3.186579345431948340e+01
3.680193010449336555e+01 -1.320605887378230392e+01
1.913945131496328997e+02 1.157200734780228890e+00
6.778266406632195640e+01 -2.816803371730329886e+01
1.098866868438191489e+02 -2.169181535388877080e+01
-9.610792355587874169e+01 1.513203102886408047e+01
6.419829642543218995e+01 4.094344263377055881e+01
3.942920951786661021e+01 -2.653090487070725700e+01
-3.454312700975776096e+01 3.369348521496554838e+01
6.733875037368733274e+01 -7.051502929622398597e+01
1.408215853828916408e+02 -1.688105811085614638e+00
5.749323104148054142e+01 1.518547847571434595e+01
1.254327526039209673e+01 -2.557636658838532284e+01
-1.439787047448024104e+01 -3.361579670288704413e+00
6.318932642397553678e+01 -1.594188688494162420e+01
-4.554823631943442308e+01 1.398679564511441775e+01
-3.876383749738836570e+01 2.631463489772804465e+01
-3.439440640082370049e+00 -1.632804231319104904e+00
-3.439122503905278627e-01 1.742981590961625216e+01
-4.145077164728514418e+01 -8.846113763442395861e-01
-1.362065173875785717e+02 9.590284569261395831e+00
-7.373076364954538064e+01 2.674138386963630154e+01
5.622924288628760259e+00 5.138428053151885422e+01
9.080247945878173255e+01 5.297681786851708985e+00
