4.156702048175100828e+01 -3.512913295085188281e+01
-3.128287409245304218e+01 1.709204222469234935e+01
1.095011639004239612e+02 1.744129209826404292e+01
-3.009517185072188994e+01 -6.914673691863210792e+00
9.435416121418336388e+01 -3.218199921688355403e+01
1.229235924326636820e+02 -1.353965775767642832e+01
5.935618147431658542e+01 1.568367915490520659e+01
-2.813861286331358968e+01 -2.053437683223232924e+01
1.491938299671120092e+02 1.942309211002000824e+00
9.214951436310978750e+01 3.022914466074633566e+01
1.239021183140661577e+02 3.882842060489503311e+00
6.655170264795488322e+01 -5.933931896494906155e+00
7.162247339770598842e+01 1.061381800731507896e+00
7.288546492012405054e+01 4.471167376268193294e+01
-3.752634524328500021e+01 3.052413132428294418e+01
1.094036143914236732e+02 -1.425176490906983506e+00
2.863157900083139396e+01 -1.492877631786722148e+01
-1.050541027638792002e+02 4.268858845156623971e+01
-5.121987707928023070e+01 1.675783375819673893e+01
1.299192273570599276e+01 1.983323126134714798e+01
4.673376888643496585e+01 -1.470378421695599336e+01
7.998021207354422302e+01 1.001734901800418065e+01
-4.020220754831283472e+01 1.547004106048608385e+01
2.087214416676796418e+02 2.318346782146900154e+01
3.296397138469053090e+01 -6.697321631778996309e-02
4.283617168944390841e+01 -2.066317326052358183e+01
1.513735877884384422e+02 -6.479987694159047074e+00
1.035752338752587889e+02 -1.734633818639678893e+01
-1.397221812108498966e+02 6.456130972271203028e+00
-4.248195323999643946e+00 3.056253606040305826e+01
-8.547337638806713045e+00 -2.211653077485959074e+01
1.218878243111884352e+01 4.432463384239765247e+01
-3.143331095235457795e+01 -5.714552071690327750e+00
1.275058138865263970e+02 6.921035635904129180e-01
-9.726690265961659421e+00 8.487958985810468704e+00
6.324471729173423995e+01 1.824008078204430205e+01
1.011558058765860357e+00 1.264936177457899191e+01
1.886010865223272503e+02 3.576907147290104838e-01
1.470659036845739642e+01 6.007509097269515053e+01
1.014439289903622665e+02 -4.401368571795249096e+00
1.489375392091928596e+01 4.803662246525008328e+01
7.020106865073272218e+01 1.084978719652147916e+01
1.127665793995893750e+01 -3.509696687281263650e+01
7.756233543792190233e+01 -1.564091596089344804e+01
7.016397449510211004e+01 1.472895379492202217e+01
6.337446065721406541e+01 1.019458668270013746e+01
4.625388386869098412e+01 1.472744053676611742e+01
1.473945217192893722e+02 -4.812098889029847015e+01
-2.644295133953832533e+01 -6.722892729949397683e+00
2.532208007069762701e+01 1.139747207318372269e+01
1.024756290476321823e+02 1.719259760134628934e+01
5.694449357034486070e+01 -1.680137279297624531e+01
1.321901488779909926e+02 -2.523491357812006441e+01
4.483044549229294518e+01 -3.063219579654804292e+01
4.411102464077492868e+01 5.543792129003465519e+00
1.268664565068646652e+02 -4.658088570995215605e+01
3.704581162708676434e+00 5.819792005330281626e+00
-6.525762873984957935e+01 2.872638664480930615e+01
1.405155694586246113e+02 1.161750061770368880e+00
-8.494988896808436607e+00 -1.411716492621345465e+00
4.682339072168220184e+01 2.811177819624612439e+01
6.898365136229251959e+01 5.128940875311504755e+01
3.019185968341538739e+01 -3.379230415745666249e+01
2.154567276621039866e+02 -3.729823796627892563e+01
-2.087507261107819545e+01 -2.865885890350429221e+01
-6.837666912628382931e+01 -8.435837658862324417e+01
-5.460466849709494142e+01 4.336297588844905704e+01
1.714531068990603444e+02 1.259088844028447163e+01
-2.640528820530154519e+01 3.912783605201104820e+01
-6.121052911889691472e+01 -1.673509602427798981e+01
1.257296632913848811e+02 1.416725667501954078e+01
-3.252846892531636769e+01 4.004629631408737822e+01
1.330084779884532793e+02 -2.856860863374204307e+00
1.100976839473727580e+02 1.783754419078164943e+01
1.015800065272436541e+02 2.712297330004974683e+01
1.599689831434311600e+02 1.776643100183593305e+01
5.084208199979197929e+01 -1.884161621779269069e+01
5.170569104064474431e+01 -2.012035072329119245e+01
-2.929345744116068673e+01 -3.682600118113913634e+00
1.384561732743438611e+01 -7.953273322097282438e+00
2.030929165301170514e+01 4.190266298925068966e+00
1.468173982787598852e+01 -1.208289041088874072e+01
-8.160881243820070097e+01 -5.371400407688201284e+01
-9.978726982057835926e+01 -4.039984913430027547e+01
3.174699363760469950e+01 -3.033371765421736033e+00
4.197370334312760320e+01 3.186557970798164519e+01
1.011096585889599595e+02 -3.697931076555013874e+01
3.533083210125356288e+01 -2.360243523938434507e+00
-1.229370708698869663e+01 -4.231161760085215384e+00
7.849467460292069632e+01 -3.345181867208731319e+01
5.725822567070271418e+01 -1.277635545562776898e+01
-7.128636542891041472e+01 -2.411710940288098293e+00
3.430338733231614867e+01 1.016169534923129092e+01
1.135283844363208772e+02 -1.105741217664181164e+01
-4.249693458358986220e+01 -3.039098660449929490e+00
-6.002823626342901520e+01 3.351362875564007737e+01
-2.711232501721519839e+01 4.422622985975622534e+00
-2.151546383977741284e-02 -8.337984870270025439e+00
-2.317046312065649616e+01 2.406281704915301489e+01
-5.145220187242213861e+00 -2.160607440678963087e+01
-7.634613017776416655e+01 7.411760746792236176e+00
1.489259081629822674e+02 -3.497435715816839519e+01
1.393530432612513152e+02 5.891384563779978656e+00
4.304492389342551917e+01 -9.730374432792233463e+00
2.137382723254105343e+01 2.685234248728792572e+00
1.415687516301707944e+02 -6.431016662833827224e-01
8.224200149748459410e+01 1.210970395839688507e+01
2.532634337747432340e+01 -3.590041538978756819e+01
1.399285381875099290e+02 -3.032720920014778443e+00
9.064098865209270173e+01 -3.059270685819815938e+01
9.745479410393210173e+01 2.360427896663575709e+01
7.144371670631316817e+01 1.280106306717080855e+01
7.647178721406726254e+01 3.367329823632642416e+01
-4.586612354001302094e+01 -4.423038319479623226e+01
-3.415623019556411322e+01 -9.034086926724002709e+00
2.023600113176477180e+02 1.161328612048195197e+01
5.667579626653746772e+01 -2.123347184878292992e+01
-1.205690026158282002e+01 -2.733288810075889330e+01
1.735617928673391219e+01 1.288703332920998079e+01
2.259101412796526986e+01 -2.290170591631119734e+01
1.442025502029766812e+02 -1.943166438457222611e+01
6.113948180239953700e+01 3.581406410785929495e+01
1.101790774008938882e+02 -4.740966090835851077e+01
1.094156747411862511e+02 1.889170293619057972e+01
1.659792970263949599e+02 -2.456933109049950659e+01
6.368341096522713229e+01 4.388293662942448492e+00
3.597562673377372988e+01 -1.954097162836481871e+01
-1.379908590192972042e+02 4.344271101066478735e+01
5.598543107251109774e+01 -1.196604559017106340e+01
-3.751645416030113722e+01 2.450782696970555463e+01
-2.744805224515652498e+01 -4.501586721822980763e+01
1.389859718277833451e+02 -1.204707822099138070e+01
-5.739889742746260026e+01 8.460542014341386974e+00
1.153077254478895384e+02 -2.544747324137413358e+01
2.120724945679811313e+01 9.827438190941210294e+00
1.797455913686149387e+01 -1.568203904924271797e+01
-1.838583058242161883e+01 -1.273798957422467382e+01
5.176194736471249769e+01 2.177834873981402186e+00
4.133796329823429261e+01 2.435393695110325751e+01
-3.549486577557956934e+01 -1.173429192275933985e+01
4.737978938273453622e+01 3.533207882108073505e+01
4.396810468463888455e+00 -2.143260864250844389e+00
-4.950679640878622934e+01 -6.025594644816986367e+00
-1.599103284638827382e+01 1.380936378723077951e+01
1.063914277692723687e+02 -3.326641876065041714e+01
3.270059940778907048e+01 1.505447446866401506e+01
8.572630411893813474e+00 7.356777385285719006e+00
-4.379965805831464110e+01 2.602792544266338481e+01
3.446310962044805848e+01 2.755855527256369797e+01
-7.112945363712308122e+00 -1.826255231891254383e+01
1.574737882596358531e+02 1.533603053308193687e+01
-9.879994460162635050e+00 -1.522354781551745440e+01
9.298439200475711175e+01 1.852582404408128269e+01
-8.532911684001955166e+01 -1.571604320842827818e+01
1.491216793085663710e+02 3.931920127994496994e+01
-1.102856702628165930e+00 -2.478718947893653546e+00
1.795593159201287747e+01 2.417761707621624723e+01
6.739078179833323645e+01 -1.713780117063548403e+01
1.084243361052836434e+02 -2.498796616064979048e+01
5.553856152349761999e+01 -2.161032698567253885e+00
-1.939911627125790794e+00 4.069469199871717535e+01
9.070012122793103515e+01 1.218907973195052996e+01
1.085628296957442842e+02 -9.190981944437536910e+00
-6.740607516718660008e+01 -3.668214982836145310e+01
-8.356076020748481881e+01 -1.328718878181659591e+01
-1.592454964689659569e+01 -4.196111534556893474e+01
1.765561357452365030e+02 8.577105624720068988e+00
7.022520010515707156e+01 -2.254933842352217965e+01
1.626077248879368256e+02 -2.205441264032951310e+01
1.639451189902866304e+02 -1.366852608643596811e+00
1.901140852896645868e+02 1.468336299107255272e+01
-1.972475392447162434e+01 -3.293007235646266651e+01
6.912654560577523810e+00 6.901692914623652086e+00
8.238589286515700394e+01 4.396652355879862917e+00
5.612235878286398361e+01 3.216226345370580475e+01
5.801791077918642259e+01 6.887072430735702966e+00
1.176463633074501303e+01 -2.221844497231335325e+01
5.567245830744708002e+01 -2.505806508518543652e+01
8.657502338543312703e+01 -1.575160801140442146e+01
7.824614780193846286e+01 2.274172900779418427e+01
8.121774654015927908e+00 1.394611050121067208e+01
1.655724409258776575e+01 -2.719957768737997839e+01
1.667698465851252365e+01 3.553746407032512877e+01
1.039547440279199293e+02 4.795622310006003630e+01
8.196498859214713661e+01 3.262090425876262145e+01
-1.216445961616459783e+02 -2.689250466240978810e+01
1.003932722299201856e+02 -2.367813618507733153e+01
-2.723850530020555638e+01 -5.964548519048494590e+00
1.735349818987449453e+02 4.769094504048896965e+01
1.781997302822836104e+02 1.097269423665150967e+01
1.300522109019978245e+02 1.458458569890704482e+01
-4.800821988614470825e+01 2.931950619702449146e+01
-4.855735920046773124e+00 1.547491903467729735e+01
2.758027609396284774e+01 -1.054763256042789443e+01
1.272312395164163519e+02 -1.781763300853497611e+01
5.557704985992586444e+01 -4.754341632260634221e+00
1.685676467988693901e+02 -2.429008413497893670e+01
6.955644864739345223e+01 2.091386154566022526e+01
6.508181717860254878e+01 -3.467424070206409681e+01
1.052422747276271053e+02 -2.388755175902856465e+01
2.618889538405957040e+01 -8.987145974606310261e+00
1.901580987799965499e+02 3.464934626916128479e+01
5.106432324136366674e+01 1.506935105339993797e+01
1.207719284881442547e+02 1.002869007320573935e+01
1.528062229839027175e+01 1.139880519649152646e+01
1.478832784558012747e+02 2.208321176200638902e+01
1.548391732118398068e+02 -9.346043440297657767e+00
-1.551435080202530159e+01 -4.418843269090468340e+01
-1.267872268649398535e+02 1.401774344410559969e+01
2.230687800332383475e+01 -1.814951638767555764e+01
6.355172854408075978e+01 2.878010999201618247e+01
-4.945571737365990828e+01 -1.909535760205126831e+00
-1.064530881199595598e+02 2.107037237465756263e+01
4.982487469813053593e+01 1.017470622816345482e+01
-2.183203233383999731e+01 2.642765403436479588e+01
1.472382397962263667e+02 -2.594974898071552794e+00
1.473987075695164037e+02 -3.016789631869248822e+01
-4.773659805494393282e+01 2.656318630888291921e+01
1.168591428829385421e+02 -3.253500376254007165e+01
6.418754908172893181e+01 -2.464549702656736674e+00
-1.999874553552982803e+01 6.136140629124387402e+01
1.728112506647362920e+02 1.521149508911301318e+01
-8.340569969697986608e+01 -4.233447462965089869e+01
4.126012459635654750e+01 -1.740671326217224291e+01
1.004807402118140800e+02 4.178148272044021061e-01
4.800155772610047222e+01 -2.504403650202138110e+01
1.226605875565285686e+02 -1.099838870710740046e+01
9.765381791010695167e+01 2.769835743459165656e+01
2.802627961130892231e+01 -6.813353045855919943e-01
-5.212552913678959499e+01 -2.503780256150127315e+01
9.181057015199721150e+01 6.602936718980322972e+00
1.259423167574628764e+02 1.334656986601055584e+00
-1.029701301122491515e+02 5.186286238057482478e+01
1.872500188186865557e+02 4.003643088613513534e-02
8.704165964910987441e+01 -1.401430901209055335e+01
2.057252018179795243e+02 7.547155316406947811e+00
1.342967541292612168e+02 6.037629796055671960e+00
-5.319361965485700505e-01 6.320882275076531442e+01
5.910829126775070108e+00 2.445665674338884088e+01
1.708894606781420009e+02 -7.847720430091038146e+00
7.011211218954696278e+01 6.149099840597780364e+00
8.852396878488649179e+01 1.693120014175400101e+01
2.399086630812873366e+01 -2.265590034174563883e+01
-4.681999372802162895e+01 2.654826746093496936e+01
-1.311556166848295675e+02 -7.081128108321340875e+00
7.651302772176754274e+01 2.856379805187185994e+01
-9.213284007737041748e+01 -9.932992465368579715e-01
1.471817297093003241e+01 6.161337639105827435e+00
8.126875475118596626e+01 1.094668350980547977e+01
1.517169552323987887e+02 1.071271849073876226e+01
6.176034113717987850e+01 5.535483920824498583e+00
6.561490793138514732e+01 -1.643825813688592063e+01
-2.154248614079424229e+01 3.144818566041697405e+00
9.591227263702513994e+00 9.537575748567196143e+00
1.458785272915249323e+02 1.745861036725421300e+01
1.392942212982952128e+02 1.113339542183365172e+00
-1.975293451931898048e+01 -4.841120674969594972e+01
1.931469322383655367e+02 1.226145839725673525e+01
-1.465070782737786459e+01 4.149149952172867017e+01
3.498675094861238222e+01 2.969751609001535897e+01
8.261285282776761107e+01 7.039330678494036597e+00
6.728327398538605841e+00 3.781925839851602245e+00
1.573590212754121183e+02 -1.136816379570885260e+01
-9.790155412817065894e+01 1.731772989412633024e+01
6.790814745752160775e+01 1.198215274744017478e+01
-6.206928565439861956e+01 1.023214089428914342e+00
1.932124566493001439e+01 -6.579054997630584012e+01
1.284607205712813141e+02 -1.233734785386616117e+01
9.661390212859110704e+01 -2.518258848581928078e+01
6.921814630914211364e+01 1.064115316496093477e+01
4.894667212825540759e+01 2.428284568736516746e+01
4.782529446264783246e+01 1.162658853215142152e+01
7.938476532423763388e+01 -1.889114644349550431e+01
-5.220307780326731706e-01 3.186244118870449782e+01
7.046836861152506515e+01 -8.031206275195815536e+00
1.403085710562321822e+02 -6.986723727012747354e+00
1.160181316937889449e+02 2.207314309363024307e+01
-5.279726746413982141e+01 -3.257974349851565421e+01
7.800492749471528953e+01 2.814717264440753652e+01
1.582395922264387309e+02 4.052732210499783605e+00
7.542911995964851712e+01 -5.715182370340621709e+00
1.045591920114270224e+01 5.344717561384136673e+01
7.336585168343522589e+00 -4.142566811229460200e+01
8.115921532831112017e+01 2.445783624195665951e+01
1.443525494196038323e+02 -1.204609459188377762e+01
1.395552391207510823e+02 -1.565447398083055219e+01
1.948181415632786013e+02 6.616788090619984963e+00
1.392897917278820898e+02 -4.709702969194806244e+00
-3.694933254530656797e+01 -1.633141126132498044e+01
6.069751055088592473e+00 -9.871912404721626899e+00
1.482451413729809531e+02 -1.748531071112800461e+01
-1.134930809825282552e+02 3.703913465433902985e+01
2.640530034782136326e+01 3.307475188702484026e+00
3.234504185665875298e+01 -1.717115126922720059e+00
1.250885343686312545e+01 -6.859891639395626406e+00
8.372701494206368977e+01 -1.481364940595136126e+00
-7.240203100341574327e+01 -1.179568069550556686e+01
-4.008058246780024980e+00 1.433912428431829866e+00
1.356029988431983782e+02 -1.494212358706068677e+01
-3.782974907811758669e+01 2.128746150589375929e+01
-1.032031777816048645e+02 -2.880158112450809327e+01
2.242552061506719951e+01 1.807891731351999454e+01
1.293968525416949156e+01 3.462228308618869477e+01
7.038703654605245674e+01 -3.260623076314872293e+01
-4.754211627327533307e+01 1.071311529809022112e+01
-1.290724548426543805e+01 1.395496538280460541e+01
-2.359459678980586261e+01 -1.627144176122700969e+01
2.498326235396754313e+01 -9.977118963892303682e+00
1.108462571768051106e+02 -1.011027537488292083e+01
7.243000310802555930e+01 4.559316146491948274e+01
-8.634466190831173549e+01 3.789196452000363813e+00
-7.186607556124576801e-01 1.353369843030143116e+01
-1.442687332295471414e+01 -4.992159819106364083e+00
2.799447271670592485e+00 2.674633541602837639e+01
1.237066009662218136e+02 -8.277135640845568076e+00
8.344189929655651383e+01 1.674026798853623887e+01
1.211147123979842348e+02 7.378509247982534269e+00
1.733287851560203876e+02 3.170968693824636730e+01
1.303397759817661665e+02 1.802915141130062437e+01
3.770933660937090082e+01 -3.270774927378660379e+01
1.452544811816071899e+02 -1.513997199918425984e+01
1.034391423115380491e+02 -2.096161988295314416e+00
-1.609172917995614016e+00 -3.456582318114328700e+01
2.167640525733685308e+01 1.155120532304002801e+01
-8.437401900387224885e+01 3.234676044407419226e+01
1.357628981689165073e+02 -2.661284822047393472e+00
-1.728138873381562490e+01 -4.738784056077617102e+00
1.452872922823347324e+02 -5.947977421776167972e+01
2.868263959592235324e+01 3.725261740562964974e+01
1.150146405149876045e+02 4.146761557629147177e+01
8.634790240649141424e+01 1.604687194874793121e+01
2.044907356309058599e+01 7.317518350984266284e+00
7.082823386264361432e+01 -1.649908011540968999e+01
1.220257801689186152e+02 4.483799081158676536e+00
-2.306083591750595119e+01 8.335408643457176581e+00
4.115053990636481274e+01 -5.828910754046282960e+01
1.240818439531842898e+02 -2.796834807406387213e+01
9.602444130265629951e+01 2.999567313065448548e+00
1.346335243878033339e+02 6.547414216472274973e+01
1.511097347507643178e+02 5.735553258147564115e+00
7.161587282261866960e+01 1.761283740603635195e+01
-1.207056849476455440e+01 2.221782289572002966e+01
1.382042769321230651e+02 -4.097924272742359619e+01
-8.549703157111428808e+00 1.484100997439612435e+01
4.838683198089568371e+00 1.189978626334227962e-01
1.021529382797073708e+02 1.240638182909371068e+01
3.473632855859477786e+01 6.328937518215694169e+00
1.097629380671256456e+02 1.882872780816303759e+01
4.112589679506903906e+01 -7.840424312442108246e+00
1.700370376790774571e+02 5.272714972411566947e+00
6.741804021785989676e+01 -1.343955539532053045e+01
1.470606404841553854e+02 -5.274512570197442329e+01
9.700263842107271728e+01 2.894325332076120638e+00
1.326937560676724388e+02 -2.784848212133740830e+01
-3.818870098331313301e+01 -4.373769787828310740e+01
-4.041963066481257982e+01 1.863315763647715073e+01
-6.803187575645753782e+01 -1.009395761839337879e+01
3.002496039715659748e+01 1.033519640234565884e+01
2.600956581563184145e+01 7.927079814907697752e+00
2.329748233329117468e+01 -4.625518525072891407e+00
1.465103719582166120e+00 2.167107853228812786e+01
1.856616659775430094e+02 -9.818852553498487623e+00
1.998597587954495509e+02 -2.429035939576296599e+01
-4.286014275248822258e+01 -1.159377206726686715e+01
1.561580521536786250e+02 5.857259767146046237e+00
1.924014811178795412e+02 2.387166899430416223e+01
-2.634701457582047013e+01 1.526441245775119970e+00
1.760578073285274314e+01 -2.102817160076832437e+01
-1.009809043601826772e+02 2.558096422698935157e+01
1.749140469578591990e+02 -2.761758010966524068e+01
9.338150290442222001e+01 -7.975477899539015425e+00
8.010723181649439084e+01 1.190967197190020954e+01
1.445534741697005074e+02 7.046212756890970930e+00
-5.341949740482380804e+01 -3.605976499252181355e+01
-4.554361667066016395e+01 1.918510202718256963e+01
7.980238584001025970e+01 1.792079985358530081e+01
1.436148813184726976e+02 1.053992265432890818e+00
1.527657524409794974e+02 1.509494493188276776e+00
1.783948357381711673e+02 -1.434199831563513428e+01
1.222296386706015454e+02 -1.447222116438611650e+00
1.481935668545075373e+02 7.174356036813626325e+00
-5.184262064250978597e+01 3.008694033055765971e+01
7.376857034063904450e+01 1.205154808573318626e+01
-7.953860422610534897e+01 -3.351731359132544696e+01
2.042789507108809346e+02 -8.898997276047207805e+00
-1.219908988021055229e+01 -2.936276116424706828e+01
9.348351464267868494e+01 -2.010197872761488114e+01
-4.590603458236683565e+01 -2.500448940778806062e+01
4.266089798906073582e+01 1.902678685231420630e+01
-9.551304835802076809e+01 5.824871372566975403e+00
1.344309817542481937e+02 3.378546097544784743e+01
1.064453264219953468e+02 2.008423697806784602e+01
4.144560986670843050e+01 -1.776110367266469936e+01
-1.110081096175992244e+01 -1.760755339877870540e+01
9.747219502507772404e+01 8.130375538666730506e+01
9.454056691911242183e+01 -2.348962745222184267e+01
6.555818463857804090e+01 2.241603236219459916e+01
-5.930574899710860848e+01 1.589886895385935794e+01
1.127346625957103043e+02 -2.687013134966952776e+01
-1.240135314592783189e+01 2.362958314833913054e+00
1.112563628202903203e+02 1.341707058851262779e+01
1.188718053111531070e+01 3.907004958289765018e+00
6.113212850995968495e+01 -1.098891300519184888e+01
5.537710023482793531e+01 -2.161240777355183695e+01
6.232451571773622589e+01 -2.547041003419661465e+01
1.735085160125890127e+02 7.242392550428189857e+00
1.738350077587697484e+01 1.573590339309948760e+01
-2.149386806723063970e+01 -1.259637075527879402e+00
5.561397653343443892e+01 -6.006101376514278556e+00
2.350098946864041949e+01 -9.877640142402375201e-01
8.954418515233129483e+01 -1.848873142381829027e+01
5.602589039327632747e+01 -2.145892628183322870e+01
1.183508247027243385e+02 2.118008332089317491e+01
1.772553383773018538e+02 -2.138341880379816118e+01
9.476158011044826424e+01 -2.391540048579107136e+01
4.463320184914228861e+01 5.520815457294035333e+00
-1.088014103307868652e+01 -1.708460117781665133e+01
1.281889172715691529e+02 1.584983549428706695e+01
1.611465612600210306e+02 -7.534638454362715621e+00
4.249693155244352738e+01 -2.535608047397619558e+01
2.491103638565706646e+01 5.834110726645250367e+01
-5.866371032499563398e+01 -4.386159189289447369e+01
1.614886080827205035e+02 -8.152262104429787826e+00
6.933033369146858149e+01 1.071505304959843841e+01
9.521724220283117290e+01 -1.623215788021732386e-01
1.378081402903119113e+02 8.277078651843121193e+00
4.574347533840645497e+01 -2.277297961224367384e+01
5.560616003491261949e+01 -2.704445029360836728e+01
1.538326498355440322e+02 1.491859415271098399e+01
4.709277771986250372e+01 -4.286336271526335651e+01
1.669649045171527746e+01 4.176884990869133674e+01
1.386876494398886450e+02 3.438480051773503732e+01
-1.229853556549617366e+01 1.768232408997417693e+01
1.148052594114558786e+02 2.778034779976962909e+00
6.337671045326776209e+01 1.320167626609974931e+01
4.693594173868842034e+01 -1.605144549908759188e+01
1.082732747890407552e+02 -2.744771203569218443e+01
8.956435896780487838e+01 3.018953045906797250e+00
-7.385530481063874220e+01 -2.525066004469193714e+01
1.562920358692331604e+02 -2.418811648158043326e+01
-1.929482106418872434e+01 1.112907544193667597e+01
-4.516251508937284598e+01 -3.035617093662684596e+01
1.138743409663374990e+02 -5.840662502792328326e+01
2.557787242140938666e+00 1.395234027822359302e+01
1.707783929884692213e+02 -3.833879492879928819e+01
2.938728651221270383e+01 4.842308369476997498e+00
-7.089339873491528010e+01 2.812303274000578668e+01
1.384080690007495775e+02 -1.224521659309180066e+01
9.118495711592936459e+01 -1.921817989266107318e+01
1.078606727876592686e+01 1.136565256038836047e+01
1.277342662695943574e+02 4.942159284372475980e+00
7.027672784996552480e+01 -1.561453320665275335e+01
3.641672830744959555e+01 1.164135603445428213e+00
-1.723173489371039580e+01 -2.436849216154191566e+01
-5.656043258388001504e+01 -4.075718319053279082e+00
8.044611297595484700e+01 -1.589535802505582929e+01
3.870432043909125497e+01 -7.395842728875170025e+00
3.898627327333435488e+01 -4.789311561695178199e+01
-8.089841059860427563e+00 -6.680982450964911834e-01
-8.076314511371946026e+01 -1.394418394888246304e+01
-1.646331626146452720e+01 -2.136080948200164542e+01
3.700684429353694327e+01 -2.266081791305382609e+01
-1.032006158661769923e+01 -5.267229768407628399e+01
1.821537256656065153e+02 -1.058154942504651785e+01
8.101195639854820740e+01 -1.942358390846456473e+01
-3.905461512676324531e+01 -6.258393519063361055e-01
-5.586660839141523383e+01 3.021625599726782241e+01
-1.857525129987693591e+00 2.222287318985044635e+01
1.708534027941935562e+02 1.033968482596881877e+01
1.304448525252489901e+02 3.764948498830415602e+00
-1.189855226520839437e+01 -2.062196497160750752e+01
-4.192460058727895955e+01 4.939724844004724957e+01
4.774537562360587373e+01 -2.588015890044345113e+01
9.759589970655949287e+01 -1.775595121072520399e+01
1.392749333796748772e+02 4.230291943414165701e+00
-3.330754110406869017e+01 -1.502915082141083269e+00
-7.583981170113885639e+01 9.980176145648765873e-01
-3.524459241214982441e+00 9.368213221388238310e+00
1.150335838434606472e+02 -3.332070933421548808e+00
7.758786744494111076e+01 -4.245753456867760178e+01
1.002584845574203172e+02 2.231582328115575109e+01
8.549115707098221151e+01 1.044500783544340505e+00
8.363357278100760084e+01 7.136555503061100580e+01
1.413023655214218195e+02 3.211117697486865552e+01
1.925999285470867051e+02 2.996843715856960344e+01
1.104187996519768404e+02 1.976341203138791869e+01
-5.820577458536776305e+01 -2.362787309039026673e-01
1.609062652501953892e+02 -1.183223586143606620e-01
-7.204189436703227045e+01 -1.410117944130275447e+01
1.825724492605803277e+02 1.158382745851159434e+01
-7.805299445920184098e+01 3.700766312430430105e+01
1.511840101928652871e+02 3.684234676022994392e+01
1.437739542518180826e+02 -7.569514907658282610e+00
-6.297025068688686389e+01 4.015446278315547346e+00
-2.908628886797159296e+01 -1.970615954546446247e+01
6.665585008181906801e+01 -1.408581088238111612e+01
9.938550756168744726e+01 -2.144539179551604846e+01
-3.833469608935364192e+01 2.334808264807425005e+01
7.722506303373145897e+01 1.739098508041575286e+01
-1.319424897868441917e+02 -2.819754562166697198e+01
1.257435008856131162e+02 1.711404098193269618e+01
-1.437170693358165749e+02 -2.781687687991081503e+01
-2.649328949223055929e+01 1.409275516775408121e+01
1.153532004602926264e+01 7.164493532291483113e+00
1.095363411221646288e+02 8.862187308121699303e+00
2.299168999255479306e+01 -2.768022820418892493e+01
2.071640566798755856e+02 3.635137822268471552e+01
-4.952650539138398145e+00 -2.335590533999183904e+01
1.499350289539570440e+02 1.775965659435375654e+00
-1.476203818135132906e+02 1.387409390372907936e+01
9.032776908448514064e+01 -3.165128014324379180e+01
8.281649989246041343e+01 1.096294667076511020e+00
1.881945602174098440e+02 4.820365050584878297e-01
6.006022098947403265e+01 2.570552184636174786e+01
4.999846672652513746e+01 3.894327847487966210e+01
-1.388636001043633428e+01 3.237555035298224482e+01
1.143410757903825186e+02 -1.135217713077240731e+01
-1.191681264890137371e+01 -1.062104781006162568e+01
1.681263978307762272e+02 3.075860325870238388e+00
8.349267502046227918e+00 2.621646810986948495e+01
1.300468982004659324e+02 2.498916350997540547e+01
5.699979521570435281e+01 -9.326698139053294367e-01
1.057407697699661213e+02 1.025885383162712117e+01
4.624442685727102997e+01 9.287475006978297420e-01
6.270486441942192357e+01 -1.087877303246983196e+01
1.600416597305260780e+02 -3.831099784258910290e+00
-1.636894778332147382e+01 -1.534528851767965563e+01
1.345801682995945612e+02 -2.819440782448949356e+00
4.868426911097798637e+01 -1.251655770155568703e+01
1.038996843978624263e+01 -1.181298233872754189e+01
3.771640022186581565e+00 2.151282717217738671e+00
2.826718331730643285e+01 4.120883749218811687e+01
7.083506059625798912e+01 -1.005023983973577728e+01
-2.901102891384861593e+01 -9.532745592934245948e+00
1.873320603645703031e+01 -1.066483204269175822e+01
3.932586492499534359e+01 2.559334523826789276e+00
5.272434765570259430e+01 6.012980750192685520e+00
7.836166950358790473e+01 -1.283114376395649181e+01
-4.481069034470903745e+01 -1.560290974383135243e+01
-1.108516823734102559e+02 -7.903980521369431855e+00
-1.755613942771673486e+00 1.139709579684981833e+01
-4.454364938447076128e+01 1.359534640287785301e+01
-3.672990842731967120e+01 2.617686106423733605e+01
-2.470087756657501643e+01 1.345446078970229209e+01
3.333723067580211108e+01 4.231175575673003664e+01
1.062140862746298922e+02 3.583201380425481375e+01
5.396441747234231201e+01 -1.102417186430810681e+01
9.149964181445463396e+01 -4.151833367846637479e+00
1.218008536542836850e+02 -4.365130620884206891e+00
1.582830043801746456e+02 4.894359598383582011e+01
-2.708997058253486045e+01 7.474406912121658308e-01
1.724512325768843652e+02 -6.159398613070315776e+00
3.149662970058806621e+01 -7.261590551341683408e-01
1.692492338669141816e+02 -2.198860637962074982e+00
3.026379915590217351e+01 -1.631627347476010570e+01
9.325520968653154341e+01 -1.027471026401905974e+01
1.073410999368427241e+02 2.467826558408676263e+01
-5.788317789233627941e+00 -3.118037402912179701e+01
6.211633807391628181e+01 -1.290968107230441930e+01
5.234683170853836742e+01 -2.645267618153981815e+00
1.806387962958762046e+02 5.265958327714868048e+00
2.434711901367476727e+01 1.604702747986553035e+01
2.486083855819469335e+01 2.531859515868173105e+01
-3.685589172918626844e+01 5.625898685100712271e+01
-9.146082442671113810e+00 -1.105974762514658138e+01
1.528872327616628013e+02 2.374958227876343742e+01
2.484674730073892590e+01 -1.449261942417532723e+01
9.071181526686975971e+00 3.245180446354056158e+01
1.024795917064480761e+02 -1.406517057891075240e+01
3.952371291452369206e+01 -2.857527631701867854e+00
-4.520551032658677570e+01 -3.001704566138949914e+01
2.089392840644325418e+02 -1.639778990533541858e+01
1.836248967068564042e+01 -2.170825252434549668e+01
-4.435224264094481583e+01 2.769148468175264810e+01
-3.765008863143006312e+00 -2.252570044478337152e+01
1.715139327666006466e+02 1.450106072170380855e+01
1.081221097994760640e+02 6.092658789043186118e+01
9.192104514820189820e+01 9.174394966326911316e+00
4.379614162918975495e+01 3.477016486880440738e+00
1.525122833496834005e+02 4.222146432158905327e+01
1.231225650074896549e+02 -2.445444135463459645e+01
5.146641740131455478e+00 -5.715173403413360376e+01
8.763267351740994471e+00 2.862278978620730285e+01
1.429589822950384530e+02 -2.752970574918576574e+01
8.678814044096132818e+01 -2.399223964283967092e+01
-1.147009939014417768e+02 -5.845787937390530153e+00
-6.452125679261011548e-03 7.085130977338859104e+00
9.417608883222054317e+01 5.622001860615445601e+00
6.300190438189370923e+01 1.627651570746667531e+01
1.232337396447710063e+02 1.213989976068501520e+01
4.117092507030335469e+01 -1.947493861966121642e+01
-2.485935862083499615e+01 -6.835297593541603156e+00
7.795780401071641563e+01 -2.139949787743227461e+01
1.230788550791221638e+02 6.325223738451121180e-01
-1.443669275159682464e+01 -1.684878829839198744e+01
-6.097502742822847921e+01 -9.833222476565834924e+00
-2.821613927781213249e+01 2.129420300449032766e+01
1.333212871882232378e+02 1.330448092826362405e+01
2.424793632080598016e+01 2.674717346112863048e+00
1.194227469473080276e+02 -1.357606043464642198e+00
-1.731823809192539443e+01 -4.269995980701064120e+00
1.988551380364732779e+02 1.420551631637782819e+01
1.534139319456762678e+02 -3.422147291443668848e+01
-2.892874551714941234e+01 7.806187063329117493e-01
5.048380340698641078e+01 4.303752361112613301e+01
1.849094454662421185e+02 -1.624005405393759982e-01
6.822802948478815210e+01 -1.324886891585311766e+01
1.450509035301939775e+02 -2.118249943346219766e+01
-2.697782003127494832e+01 3.640722227655054866e+01
-9.329311553511944055e+01 -2.539871795124617648e+01
3.013616606455881453e+01 -6.279413197488574738e+00
-7.126548733493780219e+01 1.528710426070350259e+01
8.289459895146984536e+01 1.298652100886308247e+01
8.534691700491781319e+01 -3.432462541414591328e+01
1.875694651278682841e+02 5.860799391044819728e+00
-1.824349530391745944e+01 3.133227030910862609e+01
-2.622239959080557270e+01 1.308130657311958345e+01
3.056339176217818121e+01 -4.640626102321627755e+00
8.727587183007374794e-01 -3.304106065650445601e+01
1.306980946320315695e+02 -1.812686908211340153e+01
7.168560367209337869e+01 -4.676284373687164653e+00
-9.968643445147024806e+01 -4.230174210594761064e+01
-3.991689738099840667e+01 -1.252448305561741471e+01
8.235496683242868698e+01 -1.495580565079816715e+01
1.655076428132580304e+02 -2.308875746934013762e+01
4.656243200213403099e+01 1.430147262954618803e+01
-7.352271089471749121e+01 1.484656927111503322e+01
1.996450595744595091e+01 1.749598814014171566e+01
-4.544849820202319535e+01 -2.730151940975642333e+01
-1.242685417724744035e+01 -3.320129710597124273e+01
9.711089937028825148e+01 1.342669255918721216e+00
-1.137332709106680007e+01 -3.144259769117162762e+00
1.446989493121282635e+02 -1.956546394446329984e+01
8.222382873473658549e+01 8.535726572301545190e+00
4.058380289938838104e+01 1.398368235998719555e+01
9.839461770894658343e+01 6.655621518883531706e+00
-1.466873734363642789e+01 -1.750498551556653481e+01
-1.422101972002679382e+01 -3.823351376406751001e+01
1.656357486747475320e+02 -2.825385472028185063e+01
4.637358099080119089e+00 5.139539464120170820e+00
8.902780908430191431e+00 1.639671919322398352e+01
1.443579849254878127e+02 -4.261142166012207078e+00
-1.024768910933918846e+02 2.948849246917895073e+01
8.675872416331755232e+01 -5.782221354759565557e+00
9.968394386180536060e+01 1.361031090748743466e+01
2.389140635703559568e+01 1.785841428338532566e+01
-9.079929094060123163e+00 1.780412767574947708e+01
4.352168450499967811e+00 1.608849228746162652e+01
1.656477175736870038e+02 -5.639202092213117368e+01
1.525790674621533469e+02 4.685378285561952794e+01
-5.190063505382495634e+01 -3.946552586224800052e+01
1.839994855434738099e+02 -8.234694201811006309e+00
7.718709272030006119e+00 -2.647515082417456966e+01
8.430650891218684251e+01 1.646678337139406523e+01
5.458197368342668909e+01 1.192299512240168546e+01
-4.409268291145971119e+01 3.317504412444443318e+01
7.480279323921179468e+01 -2.197798128105234028e+01
1.156443482596764341e+02 -2.168780039224104783e+01
1.464154375380673798e+02 -2.502156636544956214e+01
1.160120766082407755e+02 -7.974109755232159369e-01
-9.638875584289232279e+01 -3.926683552324260518e+01
-1.003879484994881608e+02 -9.998729990004033397e+00
-2.486949174944884078e+01 -1.769506064716686566e+01
5.580804862977047520e+01 4.395020162605812075e+00
-5.801205593993342902e+00 3.278829038683140240e+00
8.738627062907360710e+01 3.048556573686710536e+01
-8.313937265249259667e+01 1.234351500747632180e+01
1.475343290583990097e+02 4.441663580662613953e+01
1.224234147295320412e+02 -7.499571985737758517e+00
2.083239346413701867e+02 1.639396360698062693e+01
1.915811593359931351e+02 3.553233550283061248e+01
-7.360574039688816583e+01 1.066829116714498760e+00
1.701042020177564495e+02 1.170412721108763421e+01
8.619933031110390687e+01 1.726193190475386530e+01
-4.561262747718679833e+01 -5.338541874819124899e+00
-4.701557635746722497e+01 -8.012537891655632905e+00
5.666679314947386104e+01 2.252561244876152102e+01
3.874600018550027869e+01 -7.602884527325413089e+00
4.418295658806714243e+01 -2.228902455484862699e+01
2.594040585808846799e+01 1.399052543381540670e-01
2.440474835891308558e+01 4.995628872708610402e+01
-2.398739319427370376e+01 -1.350999934517808043e+01
8.523399734446152820e+01 -7.847559453257925099e+01
5.696388006304437113e+01 -1.014240394346447260e+01
1.025786229494560899e+02 1.172778315023747631e+01
-7.670270195139710268e+01 -1.208954680670835735e+01
1.437457693679481281e+02 -3.488401003907091180e+00
1.508437445879650909e+02 -2.379340516493011393e+01
8.405953985326286215e+01 -2.651529866021996895e+01
1.085955061152722294e+02 1.772661341184206707e+00
2.974376005457131811e+01 1.285886520130857491e+01
-1.079009775877199040e+01 2.650321727127369353e+00
2.118694188029156322e+01 -2.630502441206906994e+01
1.899842409717591707e+01 3.549566034482977273e+01
-7.906471049221435976e+01 3.206821756190698380e+01
-1.631938313091816610e+02 3.080161237917691253e+01
5.620481482617076097e+01 1.674328024618600708e+01
7.225562682116701296e+01 -2.159540214002860115e+00
6.739214902090093062e+01 -6.651449133554821813e+00
1.399409101121208607e+02 -8.343689385149753335e+00
5.216007256895705524e+01 7.058397879702167366e+00
2.160560817166436465e+01 -2.570245770257409035e+01
1.259497119718493394e+02 -1.402494249880378341e+01
-6.058079894612046701e+01 4.409062666750113380e+01
6.598004881346206218e+01 6.492629222996890270e+00
1.336278233185532827e+02 3.979459254266916268e+00
2.830739372603162352e+01 -7.510287812826107690e+00
9.164094582190521976e+01 -4.744149845974451551e+00
1.343849082750439372e+01 6.202556223646968014e+00
-5.740774483272699769e+01 -7.205166515174215469e+00
6.910886270106796303e+01 4.909206627658937450e+00
-5.664859215970050599e+01 5.405422493756588231e+00
1.683986046960204987e+02 -4.015723656019309473e+00
8.770086274378277835e+01 1.434734182233066413e+01
-9.722387273047336009e+01 -2.903379906234344432e+01
-1.670066683243871637e+02 1.837490428484464644e+01
6.019644164825004395e+01 -8.236192925034007573e+00
1.407063650092769365e+02 -5.883281103214545027e+01
1.335636057134160808e+02 3.371456916023031170e+01
9.274009090960710910e-01 1.631516504297254500e+01
-5.372427478874362095e+01 -4.027613108906737693e+01
3.567179497697747337e+01 -3.896625253616956286e+01
8.972753515677007385e+01 -7.384396566005769991e+00
6.647987368238592865e+01 -3.493281469124900696e+01
7.912847518575091499e+01 2.895476743683049037e+01
1.452915700830683363e+02 1.108022724319059371e+01
1.607226658536654895e+02 -2.151624741459920109e+00
1.590274352899703274e+02 -1.358730620760781527e+01
-3.849601527928771816e+01 5.147890686536270799e+00
9.549589422719864729e+01 -2.350023243682603180e+01
5.915997420340168134e+01 -3.051951209992025937e+01
9.819086205439802484e+01 -2.429872992110934149e+01
1.423546034359663963e+02 -1.875686594836767895e+01
3.017169316969062010e+01 -1.441088705986548568e+01
3.439602989651919529e+01 1.083411575748342415e+01
-3.144181146297788132e+01 6.665998761002643214e+00
1.731180610988729711e+02 1.840437818587367547e+00
-1.887928384228786172e+01 2.240331585569194317e+01
3.238977344945629255e+01 4.209341962040713270e+01
2.902738504887069126e+01 -7.122970018316743257e+00
9.388136324854013992e+01 1.126334317574052690e+01
-2.829798504434632278e+01 3.802036659526546458e+00
1.855066025790735296e+02 -1.985644160010300396e+01
4.054486770178721144e+01 -3.055457206308413021e+01
-1.087095768150852280e+02 -6.402796335460285704e+00
5.387332893791062105e+01 1.405990340069643851e+00
2.781871107440334256e+01 -1.062783524039168093e+01
1.410264174237136956e+02 2.708716330429270869e+01
8.290662409329209837e+00 1.210946581522480514e+01
-4.011153402779453536e+00 1.112199777224845398e+01
1.487844204921507441e+01 2.375625856471384978e+01
1.343463101266452497e+02 -2.189755092362699429e+01
1.280788139573978697e+02 -9.322659020194008495e-01
1.229257118803530062e+02 3.059031550382237619e+00
-3.618820378550630323e+01 -9.346733502294986451e+00
5.571323207104559572e+01 1.605052837171986369e+01
1.437558938708301071e+01 8.815450324166755891e+00
8.748525109770436359e+01 -2.268314556265420023e+01
7.683498886779740644e+01 4.896989513291715390e+00
1.606433113140567741e+02 -1.907614296146337551e+01
-9.779794017321080446e+01 -1.899807276813355372e+01
1.036208598157141125e+02 -4.080569009986029450e+00
8.472412692758929609e+01 -4.578396028490091751e+00
6.131966308565078805e+01 2.452047035042827972e+01
3.970433510978991620e+01 -4.705852938784931183e+01
-5.470225900645721140e+01 -1.161812657594477827e+00
-4.506699366122897743e+01 2.647588645656730222e+01
6.120797328178811370e+01 -1.439763394850969469e+01
1.175771280411016022e+02 -1.314630261506102471e+01
-4.093444603944850968e+01 1.737086778799869080e+01
1.287223564942252096e+02 -2.610403404251703918e+00
7.665312408666510180e+01 7.874281653607605236e+00
3.705043266251657030e+01 -4.227219262354115159e+01
6.026202889463650081e+01 3.822592652948517866e+01
1.582764222765272280e+02 -1.081584857776622677e+01
6.164574676045679524e+01 2.134724951097705059e+01
3.998467306016441114e+01 -2.102789296743698699e+01
5.922349146103414341e+01 4.200786046317414590e-01
1.360856762345306663e+02 -2.035146489115814106e+01
7.099294519046101470e+01 -3.057599773959631051e+01
1.163096966727197099e+02 -2.938829278639810028e+01
2.062278953328548603e+00 5.671093471201908898e+01
-5.531383327619420243e+01 2.415705211267327712e+01
9.659982541603746142e+01 2.909580078792677682e+01
7.068251396643140083e+01 -1.391109767570755551e+01
9.147509369574032689e+01 3.671715550970077402e+01
6.364025069437008852e+01 -5.017742044999568662e+00
2.452968917347405409e+01 3.596299282041118062e+01
8.756799972672565957e+01 -3.650467830241321820e+01
-1.219705747840139232e+01 2.239466582420468299e+01
1.256542288729882131e+02 3.626814167774188036e+01
-9.515362458094681131e+01 -6.970726501437226830e+00
6.673972905076834650e+01 3.701214609120904164e+00
1.026890023042654860e+02 2.285648743414528994e+01
1.762430015657127171e+02 -2.528884612844206004e+01
-3.050767804637782987e+01 -4.427119086204517329e-01
1.501895838162974428e+02 -6.422816382929053880e+00
8.216807062209460355e+01 1.131101369343693319e+00
7.164261544499146339e+01 -2.927145182504683874e+01
5.993496888135312872e+01 4.042722842913403980e+01
5.372925917581034838e+01 -2.983645700516527555e+01
-8.211281776442959313e+01 1.769551321988852166e+01
-5.596621558819669673e+01 -2.721908586855272816e+01
1.421779303295854788e+02 1.356238047781769396e+01
1.127361678320843055e+02 -3.361727547997455900e+01
1.544550082420453236e+02 -2.136983608817246605e+01
2.222047363045393187e+00 -1.994996837315344962e+01
-4.388775629280404900e+01 -7.970176522423622956e+00
-9.619172342960570177e+01 2.558636469209045750e+00
6.044000519346673173e+01 2.658961257235849729e+01
-1.023216940789408511e+02 2.911428007701336185e+01
1.398566991540439517e+02 -1.638444369967996650e+01
1.842585645618723618e+02 4.731633850603451918e+01
9.297324980291313068e+01 2.932519634441804257e+01
1.053901101983197179e+02 -2.846757094141325606e+00
1.805907317285234797e+02 -7.754194082260083221e+00
-3.498571762141690300e+01 1.209961012419165982e+01
8.807076287016414540e+01 1.134778446418969367e+01
-6.097399369840243821e+01 -4.280282732856219852e+00
-1.450713187030688722e+01 2.766266815570129012e+01
-4.348275733739270521e+01 3.159212887392598290e+01
1.158595477690209350e+02 -2.881535066651072796e+01
-8.436835518403421474e+01 -1.577369146230018693e+01
-5.387626431254474824e+00 -1.204982643422696009e+00
7.165685238226248543e+01 -1.386008989683305970e+01
-6.803460205114132009e+01 2.556119409171065726e+01
5.018399575554239078e+01 1.344140654680164992e+01
1.212687052545694257e+02 -3.425518268069031702e+00
-8.319385424720358913e+01 -2.729129607642380506e+01
7.520227696791073413e+01 -1.160074551073826843e+00
6.346895987816663620e+01 7.970991687899558364e+00
6.970784494044028889e+00 -1.268743195978790789e-02
3.197347824555276574e+01 -5.882756815470918887e+00
1.108661448854184783e+02 4.414169892626373937e+00
-7.214604063349536034e+01 -1.222969425480852301e+01
8.653076443664988915e+01 -2.287551845569759834e+01
2.060447706205581753e+01 -1.846596403889695992e+01
6.884561411852365609e+01 2.306664632168968510e+01
-2.603885424585628172e+01 2.211247750278296564e+01
5.033731414515290226e+01 9.089144402056342997e+00
-9.132498334585258704e+01 2.435064217627641980e+01
8.755930951966891485e+01 4.115367001647819434e-01
2.728681292191591012e+01 -1.119130939018996962e+01
7.181168185425937622e+01 3.072957978309299065e+01
-1.913585460844460684e+01 4.664774542763701959e+01
6.930502855630035697e+01 -6.649986535729088821e+00
-1.063212498075659056e+02 -2.716752531698599782e+01
2.145470642661089400e+01 4.016223491586370820e+00
8.320707667809008967e+01 -1.428754751587455019e+01
1.246178224483790729e+02 1.488375477920523515e+01
4.903502830803684276e+01 -1.626986525690212204e+01
5.839982264204184759e+01 -3.705328877324510017e+01
1.780779754509038071e+02 -1.155175081388741631e+01
-3.657089225209560368e+01 3.456690529272353984e+01
-1.513994465543715364e+02 1.391555164590205340e+00
4.986460501654844535e+01 2.860953688062633837e+00
1.021507148215759031e+02 -2.872736877627949426e+01
6.809913812731716121e+01 -3.128400673060513881e+01
6.539147350454301488e+01 -1.567250020179978520e+01
-1.723898639194447213e+01 -1.709815736023843513e+00
1.823069180760815300e+02 -1.821060688588556076e+00
-8.240123478204345986e+01 1.381521105449032660e+01
-1.112095426298908052e+02 8.480657107502523218e+00
6.565282227789047909e+01 9.780396113160778615e-01
7.827639936176915114e+01 -3.399633286522941233e+01
-1.606874006670597907e+02 8.004832373989666294e+00
1.061997411541215826e+02 -1.402264566553394598e+00
6.610420798720926427e+01 -1.410201567075956497e+01
1.640047389923787478e+02 1.969308641340782984e+01
6.140800246807494034e+01 -8.569131206722721217e+00
1.122278725385695139e+02 1.048613119832940477e+01
-8.384008316136583971e+01 -3.271793686333828788e+01
-1.664543726577100813e+01 -3.681691681065294119e+01
9.950899459881775044e+01 3.006171362512868939e+01
5.728466313599057713e+01 -1.695441438028220205e+01
2.009815155130568769e+02 3.151751984608062429e+01
-7.872649364514484205e+01 -3.592358430318024176e+01
-8.675069239651200803e+01 1.303826740124596384e+01
1.174314372582841486e+02 1.315773398201497280e+01
3.878936665957168373e+01 4.161776738400069675e+00
-3.983026700113362040e+01 2.960382975382071180e+01
4.383707621372685992e+01 3.016455878308273442e-01
8.414255257876749283e+01 6.913622195473921295e+01
-2.907815335125168943e+01 -7.418349603095814260e+00
1.684686261164032430e+02 -1.347554507145020786e+01
8.730308647951380863e+01 1.256194989234739801e+01
-8.211547729890553171e+01 4.952456829878229883e+00
3.539211761441549697e+01 7.461987691895526353e+00
-6.939845212127949026e+01 -1.256780829231562180e+01
5.875608525207385924e+01 8.989603723775429600e+00
1.454335622199614022e+02 2.855309290172714398e+01
4.630782889414756909e+01 -2.050063291049655589e+01
1.813522434952748483e+02 3.693104380829382904e+01
-1.278048762065154449e+02 -7.846457763211292402e+00
1.967094035789516226e+01 2.225958285495363853e+01
1.961595994546221107e+02 4.581397686546507586e+00
1.190985526839214259e+02 7.121521065721076127e+00
4.976286339441116091e+00 -3.721389717958824406e+01
8.991065911956766854e+01 3.370266707147176355e+00
5.999087929528251095e+01 1.736059015690022633e+01
1.248384202939009242e+02 7.261450252544713990e+00
9.665928296543590648e+01 2.598580086797145938e+01
1.046816217828399260e+02 -6.638265633533186438e+00
8.203058827480373338e+01 1.670704101710095202e+01
9.982148797578885535e+01 -2.006666313641552435e+01
-6.050438353493574617e+00 -6.026224992979940520e-01
1.007786301243287141e+02 4.879265496242502564e+01
1.535371809361236330e+02 -2.397229649451856659e+01
5.969644536898924514e+01 -2.950770088003658742e+01
8.074014193873188105e+01 6.040453109635365969e+00
-1.095002776164130438e+02 -3.481441192649885608e+01
1.240698350717926104e+02 3.094578868768692104e+01
1.121402785778017659e+02 -4.139995721524899608e+01
7.602680608771534310e+01 1.436762733149595128e+01
6.777167661884027439e+01 5.351645281293031076e+00
4.965149489178167386e+01 -1.160280205732974679e+01
6.688352142295124736e+01 -1.634112098860996198e+01
-3.232446744736122035e+00 2.305110844336877740e+00
1.518266177469804177e+02 -2.504054489502225067e+01
3.435493386434679763e+01 -1.887533908389341097e-01
4.938324966741823374e+01 -4.224501963072516020e+01
8.037435409793999952e+01 -2.176047855586564239e+01
-8.022921473152585747e+01 1.244547535453666320e+01
1.630927553547593334e+01 6.070507541773057625e+00
-6.761789906745528356e+01 2.106113613518541072e+01
1.050519689579308107e+02 -1.690835154017078068e+01
-1.740922603012910841e+01 -1.656347166350374778e+01
8.868275556043487029e+01 3.431948663564608482e-01
1.110698581982468847e+00 -2.155543695375589053e+01
1.476209854830660717e+01 1.361914331201161765e+01
1.509789671318728779e+02 1.066905050607173955e+01
-9.575788173552584226e+01 -5.500370197517344906e+01
8.824403506449904455e+01 -1.634810318657250683e+00
-1.042866818864616079e+02 -3.335271985302996711e+01
1.955398614857357416e+02 -1.388908717085066336e+01
2.407473593733219275e+01 2.552376195116181634e+01
1.507306099555825085e+02 3.849391164167245449e+01
-4.471752315598625671e+01 3.694098199764145107e+01
9.965405687614583030e+01 -2.001425775468435830e+01
1.874773366760085196e+02 1.528198007743847064e+01
-9.879540574965859889e+01 -1.827998972834829416e+01
2.613965537543536044e+01 -7.533588069226644812e+00
-1.671656439709101960e+01 -2.676255801776908072e+01
4.596194168518890422e+01 -8.348484665460201626e+00
1.535906771407543658e+02 -1.388474181638926552e+01
-8.355448814130308222e+01 -5.144262310601066090e+00
1.027997292078792242e+02 -3.181995165372064704e+01
-2.045121228471354868e+01 5.656172131160123406e+00
1.670205320632816779e+02 -1.206169410307784906e+00
1.738546923115157199e+02 3.591660692002498045e+00
-8.873538715214978723e+00 -4.176663527014775212e+01
-2.209055521145102396e+00 -2.269494875299998426e+01
1.248319756222324912e+02 1.254042394674489813e+01
1.267058457070737774e+02 1.591418195061071517e+00
5.883806126635936806e+01 -2.201538567447665073e+01
1.268600768368786902e+02 -6.294761005239794116e+01
1.480764449054714191e+02 6.856071025619425718e-01
5.722531499800563637e+01 3.196774853665505489e+01
1.799252024302207928e+02 -5.544816003913710212e+00
4.671654506141253194e+01 1.061448272385570846e+01
1.320402652046103640e+02 -1.279058963006829330e+01
-2.811070347867571684e+01 1.310392787416505023e+01
8.229884768966461195e+01 -2.164184675034301009e+01
2.094073541682899275e+01 1.475804409304469189e+01
8.412810522464658902e+01 2.839544784266965216e+00
8.281931111217205910e+01 7.618428103539683249e+00
4.817627749979320129e+01 -3.566105451390809122e+01
8.059233299527446093e+01 5.540028116090849863e+01
1.707436983186902779e+01 -1.780257349994169047e+01
5.156640456348876000e+01 -1.159698190383529415e+01
1.019088314198908591e+02 -1.423929370272514383e+01
1.996416251904499717e+01 1.773602183529872178e+01
1.211281719956306233e+02 -1.714979802634420736e+01
6.454000513463550703e+01 1.544464990397846726e+01
1.164016540843922058e+02 2.142256078287699594e+00
-2.952679166721983961e+01 6.758575440536996659e+00
1.276723690273613130e+02 -2.903351625876634756e+00
6.098890767532198964e+01 -3.704429790996423577e+01
-2.270360627134126474e+01 -2.780790913520749541e+01
-1.716094528679104414e+01 -9.635011257751154190e+00
1.372684040561006213e+02 2.118905713234166655e+00
-8.033714305180322413e+01 2.648723995839466738e+01
-3.069093405893038806e+00 -4.222646488879006199e+01
1.579049880141979543e+02 -1.263011501672161696e+00
1.936843814762105183e+02 -4.426231186016588381e+00
-1.332499301883263598e+01 -2.360865377074078708e+01
1.316470354913007554e+02 1.216656617997449530e+01
-1.108326149637488101e+01 1.546994279795265470e+01
1.146782506506820312e+02 -1.314104628952709497e+01
-2.735398784936070271e+01 2.662726281051658717e+01
9.062477010067034655e+01 -1.403817497239850276e+00
1.313131191440153600e+02 -1.939593547671831120e+00
5.304455590695847711e+00 -2.771688595072496852e+01
-5.425013628316094128e+01 2.482030150934424384e+01
1.491320749992073331e+02 -1.312875431044158070e+01
5.384339795497133707e+01 -7.381093927568733726e+00
1.988709914810407895e+02 -2.556879303378388091e+00
5.736651868634662366e-01 1.570209634253235542e+01
1.698136821869865400e+02 -1.664538179550380548e+01
9.326987940545515698e+01 -1.924543598934313593e+01
