1.513329878463818723e+00 -2.493675024665452877e+00
-1.363217403033745256e+02 -5.482570534501003401e+00
-1.123387516111750415e+02 1.615407373915981637e+01
-5.301361376843865258e+01 -7.184880533429399030e+00
-1.422108263237354606e+02 -2.043234256254758208e+01
5.508581108274157145e+01 4.188907108129183854e+01
-4.393759445818040632e+01 3.312480663270814318e+01
-8.010974793523145365e+01 -3.689026055604739440e+01
-4.603910475509776745e+01 3.071318203898826482e+01
-1.317048043513492530e+02 -2.050539651169267685e+01
-1.306980536727294009e+02 9.487978961396786204e+00
-3.277237157958666813e+01 5.568503767026482976e+00
3.232032451781248739e+01 -8.512368808775439888e+00
-7.018942423725202673e+01 3.358876751108706982e-01
-4.548538461910077046e+01 2.684758114890322567e+00
-1.882493138157279944e+01 -2.232879505647578711e+01
3.748984954670348202e+01 -4.967941240072095255e+00
-1.479728591007462910e+02 -1.087737396021240777e+01
-1.712057561661031002e+02 7.924631921378391120e+00
-8.337221566905223824e+01 -2.261437501925282589e+01
-7.643655083653196414e+01 -8.050149269893610793e+00
-8.600281972409690923e+01 3.309673854441125940e+01
-1.314382102919352064e+02 3.504000895100747748e+00
4.478448379767473142e+01 -7.463404633152491030e+00
-5.522055603074329611e+01 5.845559864295571728e+00
-1.036868173467391330e+02 1.855731504074689786e+00
-1.378592233124164466e+02 8.953622557481159205e+00
1.028057305327382522e+02 -2.054245878172585194e+01
2.775289648398253206e+01 1.268264918405778019e+01
8.611749064211895188e+01 -2.303453203254523984e+01
4.340369764229889427e+01 9.328396257790103618e+00
1.100782399659556745e+02 2.315483934337332883e+01
-1.345028287816642489e+02 5.793915012275999032e+00
3.665446144113380456e+01 1.024812526245195343e+01
-1.027598708985123892e+02 1.593112465006437972e+01
-6.200393266181440310e+01 1.500703603009873532e+01
-1.738360547347275187e+01 4.573283612261662134e-01
-1.021165839922359453e+01 1.053641304028328918e+01
3.322816632278180293e+01 -3.629346012765824803e+00
-1.633343420039737168e+02 3.108110196117809565e+01
-2.713928915627379368e+01 1.202326913926913754e+01
-5.783068642786832925e+01 -9.521225699959686040e+00
-1.153736634846878957e+02 1.710808962122958121e+01
-9.777987076478821393e+01 -3.406579725592563079e+01
-4.748028560812360865e+01 1.617437150417250891e+01
-1.070455038534018399e+02 1.726610246469474319e+01
1.798930615277143943e+02 -3.380883101231701549e+00
-1.542497584725942374e+02 1.894140719328582634e+01
-8.495725935255204320e+01 2.176396435232273774e+00
-6.299770133040054176e+00 4.141226303798971031e+01
-1.943612299394452902e+00 1.960397265667564071e+01
-1.194517319283138157e+01 3.008794563712230286e+01
6.699103366826608230e+00 -6.145163942808324897e-01
6.198482619707934305e+01 -1.454866217418540497e+00
-5.353932227617819706e+01 -1.417864243997748908e+00
-9.497391301870658253e+01 1.173885460944739023e+01
5.442573922303873957e+01 1.000862860203087301e+01
1.564958384176339834e+01 -1.118365784260494777e+01
9.555547327570229621e-01 2.716046071646067261e+01
-6.405406158225767399e+01 -3.800547254496093075e+01
-1.631273347441468218e+02 1.334845882527991190e+00
-9.835829966199828789e+01 -2.642895531097886774e+01
-1.680241796580730522e+02 9.390860290646635633e+00
-8.563145433604806556e+01 1.202804978570908290e+01
-1.419552583237533838e+01 4.955827842749170209e+00
8.561293578457454601e+01 2.939778243852468975e+01
4.931322368584203986e+01 -1.613826929972630353e+01
-8.401196887561434323e+01 -2.731549072648055798e+01
-8.811012959542327394e+01 -2.056409034827413329e+00
-3.746390052085639866e+01 3.094770686550136674e+01
-4.760954590208006465e+01 1.498007992805909794e+01
-1.367857362244723731e+02 1.471670889885092315e+01
-9.900817477894889862e+01 4.425786347379140118e+00
4.061222066562645949e+01 -2.935861142196093709e+01
-6.322369738069955503e+01 -2.464606510048409405e+01
-1.254422667727256453e+02 1.258161379197664242e+00
-1.136523602345797030e+02 -1.955425123645665764e+01
-1.026411924917671712e+02 7.803850921165839338e+00
1.019733719548223974e+02 -1.748320587509189750e+01
-1.382643483885719320e+02 2.034919480499230104e+01
-1.584221944940033433e+00 2.294541368624750888e+01
-6.771668832883362654e+01 -8.664096714808635635e-01
-1.725447694091156592e+01 9.848238915619673683e-01
7.683466333069178233e+01 2.560197079796760278e+01
-9.640707569248924358e+01 2.999058153367445456e+01
1.260600558153161366e+01 -1.802916514953377902e+00
-1.042852119722558655e+02 1.833039187771700274e+00
-5.325746405443301512e+01 -3.218710605783435597e+01
-5.034264060803639751e+01 2.445180731084768766e+01
3.360263911847930274e+01 -4.945488317185419191e+01
-1.238986421070714670e+02 -1.447121759932507779e+01
1.522611437240098020e+01 -4.134484660604905315e+01
1.805603985932412314e+01 3.080683741520810415e+01
-1.157385750379527600e+01 -6.023667143336037810e+00
-2.223817726179785126e+01 2.931378473795371775e+01
-5.864551682046955960e+01 -5.769460044628504392e+01
-2.093284693307240047e+02 3.446369799045071858e+01
-1.811113049117043374e+02 -2.997789688247268991e+00
3.563666423678424877e+01 1.372681542177907055e+01
-4.069455446614130523e+01 6.263988118810792827e+01
-1.551447387413468846e+02 4.165958417406990577e+00
-6.851189568628589655e+01 2.751221866387028570e+01
1.303488970995734348e+02 -5.120289152788232201e+01
-7.741042603553360379e+01 -2.655273362703289397e+00
-4.006867942039580299e+01 3.652419551931559027e+01
1.633808259161094512e+01 1.157905762840571740e+01
-4.707870943877588843e+01 3.568637289240976429e+01
6.603599862087341421e+01 9.669959376301124010e+00
-1.770114133232880960e+01 1.817044124679748762e+01
-7.893544083931432453e+01 -1.342361691393480427e+01
6.628121364886369804e+01 -2.068216292516455823e+01
1.402960339334323407e+02 -2.182373123497917788e+01
-4.720912252208795934e+01 3.992834228880940373e+01
3.987222579093656094e+01 -2.137195156950988206e+01
1.479806437053210857e+02 -4.596962037753778318e+00
-7.729168716367928482e+01 -4.963612929902313198e+01
-8.304297242804814516e+01 1.378554530696095526e+01
-1.083943625467944258e+02 2.667377958182807518e+01
3.093469484892937160e+01 -1.583222970262188944e+01
-2.138359883405106743e+01 2.710392430032373401e-01
3.405967446241280072e+01 9.838613885321118246e+00
-1.387487405406700418e+02 4.311007916972804388e+00
4.722066085674531877e+01 1.079823705089866515e+01
1.130359622220137616e+01 5.565747835532342869e+00
6.384695331294677345e+01 4.124545884343918090e+01
-7.971462646302367716e+01 -1.042026824592662049e+00
1.770849920408004985e-01 5.046158747350916940e+01
-5.030455034905575928e+01 -5.605859722784107824e+00
-1.532460680539340103e+02 4.088369696947836474e+00
-2.024359938735700482e+01 -4.917065649537817329e+00
2.456641070790418624e+01 4.309225940887492357e+01
-6.923137509343487750e+01 1.457610102479685743e+01
-3.364147492356277525e+01 -2.517972050844374721e+01
-1.273912085590894776e+02 -2.373464231778780853e+00
2.147254483676197268e+01 2.205836031311229206e+01
-1.845292142542963632e+02 1.939976355509916317e+01
7.360181418172187762e+01 -1.211571527246826108e+01
-2.978444685146756399e+01 -3.560553649912216123e+00
-1.331351879411526795e+02 -8.203742761264987138e+00
2.865496431788544385e+01 9.704538274991888258e+00
-4.997767812429778189e+01 1.780912734648778795e+01
-1.427685541083904930e+01 2.366532861936855525e+01
7.701624252380170788e+01 2.726602357172697921e+01
-6.810733787094822844e+01 1.350413140232357989e+01
1.057559618908853061e+01 -1.421041630750995566e+01
-5.741631956927421498e+01 -9.172232646176354365e+00
7.863675428944728196e+01 -3.098536622086191983e+01
-5.389882914842833372e+01 -9.857096164359038681e+00
-4.616465269809486216e+01 -2.251811220294900195e+01
-1.680324683290275516e+02 -1.488616905715725380e+01
7.896938740153713887e+00 3.405293158211060245e+01
5.408959515754177261e+01 2.602700801886814119e+01
1.385920630583123057e+02 2.490171355322178215e+01
-9.357820042714622844e+01 1.140471089620802836e+01
-1.068783655848123715e+02 1.601672680606739974e+01
-5.265562905682725869e+01 -3.053029669115125522e+00
-8.296921707673314472e+01 3.063780317828375122e+00
8.095103884355408752e+01 -5.353055691178618680e-01
-2.132627715440589000e+01 1.952182761840691683e+01
-4.710094583473587448e+00 -1.376360522229189876e+01
-9.164169789350640372e+01 7.213599853243215954e+00
3.353148609781744938e+01 -7.462361589064103740e+00
-7.825254213702078232e+01 3.209206057961470293e+00
-1.450729316356446361e+02 1.422618817042332751e+01
-1.057144759298231236e+02 -4.566641091313054623e+00
5.930809029064540283e+01 1.970240174522237098e+01
6.845142071664891859e+00 -2.606439546018859588e+01
-1.117639488574508988e+02 7.061524662872217561e+01
-1.912330834896437466e+02 1.461792387274826410e+01
9.507025964539340634e+01 1.620580232585203007e+01
2.357740190445582940e+01 7.821121436716385489e+00
-7.273367892420046132e+01 1.110707097858361436e+01
8.602082559917546689e+01 -3.445930101844319893e+01
1.298354929887319713e+02 1.963966352379950564e+01
-8.330526186631894348e+01 4.443992154023109009e+01
-7.984871417345823374e+01 -4.630696300378730257e+01
-1.310141848315359141e+02 -1.889231054045249891e+01
1.258972048546592362e+02 -2.107469281983436815e+01
1.296732179448116362e+01 -8.407662836982845533e+01
-8.778109256001741301e+01 -2.350764454563673667e+01
-9.661880807514270941e+01 -3.420966397994805419e+01
1.284709786469591393e+02 -2.553009721779486152e-01
-1.744943494736005789e+02 7.127900792315680079e+00
-8.744491581621886667e+01 1.721321672184449314e+00
-8.978220941648946507e+01 3.727764160612758815e+01
1.956020401930885555e+01 -1.616597321734731807e+01
-7.085557514197827977e+00 -3.239535578758543011e+01
-1.460446055803455181e+02 -1.277168004368769338e+01
-1.678537517822589393e+02 2.268976231516046127e+01
-1.591317024912159184e+02 -1.591378716551477090e+01
-2.229543954956459473e+01 -1.068265393531733842e+01
7.219921711934608766e+01 -4.039226049215661618e+01
-6.656883395104547674e+01 8.091676825702082354e+00
-1.240952153387679147e+02 1.184752517565720531e+01
-6.100242972227283644e+01 -1.124469945176982577e+01
-7.571743047066092913e+01 -2.556944617769568140e+01
-1.491808793220015339e+01 -2.141016625113860705e+00
-9.458659870750524590e+01 -3.502233170489839864e+01
-5.485415854658543111e+01 -2.494407405111340381e+01
1.236938899633912570e+02 -2.268140975765757617e+01
-6.325087990013395611e+00 -3.349218969684935931e+00
-8.258368568429582979e+01 1.475143036338353397e+01
-8.948117419147457952e+01 -3.311287175732239962e+00
8.109365696761999809e-02 1.138269725500767215e+00
6.133328878241314186e+01 -3.858935772229149563e+01
5.866424096902103713e+01 -4.103472572778282768e+01
6.028343605953997297e+01 -3.974203717490373045e+00
-1.176267279042140643e+02 -1.515174724770236736e+01
-3.538936046603333097e+01 -3.371817219991785208e+01
-8.076354163162700672e+01 1.439327765255228719e+01
-1.534278302846178121e+02 1.405698051144568872e+01
7.327880426293572391e+00 -8.364946199566787755e+00
-4.286441306057502487e+01 -9.457560993040260655e+00
2.560190454879353084e+01 1.783286349474204613e+01
1.884374503306747783e+01 -1.511172630530425387e+01
-8.212035495638394877e+01 2.252566132432951918e+01
-1.149950441340055960e+02 3.239324114260222842e+01
-2.374127681822746183e+01 1.202868178468866489e+01
4.755747542690704677e+01 -2.239564197261677592e+01
8.851769704773462877e+01 1.955740305096707132e+01
-3.334987951937798556e+01 4.661157094056836314e+00
-1.556173937256210138e+02 1.245375505555549367e+01
1.009323183962229535e+02 -9.524044102541754597e+00
-7.012301672199026825e+01 -6.511578345800578482e+00
-4.787189822445281351e+01 -1.008804306131055650e+00
9.702781496994361987e+01 -1.761666698738471126e+01
7.649740002917918957e+01 -8.039253059092031251e+00
6.824972754436927858e+01 -2.160496407494864357e+01
2.261239233663719972e+01 2.625426656961544580e+01
-8.109918258407789438e+01 2.028157710286156501e+01
-9.560934314359203157e+00 5.478772481432756791e+01
-8.571828886411614690e+01 -4.235116507588084289e+01
-1.114864633590790817e+02 2.243326135707514624e+01
-1.144723365832043953e+02 2.279959865560454801e+01
9.245569747537247451e+01 -6.134721703784951075e+00
-1.429690012431098580e+02 -6.619086459846397652e+00
-1.200564607049659571e+02 2.373052100322298941e+01
4.618502339269921464e+01 -2.346263351870666014e+01
7.611940893655703633e+01 1.817222784591630358e+01
-1.002440211231212572e+02 7.606958024340833902e+00
-1.367534041523635153e+02 -3.492134944761488224e+00
-9.045858089937298985e+01 -1.304261518395562192e+01
-1.200000743353476196e+01 2.481142206804621253e+01
-1.963443221723957492e+02 4.494033184251437496e-01
-3.052861179112168699e+01 1.086018158531154576e-02
5.563946208294214379e+00 2.355491415610054062e+01
5.121408288248614582e+01 1.369748862072215090e+01
-9.132772649102113860e+01 4.310452583004161653e+01
-4.223281456635501030e+01 -3.160172545043139269e+00
1.086559523571463188e+02 -8.367980002653000682e+00
9.900634448608667526e+01 -1.614729429968250685e+01
-6.009104985522319708e+01 5.603289055183221024e+01
4.933630727158121232e+01 -1.149036432276082031e+01
-1.601396814231092369e+00 2.616393970853137318e+01
1.705988464599339505e+00 -1.243554905609541272e+01
3.165440383433288218e+01 -2.025862152784094405e+01
-9.539223579053171420e+01 -4.081217227943900738e+00
-7.252210086445724357e+01 4.635208289585873054e+00
2.716561028526502852e+01 8.331787586615270413e+00
-7.671707204202462549e+01 -3.196965203026436164e+00
-1.374797797828323453e+01 -1.522422853935130327e+01
1.361572927741811725e+02 3.525743127479017858e+01
1.345882015213964280e+02 -2.169284937640856015e+01
-1.040689207143688400e+01 1.534462913197646294e+01
1.084719832347399660e+01 -2.707888032717963611e+01
7.129404751066236656e+01 -3.255409383943322155e+01
-1.750487374891532966e+02 1.731250810757237701e+01
-1.346951636446344196e+02 -2.284908508223058377e+01
3.870041691908174641e+01 3.343096268856367459e+01
-1.430443562651273623e+02 -1.584923041286452872e+01
1.499156339105667080e+01 5.606156210014601982e+01
-4.629054081206705007e+01 -3.131410733940745761e+00
-5.601754073616949370e+01 2.622803424137159567e+01
8.120909781499534574e+01 -7.772529279638774824e+01
-9.657659913027108800e+00 2.630821553570134341e+01
-8.737593560261765901e+01 -3.116276882526589276e+01
8.939872476747221697e+01 5.939300214067024797e+00
6.211358939066052898e+01 4.563967794921521914e+01
-6.706723665056638595e+01 1.787319434803144347e+01
-9.678630173939438919e+01 3.150246842776939005e+01
-1.023995751920245567e+01 -7.857160216077201387e-01
7.254459886405373936e+01 1.346510119431988706e+01
-7.634321128079432128e+01 -1.304523984104170253e+01
-1.613585394649576301e+02 2.225109028388759569e+01
-7.567269454225804282e+01 -2.361244759501795087e+01
-1.659852584144103389e+02 1.603282263387052353e+01
-9.662011750858721371e+01 -4.291758887421964097e+00
-9.361407941317524717e+01 2.139819489360107951e+01
-2.067254954766528030e+01 -2.471348141974262802e+01
-4.661192482796650438e+01 1.995516725045643724e+01
-4.201026033514984448e+01 3.656142229524918008e+01
-1.379938885284715013e+02 3.305255673172665110e-01
-6.987660604474598358e+01 -2.191993136554971855e+00
1.021279193107116186e+02 -2.278809080818695776e+01
-8.847926486953460312e+01 1.031937783567811096e+01
3.022965132631202323e+01 9.521262425045849298e+00
-1.458708944155950746e+02 2.261832752715858419e+01
-1.039902550263583549e+02 -1.610104555526418579e+01
-9.304159778305366046e+01 -1.585976502408433042e+01
-1.287898997847156863e+02 -3.054340919683641076e+00
6.316554202856697486e+01 1.214131144151574837e+01
-1.199594314290290811e+02 8.218206147491448732e+00
2.626932361131218485e+01 1.477887285629745229e+01
-5.392105780915630930e+01 5.177184369514167273e+00
-4.391963829814046250e+01 -2.855612158745423734e+00
-2.999865597614914492e+01 2.605664742759495667e+01
-9.401378982252082039e+01 4.185021017500902474e+01
-9.640774014987049156e+01 8.079876331059031358e+00
-8.586147271701352679e+01 -3.466541829943466979e+01
-3.935538615888721381e+01 6.115799268897334606e+00
-1.218139393096949448e+02 4.855449997165157328e+01
-1.308132949611582490e+02 6.157851138905484589e+01
6.682779930233834875e+01 -2.715829433420884786e+00
9.346850010519789009e+01 1.384347357976740689e+01
5.441014857577565778e+01 1.584656287433613997e+01
7.939608515910786934e+01 1.600510740392592623e+01
5.263369435573394384e+01 -5.295969474229991647e+01
-6.213792686804722365e+01 4.736213689473314226e+00
-6.989459892894986126e+01 -2.657526281415227842e+01
7.510016815964597470e+01 -2.841160279201916694e+01
-1.380999864293550559e+02 -2.139727181517650223e+01
2.320273140168458070e+01 4.536633768369335229e+01
-1.337799023636590903e+02 3.473911411253337889e+01
1.142724023363260102e+02 5.577906705556975453e+01
-1.501679648485675784e+02 1.452873228792092064e+01
-5.717153874633716981e+01 -6.604509368395523161e+00
-4.875517439953134158e+01 -2.265811027511291087e+01
3.736181315456039442e+01 -2.039700132520117393e+01
-9.274283446380127316e+01 -8.334711406312878879e+00
2.453427855790392016e+02 -4.502332121854141000e+00
-2.980862721351173761e+01 -2.005388186449181731e+01
2.598681667242501092e+01 -2.230485204834625090e+00
-3.279818166287779491e+01 2.496964577743929681e+01
-6.409980718610269435e+01 1.567633086820286969e+01
-7.901235577583317138e+01 -1.558864316954733598e+00
-1.014464835387757091e+01 9.855940259253596070e-01
7.030381051216917854e+01 3.225357100506272556e-01
-1.866123479861306294e+02 -1.021228176185148406e+01
-1.120477289207246514e+02 5.974074060171940204e+00
7.974111085942751309e+00 5.372052051531141359e+01
-5.397393666312226657e+01 -1.319962832554699617e+01
6.051814977170263887e+01 -5.075611195309039658e+01
-9.345685217592702543e+01 1.388463967800791465e+01
-3.928732904434939854e+01 4.598789124917962567e+01
-4.166959504641109646e+01 1.527242546969466375e+01
-2.126148058624423527e+02 9.113559923852116995e+00
-1.751307202710686113e+02 -8.090673602252909546e+00
1.258842556099509125e+02 -1.263323403958139224e+01
7.731742290799493844e+01 -8.436103348155922887e+00
-5.837079622927095102e+01 -6.762409314460067655e+00
-1.232191404149874892e+01 -2.757610400236054460e+01
-9.937329099622115791e+01 3.837160602208321336e+00
-1.782268384719401411e+02 5.066404381663848433e+00
-9.836743292106865511e+01 -2.082154272932694639e+01
5.318219602716904859e+01 -3.560176476810156032e+01
1.959245517526331426e+01 1.668888672478670188e+01
9.775493176241548454e+00 -7.568308545816305966e+00
8.569169921660331113e+01 4.057534069744132665e+00
-9.870891665689296701e+01 -4.856670681796742883e+00
5.926863133097675274e+01 -1.040836024244235070e+01
1.005897244991288915e+02 1.217662463848550836e+01
-7.184776084042025168e+00 -2.945007156884763777e+00
4.676855686786598909e+01 2.453787427870210891e+01
-6.263935054928959190e+00 1.939478294124976898e+01
7.639533666454767058e+01 -4.557586525087469198e+01
-1.145825860791539128e+02 1.461523830726646622e+01
-2.142830541774843880e+02 -4.778382586241509244e+00
-6.749576964585826033e+01 2.419213641617975252e+00
8.564227412502513914e+01 -4.538106344484752697e+00
3.397080251508034365e+01 2.350455950703489449e-01
-7.273976962551222059e+00 7.196322345561127065e+01
-1.126860155184989623e+02 -7.181294684293494157e+00
-1.085927830673191750e+02 1.458584215562833286e+01
-2.531671770712721781e+01 3.119953089090499176e+01
7.229268788932569123e+01 2.350698189763390289e+01
-1.234879713374456713e+02 -1.946890422542985988e+01
-1.533167040395802587e+02 -1.811511075385810443e+01
-1.133316559552201284e+02 -6.153194100905005293e+00
-8.114011935347842552e+01 3.691138415919226645e+01
-7.600186606616966856e+01 7.271776282665078028e+00
1.371830953128036583e+02 -1.143622891298239885e+01
-3.705207084285174091e+01 -6.252853475655180127e+00
3.392098766715557900e+01 -3.054954612069780850e+01
-1.448107648880047122e+02 -1.094256067502923990e+01
-8.340673239774972103e+01 -1.276566816578139374e+01
1.205017732852482126e+01 2.199893617298510406e+01
-8.571865471912215639e+01 -1.051203876534832382e+01
1.324181696972110878e+01 3.397261683120622422e+01
1.852769341155169780e+00 -6.739344408042069468e+00
-7.796518471986681575e+00 4.393746263205811076e+00
-1.109007965445006647e+02 4.173488793202945146e+01
-3.061361591123243642e+01 1.627051924458325471e+00
-7.302439311819919965e+01 -8.159362101631716158e+00
-1.550007992966288839e+02 1.371401232360465450e+01
4.073758765358192591e+01 -5.863271523957693354e+00
-7.748390850766732285e+01 1.356012082387954010e+01
-3.104373504813462858e+01 3.601417943131670540e+01
-1.840080264149154843e+01 -4.899977508080529987e+01
-2.700063910786539623e+01 -3.013075398741735711e+01
-1.023238324147536105e+02 2.870225115378172731e+01
-4.498319644433612297e+01 2.318312900835575618e+01
-9.153760771159660692e+01 -1.277345131252481991e+01
-1.187798845768880085e+02 1.603200583972363091e+01
-1.407298717703794466e+02 2.786497886352569342e+00
-7.337538209633012798e+01 -3.382635635824573939e+01
-7.560541869256171310e+01 4.418145912325812930e+01
-1.059538892219983381e+02 -1.288557208258937692e+01
-8.837513134605993059e+01 -2.371560068222760620e+01
1.753273845767303740e+01 -1.666103315449991484e+01
-1.376280194918396376e+02 1.644553177255096443e+01
6.430786496838527100e+00 2.018532702764235864e+01
1.001023366995132875e+02 -4.772889668978503863e+01
-1.876836538816975803e+02 9.938791107631727684e+00
-5.975972658499959778e+01 1.129660018026690915e+00
-5.566775159427530184e+01 6.907783380652644745e+00
9.161973972387082199e+01 1.510539481873587420e+01
-1.867482781175822382e+01 -3.528808189970867204e+01
2.626415389705948655e+01 2.016264411463515316e+01
-6.391786296991910632e+01 -2.575721813373006430e+00
-1.002825124110421484e+01 8.557528268056325160e+00
-1.183801522578614396e+01 -1.546346662183222165e+01
6.115199580433653637e+01 -1.391586092893018112e+01
8.253802913689028742e+01 6.804245208434410941e+00
1.345631735740098804e+02 -2.638589082984675827e+01
5.584917196227274871e+01 8.992579428593811031e+01
-1.072541154834945871e+02 6.991264017040276002e+00
-5.964036062781992342e+01 -6.101327467343209854e+00
-1.477793464094433240e+01 5.708782603092677732e+01
-1.205552289949133922e+02 1.118906432130572703e+01
1.767794797638466093e+02 3.265803429806068081e+00
4.902902541473460052e-01 -8.165833611789694579e-01
3.709218230819178075e+01 -2.310466877370248540e+01
-4.359085279185094208e+01 4.131209780802380749e+01
3.869177239401307844e+01 1.587314967852395009e+00
4.138597375581347393e+01 -3.143457973085052259e+01
-4.293254634419520599e+00 1.710284657273874132e+01
-1.700478208102874760e+02 -3.229055160758953491e+00
8.916774404945741139e+01 -1.706759512948459090e+01
-8.106986175570392561e+01 -2.521528534273500455e+01
1.548014455216893737e+01 3.628671741217576852e+01
-6.309827497410189068e+01 -2.377807700206874042e+00
-5.417831231015328086e+01 -8.635178319852485629e+01
7.228273182821193643e+01 1.983589087917031080e+01
1.186024488641507730e+02 2.036662054212789741e+01
-1.752627704483262221e+02 1.334233564117238124e+01
-4.675699243565113505e+01 4.060495697359809242e+01
-7.688129602277632557e+01 -1.415241488565738592e+01
3.637183979785491061e+01 -7.502604452006376157e+00
-1.729218327412883127e+02 2.396156307552286790e+01
-2.099472155125137718e+01 -1.116477618034630526e+00
-6.516148421838335025e+01 5.311040720711524443e+00
-3.919050695991963806e+01 -2.899834401867712241e+00
-1.313413321789786323e+02 -2.634562742409856106e+00
6.887309354166912101e+01 3.577021848837536311e+01
-2.369327061452220207e+01 1.287862976260572445e+01
-1.335156598201916438e+02 2.445997184682675396e+01
5.637381293818916284e+00 -1.362226394622210535e+01
-5.375487751349172783e+01 -2.906719061676681370e+00
-4.296874764542607750e+01 4.594104480635986931e+01
-7.720404097352313499e+01 -1.429656081250685418e+01
-7.381607677460088723e+00 1.444635639078902578e+01
-9.712358245521542699e+01 -1.559316352113911286e+01
-6.137742724649507764e+00 -6.900388195792255885e+01
-4.751115205426378907e+01 -1.059983201105643147e+01
-4.600179229819602966e+01 -8.639569757852816778e+00
-1.549793087230926236e+00 -2.199218396967668099e+01
-4.953287459726099939e+01 -4.253471851687979921e+00
1.982761852722407525e+01 9.751382528854671605e+00
5.869293409120381710e+01 2.736014046250630116e+01
1.043070895364872364e+01 -2.821851839166357223e+01
3.440358135782318527e+01 -4.876656618731944448e+00
-7.335338235582122479e+01 3.525744411181752191e+00
2.972604719389832439e+01 2.026803720026681965e+00
4.782140003572679099e+00 1.145236638382042749e+01
2.322307388262144912e+01 -3.595765193463090981e+01
-1.047497926828051220e+02 2.038218937617794069e+01
-9.040255309566856567e+01 1.638271546563284176e+01
-3.390334377059384252e+01 -1.682504277317168828e+01
-9.659149234068162571e+01 -1.373949647766727900e+01
5.531216431822453927e+01 1.447485881788379558e+01
-7.686910255814977688e+01 8.807687316823585633e+00
-6.836584765704854760e+01 1.346456471633673502e+01
-4.518290303856811185e+00 2.739494382251301818e+00
-2.194825733402038637e+01 -7.811989627956902105e+00
-1.027550032251656944e+02 1.427266349685199565e+01
7.906488966034821431e+00 1.539614161646953328e+01
-5.740121696393114803e+01 -1.964840916042516383e+01
3.166193738084629317e+01 2.417822745376894744e+01
6.808649731573123631e+01 -1.425236873590354136e+01
-1.206357399520241529e+02 -8.765136447906927586e+00
2.648042830380775214e+01 3.776562640726957909e+01
1.615873801239010561e+02 4.096255695011755904e+00
-8.063959200954893447e+01 -2.848449372149204351e+01
1.254594354773150222e+01 -2.875291894215107114e+00
-4.510309526922535639e+01 7.394864933245172800e+00
1.112568573329621273e+02 6.838181271009385220e+00
1.935600803176513693e+02 1.314016031378915450e+01
2.988451528949585168e+01 -3.446093676194747957e+01
-8.585057844472198951e+01 -2.787256576352751480e+01
-1.905007384744733301e+00 1.207638243756785812e+01
-9.142084358862150850e+01 4.244474894844400659e+00
-5.988983882887149690e+01 2.189330583300933242e+01
-6.845412377160354112e+00 1.594191131442660891e+00
1.939936350744875142e+02 -1.630378056688670085e+01
5.297516491918689496e+01 -4.144315144000645290e+01
-2.415044402536776147e+01 1.158801288627356385e+01
2.191102137736903543e+01 -1.521262830397041199e+01
-9.237502947272342624e+01 1.177824878128525299e+01
-3.677058141140048519e+01 3.403760439625542489e+01
-4.373130050600069296e+01 -2.252135110655764905e+01
4.403741126337967415e+01 -1.247524924446863714e+01
8.571488958249666723e+01 3.954186278029324431e+00
1.612209505433219192e+01 -2.278015082383041090e+01
-4.068147135724034058e+01 -3.079489448899228421e+01
1.040644035008621699e+02 -2.900411489966351297e+01
1.132054868077524823e+01 -1.862050722459182950e+01
5.789424693604307492e+01 -3.469370492017626262e+00
6.701533659517647834e+01 1.645282685040151449e+01
3.829463959013511243e+01 3.752613662922902993e+00
-1.562230688665657112e+02 -1.896859456530791377e+01
-7.058974861323349614e+01 -4.131022732979506173e+00
6.130190178665779399e+01 3.443971489140524511e+01
6.150171014678713988e+01 4.215318781148408966e+00
4.564143574087947997e+01 3.154010248486032619e+00
-9.600406295999718509e+01 -1.044687898587125829e+01
7.303447172417055810e+01 6.044801761648264460e+01
6.379511530443436840e+01 1.496569497691022299e+01
4.894615472898934172e+01 4.163089862216206427e+01
1.017539672620359141e+02 1.947356063032214735e+01
-9.506168509828266622e+01 1.868181044900480359e+01
-9.515213654069259519e+01 6.704960153677885337e+00
-7.940315049166589922e+00 8.224452499411652795e+00
-9.047728199960360485e+01 5.042198274936183999e+00
-2.333482424631454322e+01 3.387687396602613887e+01
-8.123198985851728082e+01 1.216143591334370999e+00
3.627630642399067540e+01 -1.872813542016701405e+01
-6.851904863200635987e+01 -4.811084672797743877e+00
2.269588068648712920e+01 -1.394087880455866113e+01
-7.452374120459761997e+00 6.898426020783657853e-01
1.188066254429213231e+01 1.559825197706016553e+01
-1.842840974905500957e+02 -2.031243566065399353e+00
-1.394817598020857190e+02 4.473182662918484098e+00
-6.806450485418494623e+01 -3.536663091091692479e+01
-2.235456069563850789e+01 -1.228092393096993185e+01
-1.199564262485665722e+02 -7.539489572224230329e+00
1.414679388577464749e+02 -1.524330267582139165e+01
-1.191560595832901415e+00 3.282846654552083976e+01
-4.616052206842134353e+01 1.010392812816092878e+01
-8.139953825536898080e+01 4.956440466597076266e+01
5.936080565284023614e+00 1.733786434646665953e+01
-1.019259254345880379e+02 3.440628652129650078e+01
-6.471485884435543312e+01 -2.871276746954663039e+01
-5.290233904508934160e+01 -1.935056994609630010e+01
-1.264476911966668204e+01 -3.937360669130754331e+01
-5.942174366688376352e+01 1.379853445184112992e+01
-1.531283805476099324e+01 -1.031693810933905553e+01
2.416136034941452237e+00 -1.625829980908502748e+01
5.144521050062269296e+01 -2.219173943937404658e+01
-1.224922959512935421e+02 1.398274358437690701e+01
-4.573394747927927995e+01 1.499457360855346977e+01
-6.054670350051696204e+01 -1.839319749095697842e+00
9.315964842016707337e+01 2.600809914329603245e+01
5.130038915078431216e+01 4.042330942321051168e+00
9.765387897122506899e+01 -3.086823918200182604e+01
-1.306526301149968390e+02 2.166255748197002617e+01
-7.799429322965255551e+01 -2.313281786841393384e+01
-3.320950646271753470e+01 -2.875863841286475164e+01
-4.882837783734682091e+01 -6.986161038802882750e+00
-8.688924772589693646e+01 1.478180955114564199e+01
1.376217661305034845e+01 1.762605996888095916e+01
5.141763387768614990e+01 3.521378930263962559e+01
1.701188187589065137e+01 2.034881232448929822e+01
-1.391880984149362064e+02 6.389419925913505161e+00
-1.060467829148472241e+01 4.233694309464529937e+01
-5.465422810358569450e+01 -9.663014750243967832e-01
-1.237726525141333980e+02 1.359880272683890112e+01
7.689544563647867648e-01 -1.205065710444116434e+01
1.138589306330371720e+01 -3.895238120482525268e+00
-1.550231435610630228e+02 4.399590553718399022e+00
3.806885203701283871e+01 1.564649323733105168e+00
1.810438255197751403e+02 1.782088650685397013e+01
-5.916225946994929785e+01 -1.149223728770157216e+01
4.448360226542519058e+00 5.235350389990307995e+00
-6.409735595175019007e+00 2.025722053458066085e+01
-8.248543068056568472e+01 -7.749379613448436288e+00
-1.216078933958552710e+02 7.566083248217423396e+00
-8.228540919803019449e+01 -5.370658832659835902e+00
-1.352927250629953615e-01 3.774185066434218783e+01
1.728266987205965961e+02 -1.368703623053029839e+00
4.728261910471818652e+01 3.195209614337321113e+01
1.156288446098162837e+02 -2.377814901290466576e+00
-9.242553707674809971e+01 3.258252032675040510e+01
-3.193127813300545270e+01 -2.666400465162621103e+01
-9.145235602601412950e+01 1.497710276817805486e+01
1.431413814316827313e+02 1.608681398886394476e+01
-6.439989557239651674e+01 -6.269824013917147276e+00
5.368427487320366964e+01 1.966158020329811862e+01
2.301921423579824122e+01 -4.196580282523625272e+01
-1.249001529280897671e+01 1.403571638559555268e+01
6.177631360846421948e+00 4.455143984583501471e+00
1.208992799129559315e-01 -2.836021058187264288e+01
-5.634009890867282166e+01 -4.903735442446995663e+00
-4.986688589857614318e+01 -3.470965924530140967e+01
1.497291198227289044e+02 2.362853836951472175e+01
1.229919585276252434e+02 -1.534003196830872895e+01
-8.888779608039878610e+01 -2.363011009682305641e+01
3.278860401340685371e+01 9.089640104667033427e+00
-8.225396286726224560e+01 7.804608783522195559e+00
1.496486658677034427e+02 7.764895720618545383e+00
4.876750871347218741e+00 8.983453519379661856e+00
-1.846766137027021060e+01 -1.589000322206970139e+01
2.246667996173081860e+01 3.101135977140961586e+01
-4.038033280044582618e+00 -1.600743220546976886e+01
-5.048776659947582957e+00 -1.475164116289537652e+01
9.253192851321142598e+01 3.584409877609174089e+01
-8.674226277335519342e+01 -1.098028355258925437e+01
4.602556591472794167e+01 1.020384143262630161e+01
-1.376026162481091717e+02 -2.122952457783442881e+00
-1.075944199286256122e+02 -1.912600496840418174e+01
-1.614982276948119591e+02 1.994558930670975894e+00
-1.534162531867254415e+02 -1.776174826333604684e-01
-1.808413382918882348e+02 2.750291643106102768e+01
-1.689462573177309324e+01 3.399754768788692161e+01
-1.265499592812241758e+02 -5.108308458891140269e+00
3.516883726683632005e+01 1.777675422611887868e+01
1.875535062931357544e+01 3.737293724048740828e-01
9.003759576047711732e+01 6.198127433415890408e+01
2.529617762891103894e+01 4.745641974770273275e-01
3.559276142877300764e+00 -3.405437393865570783e+01
-9.545001014647677096e+01 2.740793961707875681e+01
1.034491290555994425e+02 -1.757020765977588184e+01
-4.335867270283513619e+01 3.802914282613692798e+00
-1.266427374235532852e+02 1.808765820472645558e+01
2.073270445874673555e+02 3.385643870199523064e+00
-6.349308831195271097e+01 -4.850418590539625541e+01
1.623166071214922468e+01 4.357853207711077914e+01
-9.473034238108344596e+01 1.787245647561222839e+01
4.025698840863400108e+01 -1.161104422578185691e+01
-5.882883276417918239e+01 1.489677655131260159e-01
-2.711308129385064092e+01 -1.068508828580225867e+01
-3.503768303064769185e+01 -5.855368436940726617e+00
3.065785468993913021e+00 1.059612824937130782e+01
5.154191938769230319e+01 -3.433233385616530597e+01
7.361896658060031484e+01 2.230141408327426333e+01
-1.615968271694687246e+02 2.151999105389606370e+01
9.798198639719065284e+01 8.026014212471217490e+01
-1.528000238064428906e+01 -1.879478548674385507e+01
3.545292677324221486e+00 2.867445810709706322e+01
-1.222708579771529287e+02 3.557599890654919506e+01
1.219057237573113639e+02 -3.684408825847840774e+01
-3.687629795435021407e+01 1.101591227593689126e+01
2.127736295661929233e+01 1.768445715218481595e+01
-6.433760002605504269e+01 7.275912832334477720e+00
-6.385508120910619567e+01 -7.289209705810609563e+00
-5.804144260421668378e+01 5.134587845962101049e+00
1.579589679173319041e+02 6.821278837956384677e+00
-2.773557226485128524e+01 4.945929690727921546e+00
-3.746048057016229649e+01 -1.114209174184208990e+02
-4.764507340665446122e+01 -1.523123117152744932e+01
-1.875529336911280325e+02 -1.900976464010170619e-02
-9.260463074712116338e+01 -1.231521402252176145e+01
-7.477002329841656092e+01 9.291068400892790180e+00
-1.059247357075834088e+02 1.119898306763901275e+01
9.982030839707198311e+01 -1.214639820217300681e+01
-4.643942197756999235e+00 -9.149861987092739568e+00
-1.522624258167990661e+02 1.034068792041050600e+01
-4.592374940258630467e+00 -8.609361023879676722e+00
5.294144544923526752e+01 -3.172968339787060188e+01
-8.719198954324123463e+01 2.446091174355085496e+00
-1.337069377880217473e+02 2.398972227508328459e+01
-5.921394044810543988e+01 -2.081893872529690981e+01
4.508582119857095449e+01 5.674417636563442890e+00
-1.389310342693138978e+02 -2.054276664090356164e+01
-1.862934142434524176e+02 -2.060559117939846274e+01
1.426693925219343839e+02 1.294308452843573676e+01
2.894970009064717686e+01 5.977690211706446100e+00
-1.382815509926406605e+02 1.089035447316822314e+01
-7.971513399561841595e+01 1.535342589499425614e+01
-1.231765043055140012e+02 -6.172109177672425062e+00
-8.864161688311335752e+01 -4.749903478564370118e+01
5.504940237394929170e+01 2.024653797390283216e+01
2.686293367483931149e+01 1.442360061931051263e+01
-1.565739911746311179e+02 6.222118178188642545e+00
2.711772623738276877e+01 -2.437811622838001568e+01
-4.855146583050413511e+01 2.199243154979386361e+01
8.932696100299484954e+01 -1.595298170910980495e+01
9.740552860332383034e+01 2.192056333852422156e+01
-2.936724340715507253e+01 -7.611595909850160879e+00
-1.754328704721482524e+01 2.060407523826047438e+01
3.875037660911894477e+01 -2.204156386011202429e+01
-2.505914147493652777e+01 2.487228416691954891e+01
-9.605700823000904620e+01 1.274787811043875863e+01
-1.068408787045320736e+02 2.879189099050425416e+00
-5.484334128794283458e+01 -7.773598272299586665e-01
-1.279329183350264572e+02 5.365789221744935844e+01
-5.493817610184859745e+01 4.890613775412411002e+01
5.339743629359386290e+01 2.855665585833932951e+01
8.109771763926725896e+01 3.891181704827839205e+00
2.718466645976695162e+01 -1.555902397944015902e+01
-1.579420864650173257e+02 -8.589020931890298804e-01
-1.295820223335129562e+01 6.115886172530633047e+00
3.219329953727370963e+01 3.891709997642954999e+00
5.605440814343278788e+00 1.346325127913196340e+01
-1.194335308416996639e+02 2.211702542528372106e+01
-5.437250454190269977e+01 -1.030658972039544707e+01
6.891305962449901301e+01 3.304384080018363257e+00
-4.050696971924526935e+01 -2.347391803230248186e+01
-5.964565387634835503e+01 8.054375478841723224e-01
1.111363130928048122e+02 9.836147981123190220e+00
-9.960286870927535574e+01 -2.342194543312442434e+01
7.958918402567364581e+01 -8.456500142869240122e+00
1.316479508831235705e+02 -5.676868611000299936e+00
-1.122985532500990047e+02 -3.797410515285978505e+01
8.137423666879115558e+00 -3.070780399291963647e+01
-1.264263005874667272e+02 7.804935227556915045e+00
-1.524123291469737751e+02 -1.985650698065223096e+01
6.398422581760893024e+01 -1.321561036634681052e+01
-7.045765394173660923e+01 1.413004383381768214e+01
-4.842510705095234158e+01 2.899092692910190650e+01
4.588052047038987524e+01 -7.120349978488459186e+00
9.169929387969285983e+01 -4.628712841008466583e+00
-9.715653123258156665e-01 4.090733584373928089e+00
9.407102207562027729e+01 1.091849296281393222e+01
1.220683596762865335e+02 8.280944679701695676e+00
2.454833191434566331e+01 1.991227915139266358e+01
5.231941594620203517e+01 -1.587370938340950444e+00
-8.201537057159281119e+01 2.089385859402379975e+00
2.735944028657234384e+01 -1.389174173745734997e+01
5.568929753836058438e+01 -1.587771002891289251e+00
8.839553615125375075e+01 7.051728991403335201e+00
-1.895773648620194152e+01 1.332358244710053796e+01
1.222616853803126986e+02 -4.438526586573004096e+01
-1.286614044039364444e+02 2.500946820280054883e+00
-1.046560576895079890e+02 -2.473557994102521529e-01
8.398236251302041921e+01 -2.856553215833806547e+01
-1.687456518062929263e+02 2.265448787438662137e+01
-1.455357220727748313e+01 -2.357940165651952924e+01
5.668568744284079486e+01 6.017752755303996892e+00
-1.492591859732303305e+02 -3.405251425596497228e+01
-2.784978373979858812e+00 -2.013433872843555683e+00
-7.536886227130347038e+01 -4.677471302769188988e+00
-5.411977074710990365e+01 1.346300457667720885e+00
-1.629307341297986795e+02 -3.408234360377654371e-01
-1.496220981395973979e+02 -5.817743579007746968e-01
-5.900544150037046620e+01 -1.963284969089703225e+01
-1.112839060548147501e+02 5.398861950019727018e+00
-8.018245985941914000e+01 1.649561530450380076e+01
-5.594913632108912793e+01 2.033651791975901801e+01
-6.904077729763156412e+01 -2.313441310395616313e+01
-7.495843084725360939e+01 -2.324244871558472880e+01
-1.213970283577613287e+02 -3.015028485638485023e+01
4.485986661246745655e+01 -4.006283252603824963e+01
9.854504966722608117e+01 2.102658722327719687e+01
-8.267972992155152667e+01 -1.827729556831439695e+01
-1.503890957615045920e+01 4.839577420397159102e+01
-3.318721069459543571e+01 -6.240249248599480048e+00
-1.558690115251621933e+02 5.102269810196042421e+00
-2.006830401142641449e+02 -2.496844805770950160e+01
-4.977273178657400621e+01 6.340557634810870535e-01
5.004770785082843787e+00 -2.583840356028791163e+01
-1.859360793460117520e+02 -3.542156983726289354e+01
-1.278332510279532030e+01 2.904144660775397568e+01
-9.052852362862049063e+01 2.898238053485111720e+01
-7.471825974313560437e+01 6.393120248139969597e+00
2.527656712750374268e+01 -7.967709414121745048e+00
-1.145123066427537140e+02 -7.513294974262220194e+01
4.261220512496056045e+01 -5.729087384871308641e-01
-1.898124165149856708e+02 1.886797735617461313e+01
-6.476656339628746650e+01 -8.276171128071904803e+00
3.707145640566001532e+01 -1.010045794873314584e+00
1.153940669153620258e-01 7.190233302093237411e-01
-1.910061566503359343e+00 -3.821870058963158234e-01
-4.420794497839025894e+01 7.664395318588749006e+00
-1.075911564595152043e+02 -7.391343727441280542e+00
-1.108366294734766058e+02 -6.641161217930389604e+00
5.262655073478090628e+01 1.388055456796427123e+01
-8.001059573740307940e+01 -5.917662421567176700e+00
4.256975064991560487e+01 -1.241040596235463411e+01
-6.536190834621648094e+01 1.950330789715960478e+01
-1.137239880663585438e+02 -1.006398516020106371e+01
-1.248725521603062418e+02 -4.641379536827241026e+01
-1.162054205375364546e+02 -8.328727639744670341e+00
7.951066729867108052e+01 2.090897676027195118e+01
8.467352101449129975e+01 8.448748844094335908e+00
-1.267978202426670578e+02 3.852242760234287999e+01
5.055391747569314020e+01 -2.041438727717730117e+01
8.495135526208808585e+01 1.444596780563996319e+01
1.436553118270567211e+02 1.114139823736495893e+00
-3.264571608328358820e+01 -3.429465629674466243e+01
1.543581231738371073e+01 -4.564190280485320272e+00
3.027400903859344794e+01 -2.793065858753897013e-01
-2.057880227590916320e+02 -1.800649933092724808e+01
-8.639611726244631029e+01 1.386243724827889245e+01
-2.226570952497173721e+02 -3.016885600329499439e+01
-9.939990212710091555e+01 5.075859627278595632e+00
-1.773982303609803921e+02 -1.066449962817084618e+01
4.220314577917663001e+01 -2.527265073862007583e+01
-1.500192156557505996e+01 -3.410674782228825563e+01
7.707121307023766299e+00 3.838873022614467612e+00
2.344861350433583880e+01 -1.143774200002242125e+01
-2.182281309961224451e+02 -2.583565517799411637e+01
-9.227060771503205672e+01 3.066085492818043434e+01
-1.038650179637050144e+02 -3.247126834768812387e+01
-5.198232799902817902e+01 2.673703514632106604e+01
-9.502208898645758950e+01 2.146862438342993684e+01
-9.150517354479475785e+01 2.188498893405418855e+01
-1.200285094423009014e+02 -2.495066637385153996e+01
-1.474448272495428967e+02 -1.268612898140325917e+01
-1.749756136020089627e+02 -1.520290327918297457e+01
-2.080408704428561464e+02 -8.190969969899411396e+00
-1.221922013450054862e+02 7.890182781273604284e+00
-1.187645566779933937e+00 -4.697390304909033887e+01
2.835117904396244981e+01 -1.905532610804787197e+01
-2.503271818742544497e+01 -2.927620963851651936e+01
1.463184307001544937e+02 -7.239651857245195110e-01
-7.104760643759938432e+01 3.183581010524084220e+01
-9.780766799767478403e+01 -4.213272880230023887e+00
5.903396531664581204e+01 -2.099737074207937226e+01
-2.824457392924448751e+00 -1.455519303828372557e+01
-8.381389966547209269e+01 3.394071884905178393e+01
1.407552724247629961e+01 -1.035348472456609947e+01
-3.254691714818789450e+01 -9.521674594270486125e+00
4.511566077693485965e+01 -1.385558963947200262e+01
-2.477778437038269388e+01 -6.975487439861371985e-01
5.784718939290007000e+01 4.032273468127871574e+00
3.811049934349676249e+01 -1.001540533312964421e+01
-9.256406975884431176e+01 5.339490804909140564e+01
-4.957215099662852964e+01 -1.518259249237233455e+01
-5.729348771838036214e+01 -1.668864532638391296e+01
-2.100270925082516555e+02 -3.117785092263202884e+00
1.506780905670197868e+01 -1.341161834798994335e+01
-8.784868381506319679e+01 -2.436470279542142592e+01
-1.360266428448605609e+02 -1.738058175967279340e+01
7.755781789137073190e+01 1.230074740252706889e+01
-9.181869512104836417e+01 -7.287302010160686905e+00
2.804342391738384066e+01 3.535056175469149853e+00
-5.784985483443581700e+01 2.626779950063960101e+01
-1.501648190343481986e+02 2.196472719282685304e+01
-1.942108723984198804e+01 1.369830180758572347e+01
1.510187907641133904e+02 1.207566583849798114e+01
6.787653441560127021e+01 -6.664191934550730778e+00
2.095299475236252462e+01 2.139335523216647061e+01
-1.727371916307270272e+00 2.724547270368271157e+00
1.516680325435036725e+00 -4.742752735257929619e-02
-7.813365403056553760e+01 1.542309129751106411e+01
-8.029698202387646688e+01 -1.762250852407566626e+01
2.606786926670535820e+01 -3.966073163240258026e+01
-1.072105267606709447e+02 -2.622423464870902876e+01
-1.836111557125630895e+02 -1.249670665811368053e+01
-1.007244049399457566e+02 5.461414093319589824e+01
1.045127231521713185e+02 -5.587511910814112248e+00
-1.007739947245577206e+01 8.105722030516499643e+00
-3.404229230114930260e+01 -6.038939549373232296e-01
-7.546377713070189941e+01 5.344269479299310888e+01
1.945051175452416459e+01 9.625061303009792013e+00
6.864151198052717007e+01 3.946194650938882109e+00
1.894124950801564466e+01 7.966835735638557736e+00
-2.482579669137314582e+01 2.663274039770104551e+01
-7.016295872446093540e+01 -6.853478871208924517e+00
-7.641498068260325738e+01 1.085013908983912145e+01
-4.221904197263582148e+01 -8.772447546236840088e-01
-1.899162081847311754e+02 -3.886582058914389393e+01
-1.276139224636376213e+02 5.674111557380730808e+00
-6.920679435859436524e+01 2.444048952299829125e+01
-2.071912864265357257e+02 1.392729999549181485e+01
-1.708236966376479700e+02 -7.385616569979225332e+00
-6.130865960803538428e+01 1.223807964197431319e+00
3.077582386500803224e+01 4.230523996156045996e+01
-4.923088997976205405e+01 1.738683394433573781e+01
-4.021561290088887830e+01 -3.938750679549938383e+01
-1.593706130861151280e+02 -1.101330588522557363e+01
-1.865309542134183403e+02 -2.344282888928954089e-01
-1.071325228094284796e+02 -1.186734692331332397e+01
-1.138697026008713777e+02 -2.598791767089450033e+00
-2.855187862549234978e+01 -3.386860189142010569e+01
-6.385969461869306230e+01 5.678798411716532968e+01
2.312588059358554327e-01 -3.085690156247009597e+00
2.565483398989018937e+01 -1.247831518676147411e+01
-7.079075080921197127e+01 -5.333475000897448304e+00
-3.862752190070842317e+01 4.450273912742623850e+00
-2.986668698565240376e+01 -1.586674783561202773e+01
2.157766754903181905e+01 -2.681963809238528640e+01
9.483537350533761412e+01 -2.444030352877062739e+01
-1.114479894334435670e+02 9.740693098201390399e+00
-7.127112180132239239e+00 2.889615826747322203e+01
-5.277249052062961709e+01 -2.152308895541347766e+01
-9.535036046283771327e+00 2.215868106998195586e+00
-3.410778828505512195e+01 -1.364009808483350028e+01
-1.868981164641143664e+02 1.624854881236070625e+01
-1.123510096162468841e+02 1.164727814049861365e+01
-1.264154856549968855e+02 1.474845427093373962e+00
-1.323381286632179297e+02 -7.180675972239737348e+01
-1.324682904930015752e+02 2.565771945856518954e+01
5.210115896922694390e+01 2.908586210582481124e-01
4.891199061860550046e+01 1.913161387309822103e+01
-1.665828686501261657e+01 -1.562234663545758018e+00
1.344589704475729945e+02 -8.307341553570717352e+00
-1.936804261358701851e+01 3.892125897970971948e+01
-8.598882164419931939e+01 -2.559036913896227716e+01
-1.921984044276139230e+02 -2.550283696755509411e+01
-4.422911861836812619e+01 -7.967873360424077234e+00
-1.286343683596415133e+02 -2.385343781540012742e+01
-3.965451216201768858e+01 4.758185211847445473e+00
4.794234772898256836e+01 -6.102353021974872860e+01
-2.198099942684997643e+01 2.551240332412598022e+01
-7.033144039133044600e+01 -5.683156254072658786e-01
-1.397021889343757266e+02 -2.143585379020866100e+00
-9.288108123706642516e+01 5.369646460172305957e+00
-5.448741721332702781e+01 -1.598775484067384411e+01
-1.395773849185264908e+02 2.389418543593739130e+01
-8.435442793617762902e+01 1.063593207754314030e+01
7.527622053193194063e+01 1.180962250332063235e+01
9.065531509646949360e+01 5.058579907406784315e+00
5.031294952481643890e+01 -3.244268304558250993e-01
-2.790537314927347978e+01 -2.106098129831177168e+00
-8.316300554581297888e+01 -2.103447801045413712e+01
-1.209971168137070094e+02 4.223746659028594053e+01
4.271524967693706998e+01 3.210880114281441156e+00
7.881892725129409882e+01 -2.333914206865888374e+01
2.096135401216556318e+02 4.112292657205917124e+01
1.975383731887860961e+01 3.592321753798553630e+01
-3.980192676558635867e+01 2.697511715820853695e+01
-1.106436337986964418e+02 -3.880031737105992917e+00
-7.629637688447006383e+01 -2.447419798388629886e+01
-7.646836540746714661e+01 1.185429448598568802e+00
-2.082028423204479672e+00 -1.599181000258842822e+01
-3.773034608547983115e+00 1.263520301190048301e+01
3.371381182805274079e+01 2.237060309517191214e+01
-1.667370442609519898e+02 8.406727342482179566e+00
-6.897389151069862123e+01 -2.916752106066499906e+01
-1.731474327019650730e+02 -2.042707153574900403e+01
-9.134129983894774796e+01 -5.910265414430568853e+00
-1.302407131652878149e+02 -3.029544878476119152e+01
-1.304216530297772749e+02 -3.039731490512454570e+01
-1.018005522073635234e+02 -8.579053482676094688e+00
-1.490861200107230502e+02 -5.628281155970865646e-01
-7.583270272177514038e+00 -1.083007383790138256e+01
-1.449684455148571089e+02 1.867533919399500419e+01
-4.486429374204936948e+01 -3.159841453716387960e+01
-8.516921734452209591e+01 -1.067506605693351140e+01
2.575716675779026232e+01 1.456411692340403619e+01
1.112748189966558101e+02 -1.438087488973609140e+01
4.766663112218603970e+01 -1.882863683255598986e+01
-9.170998946406638197e+01 8.593695845515814113e+00
7.454954039085486706e+00 3.315312963083705000e+01
-7.771017471892465167e+00 6.931966476218754281e+00
-1.008879225790246892e+02 -6.096612385477812701e+00
5.251925253404143490e+01 3.455778269092989063e+01
1.557706110360635776e+01 -1.403266912010009637e+00
-3.429209093743505576e+01 -2.048870986242788561e+01
-9.557551000547022113e+01 -1.262889224981976355e+01
-1.075219348150150864e+02 -1.793322358791982651e+01
-1.078479554906134297e+02 -1.589589327745839320e+01
-1.006511836077882691e+02 -3.071351466526909491e+00
-1.181996885213893300e+01 8.991491299437127438e+00
-8.819982883562192910e+01 -7.482362040435223349e+00
-8.381190640077899445e+01 7.480812867397281352e+00
-1.537737219261760799e+02 -3.032378885732041596e+01
-3.941460454388466417e+01 2.353919332422710564e+00
2.481283947365892750e+00 -2.535344665638531936e+01
1.181596808171223074e+02 3.576345522100073993e+01
7.305402805939115751e+01 8.007315319962019728e+00
-1.230637601546083602e+02 1.491581293712905065e+01
-1.256912111756805928e+01 1.392816235571550898e+01
-1.515625475247673819e+02 -2.362308220246559287e+01
8.632121321967827043e+01 9.533850988755013134e+00
-6.477733222056603779e+01 4.972384207776755716e+00
-2.304630666620050761e+01 -5.538755121109430490e+01
2.012690794020496554e+01 2.326195588000562608e+01
8.199575476797005535e+01 -6.850582074597633131e-01
-8.816244280456307081e+01 -4.346806110279769264e+00
-8.126434838540369299e+01 -1.579949209827707612e+01
-2.397564927110995825e+01 6.149500130525317410e+00
-8.421983122352821738e+01 -2.782274305141454462e+01
-6.818372455381413033e+01 1.590144153731722554e+01
-1.302909078919587387e+02 1.974411660481023389e+01
-1.544450582490069337e+02 4.076562037064829269e+01
-7.939408350135178694e+01 1.683431398829946346e+01
-4.272895296265191689e+01 -1.423379333499813448e+01
-1.839805887196692424e+01 -1.113718509684266422e+01
3.099708921676657791e+00 -2.523699283915103209e+01
-1.406495155981689038e+01 1.633553360050213499e+01
6.531683803721840320e+01 4.016446262795041378e+01
1.138077057789816848e+02 -5.522220669875213872e+01
-1.096688313213129362e+02 7.019347174930115507e+00
-2.772197161208854155e+01 -5.274774077357647428e+01
-6.408356363326987548e+00 8.858799357482793013e+00
-3.085666873854707859e+01 8.616774350522033998e+00
2.739734429915088043e+01 5.475267418659031193e+01
-8.680081394092637481e+01 -4.481440157175526906e+00
-1.671001943801358607e+02 -6.286813413098313319e+00
-1.623175842661883337e+02 -3.340887915144645604e+01
-1.110527457454108315e+02 1.541692943904901014e+01
-6.431022895989842425e+01 6.556830407021128515e+00
-1.652233499519473980e+02 5.836640407462942992e-01
-3.926236759580255153e+01 -1.774200328668170457e+00
1.368795975044560898e+01 -7.936484135884018798e+00
-1.243141125894176326e+02 -2.817377532363178005e+01
-1.311549579339887828e+02 4.577079888977332978e+00
3.113024823107038586e+01 -1.698480688478450062e+01
