-7.521553859669807274e-01 -3.409745530753261367e+00
-5.679047853145591773e+01 1.127832937516184586e+01
-1.006461435755091571e+02 -2.703238378521485963e+00
1.033946801756054441e+02 2.132867475224355047e+01
-7.907421517093114005e+01 -3.923789976356975018e+01
4.393980787405632071e+01 2.798631815256359179e+00
3.927595307015499770e+01 1.338801146042697532e+01
1.952788568161086289e+02 5.653154917742276631e+00
8.505332081803786082e+01 3.112107401658428785e+01
-1.100461534929049492e+02 1.376871395845494384e+01
1.197288831662963986e+02 7.297128710084185066e+00
6.397277430794701303e+01 -1.887257106923193817e+01
-1.524935594650528792e+01 1.548498758494013927e+01
-3.962606952835331953e+01 -2.206981409413483064e+01
1.772606992619933308e+01 3.732779413397475565e+01
-7.467791652868731944e+01 -1.522034698880078984e+01
1.865220568800743308e+02 -1.033706291064863692e+01
7.758424028634448177e+01 -7.747130980788155874e+00
-1.355262815491731487e+01 -5.158373387514912922e-01
2.981225643177266704e+01 -1.015968352758246240e+01
-1.600346016733758603e+01 1.494164650973078778e+01
8.969899756169409955e+01 2.322268312138221713e+00
-4.124908734584114711e+01 -1.397490566301376269e+01
5.358120145389257516e+01 2.951761895587711848e+01
-3.586300173738000030e+00 5.827198525493266779e+00
1.106796227654212430e+02 -3.848160325582158592e+00
-5.626596098734667351e+01 1.617842409677978566e+01
1.429537372204985335e+00 -2.907193312417322417e+01
-7.667895442805631490e+01 -4.449553281152504702e+00
-1.893847106893773713e+01 2.083784146420978445e+01
-3.078672970573077450e+01 -3.326060997488714577e+01
1.960978555708477131e+02 3.581180372366502240e+01
1.442086576258297903e+01 -2.218047616557595347e+01
-7.652994281745189653e+01 2.264621991354719643e+00
-1.827656295209363790e+01 1.835339694185242365e+01
2.048709468175971153e+02 4.082708431640306834e+00
-1.239311180726411976e+02 -1.440072648549429424e+01
-8.006089161295800238e+01 1.402224444579333351e+01
-2.071890194897180493e+01 -8.457864504127678984e+00
5.209928845548372323e+01 -3.873492757297477773e+00
-1.038995265985293486e+02 1.099156033488649520e+01
6.901943794197795512e+01 -3.179274191034481589e+01
6.067524245301760288e+01 3.402294431055390866e+00
1.271961869644182030e+02 3.936337365493884466e+00
3.356612863157523918e+01 1.484701996926558820e+01
-1.813162118122007769e+02 -4.942503734056077569e+00
1.252167607154207190e+02 -2.462120500903250431e+01
1.450350475535315127e+02 -1.106015345105768510e+01
-1.909901586240183349e+02 1.346304552795983689e+01
8.873618735025645776e+01 -1.062026545669227851e+01
1.356916609671945935e+02 2.414485869540831331e+01
1.127053107443810234e+02 -5.592797532984805642e+00
-7.032743981838640934e+01 1.012470368634433804e+01
1.368004564047845406e+01 3.077095832260423336e+01
-4.254918795589338743e+01 -1.166287753710355313e+00
-8.722924331605366177e+00 -1.893562060782953793e+01
-1.580761077260685568e+02 -1.478593521888800844e+01
1.518122186322595724e+02 3.865035078320359307e+00
-7.465020628309170547e+01 -2.791770182949616697e+01
1.235364768593935452e+02 9.804603391360739550e+00
2.002971211662645317e+02 -1.779975267337750466e+01
-1.523207652555961715e+02 -5.527549590734176732e+00
4.732642339029285949e+01 -2.221203051091465497e+01
5.098927257519326162e+01 -2.332899622510740301e+01
-3.829597845443145587e+01 1.030808633479247582e+01
-4.276822348792133077e+00 -2.727449962860402621e+01
1.545452851214776331e+02 -1.904461198912260400e+01
1.425969827474953888e+01 -2.960556234559534872e+01
8.343287008676776395e+01 -2.173960443320773450e+01
6.196394419917120189e+01 -1.856395585215236110e+01
-1.585725277364729493e+02 1.663590706704549049e+01
-4.418925799986570979e+01 4.651758565758613351e+00
-1.005983905422872056e+02 -3.778958073771826065e+01
4.116586150144463829e+01 9.065880831243280369e+00
-1.185364188555412390e+01 3.907886234120474711e+01
8.757457899145406088e+01 4.675105412139956229e+01
-6.348315536918320134e+01 -3.811548566725381448e+00
5.553217291302900982e+00 -1.181307336752422366e+01
1.414277650237396529e+02 -4.590890780337862509e+01
5.591096367901906916e+01 2.464482893528222007e+01
-1.129685782261475850e+02 -1.904346272095445158e+01
1.086148153349209764e+02 -1.560745260388928912e+01
1.642324153421589372e+01 1.937515508331627601e+01
-1.235201219946989681e+02 1.693121951550278936e+01
3.224783157319129856e+01 1.246259187317479622e+01
-2.167726906429865430e+00 -9.178997982249953225e+00
-1.446515163583198671e+02 1.096832086275701457e+01
-8.130939547033958092e+01 1.411860199118614290e+01
-5.527409103625838327e+01 1.425312935106698120e+01
-1.314300051529166922e+02 -6.540516218444588858e+00
8.280495305763535896e+01 3.259643476705922183e+01
2.006388122739745086e+02 3.341825012459908706e+00
1.015374128276583860e+02 5.907152383149091968e+00
6.438591647001294405e+01 1.428346544867183887e+01
4.906140130369588093e+01 -5.338745573579537940e+00
3.266405687245755729e+01 -6.390761579072553644e+01
-6.469051840570966760e+01 -1.325289292943307196e+01
6.529593334357556067e+00 -2.284945131512649752e+01
1.588235914816261385e+01 2.043897119963111297e+00
4.034776308338447848e+01 -4.326678720960362767e+00
1.054733830700960695e+01 -4.265425799808818752e+00
2.532845708144245478e+01 -4.539128647663996929e+01
1.369278839575351014e+02 -2.684276841479007913e+00
-2.977696743545633851e+01 -3.268857518252929140e+00
1.648206429803707920e+02 -7.228947844616516072e+00
2.086569849067223288e+02 -1.616631331775911207e+01
-1.193472285384721054e+00 -2.125169426049308541e+01
1.223020985102026685e+02 4.111516497245376200e+01
-6.796418339358184824e+01 -1.223603899515738469e+01
-4.707114894803511973e+00 -2.660530616455437425e+01
1.609738403363643329e+02 -1.184544435605320700e+01
-1.188606834786255604e+02 6.477848597060955171e+00
-1.149176448144995355e+01 2.096267942183692945e+00
1.772430023413111826e+02 1.839513887075255028e+01
1.553835053769029741e+02 2.172062959785036274e+00
9.544469004779466559e+01 -4.873551936265323015e+00
1.964731830840666404e+01 -4.848860584062775203e+00
6.646364793762886336e+01 -1.407735236244425181e+01
-1.128831470726232489e+01 1.902166379189880274e+01
-1.716068135937116494e+02 1.938382968594253342e+01
8.734450489709502108e+01 5.055788048669398904e+00
-1.733513186973955840e+02 -1.034081161313291197e+01
-8.979584869390669155e+01 -1.490568138220991656e+01
6.327949721550709228e+01 -3.215614003609620131e+00
1.394861347953048991e+01 -6.549686962428996395e+00
-6.767118483225439718e+01 -1.164167577261181918e+01
-1.740021041366593977e+02 -4.256631565730697275e+01
1.062788330578953833e+02 -3.881883995764697204e+01
3.668222283297394171e+01 -1.598423490486103660e+01
-1.882201577302202793e+02 2.018631222784615886e+01
7.947983603715893253e+01 -9.915559789668714430e+00
2.961660094125780773e+01 7.811047890577416108e-01
2.185822442514474915e+02 4.307176516098302876e+00
-1.148781498905775180e+02 1.168248304107482127e+01
5.427587696701426268e+01 4.401476897174312342e+01
-1.773393405093210617e+02 1.312839995549319561e+01
1.537228119318401127e+02 -3.311251415055102854e+01
1.085623039094459443e+02 1.061587047840151143e+01
-1.613067209038813985e+02 1.381487183343057445e+01
-1.428324030690074835e+02 1.604471487625824011e+01
-1.428969755170213034e+02 -1.364696934469572831e+01
1.513684707295726071e+02 6.904576785245837733e+00
5.873466202272468450e+01 2.069049232963654816e+01
-6.319928578802088737e+01 -2.680218838565569328e+01
-1.045110658485399284e+02 -2.268697467196761863e+01
-1.178486678059269508e+02 -2.112315829733540795e+01
6.759376362051401088e+01 -1.224962336876561153e+01
1.432812503716576380e+01 2.860720210509024586e+00
-1.636896394492786442e+02 -6.409031128563763779e+00
4.008152789401266602e+01 -6.398560749874597775e+00
6.723358360845627146e+01 4.977053781817494915e+00
1.862560945376480959e+01 1.519465079761764770e+01
-1.996018991511579372e+02 -2.139623654007860587e-02
4.939707242743854465e+01 3.626096544307628178e-01
-6.356988678406864324e+01 1.343312470025951200e+01
1.350528135519410000e+02 -3.320566348588255323e+01
-1.145116241465365334e+02 1.949993065432304107e+01
-3.914279493546577982e+01 -1.925451960819376396e+01
1.295331935688982412e+02 1.079097786117995739e+01
-1.164790790855637113e+02 -1.804173172746335041e+01
1.729629265045284683e+02 4.181637145517737686e+00
1.170032775417387398e+02 -1.981353185630557334e+01
1.415182082740726912e+02 5.556560943647619766e+00
1.032676298934752310e+02 -2.813667614098262604e+00
1.454483544314567780e+02 1.477838106658045492e+00
6.536169103686059145e+01 1.391332749657290613e+01
1.508924519929198027e+02 1.826035710707264670e+00
8.940728342520505123e+01 -2.219819429728338278e+01
1.160211577783092736e+02 -1.902761577354173994e+01
-1.051639186495978322e+02 2.301666521408096600e+01
1.673486205581897650e+02 -2.856975301046438531e+01
-3.601212514506116946e+01 -1.457569693983996473e+01
-1.509585979028936720e+02 -7.134305241754323568e+00
1.697671145702298361e+02 1.652783934451612424e+01
1.415789828603976446e+02 -9.097791261288223907e+00
-1.195675541387937955e+02 -1.802769615547362925e+00
2.024888828865642409e+01 1.824942349812593534e+01
1.363814698985738687e+02 -1.412155408456722760e+01
-1.547400855142848002e+02 1.436523615955636046e+01
1.719374324111182517e+01 -5.303730625507991014e+00
7.244117518829708047e+01 2.542070846347320412e+01
5.946640058736402779e+01 4.469731117189570391e+00
-1.931394111361190369e+02 -6.070379651171343482e+00
1.002790948542329375e+02 -1.291122644834098665e+01
2.480815450494447560e+01 -1.033039100917942754e+01
-5.536357781344876372e+01 -1.371820300632129896e+00
-9.723449795616022584e+01 -2.201086203830850252e+01
1.412515476325247619e+02 7.322919379971248866e+00
1.378551081294532139e+02 9.172069056530153475e+00
-1.597335759103345652e+02 7.750055625033256845e+00
2.072177484833909773e+02 -4.170950434868805345e+00
1.868666972793490970e+02 -2.691579587398955908e+01
-1.616795612249044556e+00 -5.138242370760641720e+00
5.822142942631295881e+01 1.761199565844288983e+01
1.217657073875982547e+02 4.121461446730004141e+00
8.195949325625186077e+01 -1.245723701965135932e+00
4.779685416122980968e+01 1.494443684192546051e+01
9.526058861068825934e+01 2.945550995264355709e+00
-1.173871048533780197e+02 -3.239866163902318164e+01
2.557256667108906356e+01 6.147809971642853810e+01
-2.070737266340933402e+01 6.327883983028439907e+00
1.741013887388751868e+02 2.434265295898770720e+00
9.936238967318658410e+01 2.925002541067682316e+01
2.507095181423930441e+01 8.467332814150937637e+00
4.052540870277802298e+01 -4.516079474400747085e-01
5.537162217719388480e+01 -1.087619699198287471e+01
1.571677481079294125e+02 -1.271494493989903951e+01
1.902830508460968701e+02 -4.330144898310037860e+01
1.639530859912273684e+02 3.609872894896182061e+01
-5.367649933974353615e+01 2.484376333183892882e+01
-9.455703687168640670e+01 7.577247844068939919e+00
1.788121069535834238e+02 -1.456881108722895446e+00
1.190088091158053274e+01 -4.767305521714588679e+01
4.271494469350983536e+01 -5.811372379571837499e+00
7.336350849148149678e+01 -1.804661815562005245e+01
8.932291383289954467e+01 -1.496216674944329483e+01
-9.542859406219700702e+01 -3.234734334015163171e+01
-8.978811512095126091e+01 -9.510705009361378970e+00
9.898330465038992543e+01 -2.880627875847692643e+00
-9.330742490708315984e+01 -4.202250682135140636e+00
5.192067783898581368e+00 3.161631517036740835e+00
-8.170327400100399018e+01 1.128145559052240898e+01
1.217079281959138228e+02 2.650063650579796715e+01
1.363835333820743188e+02 -8.375153574780351828e-01
1.753989664378965756e+02 -2.499694278018759519e+01
6.762150569898892627e+01 2.375637042548874689e+01
1.544756429306557948e+02 -8.231898111043790323e+00
-9.579125432847219201e+01 -9.832013463556711130e+00
1.991238921025346897e+01 -4.674166383767243138e-01
4.409656776681394064e+01 3.990508114995219557e+01
-6.738051691668219689e+01 -4.426706589273250358e+01
-1.805173885672385552e+02 -1.957406611749549885e+00
4.241501680759821369e+01 -6.648501119613883681e+00
1.649747258963966203e+02 -4.690830898458053611e+01
8.948666758256214848e+01 -4.615112862655825765e+00
-3.235059130484604140e+01 -1.916101220452778975e+01
-1.382281379888472372e+02 1.336187933702796649e+01
-1.436791247084481142e+02 7.112457648383169406e+00
2.729594523254008820e+01 3.793841382647467064e+00
-4.452845313428663410e+00 2.720681040244345184e+01
-1.343344811477812186e+02 -2.534840286987657620e+01
1.429106037998868999e+02 1.679819097946931183e+00
8.511622931251717716e+01 -1.402590908028199657e+01
-9.843056937506075244e+00 8.646550576155064505e+00
2.419811269278210375e+01 1.033413914404850686e+01
6.142012404004849913e+01 2.763932928103221887e+00
7.019558484803631870e+01 -1.820816620293488342e+01
1.379967254057143577e+02 -1.238389858489270079e+00
1.888031496709967314e+02 -2.167444343370152282e+01
1.721894593894351999e+02 2.545749784674805838e+01
-2.837212530794792897e+01 -1.575167933693704647e+01
-9.208622736201978398e+01 3.459436968688218261e+00
8.815091470485059233e+01 1.967815871945920447e+00
1.662244351786813290e+00 -7.031960472248140803e+00
-9.357745375660364573e+01 -6.058587022790026033e+00
-1.849860080230526060e+00 -1.210112293736912648e+01
7.171969463011554069e+01 -1.365001062920686259e+01
1.215332711394197673e+02 -1.668722079470682473e+01
-3.447661595048675309e+01 -9.979966778696574892e+00
-6.659767891972904863e+01 1.417761397695245229e+01
8.394975879029841437e+00 -1.433124286102677836e+01
2.198013794428193535e+02 1.403689932839078125e+01
-1.590874488655197183e+02 2.711381609911732937e+00
1.771755205975844305e+01 1.787891139200590374e+01
1.377334219232756425e+02 3.225549747605803930e+01
-8.426141503939587096e+01 9.255388508910291634e+00
-1.769176471628031493e+02 6.398185649618450377e+00
-1.433794131089745747e+02 -2.504533315982743602e+01
-4.935305173294523939e+01 2.415706407536997169e-01
-1.000909230212698873e+02 -1.545413291733311034e+01
1.279884175819888092e+01 -2.989103629041058241e+01
4.105090234356808310e+01 1.753650883773754776e+00
-1.209576461255738451e+02 1.463415404431757061e+01
7.531798585727207751e+01 2.263111403142247724e+01
-6.521983308720439254e+01 1.350768556093842854e+01
-3.802477176403956349e+01 -2.449023941300943008e+01
-8.441433294005217647e+01 -1.952666139727332606e+00
1.343372974572837109e+02 -3.208924589417312490e+01
-4.631734273988444528e+01 -1.010466373605681767e+01
2.224975527474569503e+01 -5.220410507769248198e+00
1.261292799797792838e+02 9.507026863616701462e+00
1.917282332750207559e+02 -4.461259981475260705e-01
1.518518676003344297e+02 2.956851337737270313e+01
-1.100540904581130377e+02 -2.387658544893058732e+00
-7.666790760971532848e+01 -7.840651936790143495e+00
1.106236607009714987e+02 3.043543588456565274e+01
8.111537603318863887e+01 -9.938974247694110531e+00
1.561294861853542386e+02 -2.373150619078156609e+00
7.020583277187779458e+01 3.815942055773061981e+01
1.395170721503583309e+02 6.695055307306487791e+00
1.162374520000693110e+02 1.551647876433256101e+01
-7.718970134752318302e+01 1.483070560138216543e+01
-1.099474573054187765e+01 2.342738038687035740e+01
-1.532892587548546999e+02 -2.054258735363704602e+01
-1.140621362288769518e+02 5.555467866405650490e+00
-1.485630875812406941e+02 -2.472224601669422928e+00
8.695301463272001596e-01 2.378535777442166932e+01
-4.869024053064503477e+01 -1.289620610205713014e+01
-1.031670244167194426e+02 9.140442027867711872e+00
-6.102991181053207725e+01 3.326655518663075739e+00
1.492836884839680636e+02 6.799350539596341392e+00
-8.655419429613863258e+01 -5.785015903124614667e+00
1.816637963581488293e+02 -1.574998011760035399e-01
-1.185108665734162940e+02 1.687212471548718895e+01
1.243275741290192116e+02 -1.706981718137217285e+01
1.267664925621727008e+02 -7.786722013044774293e+00
-2.601132655740024191e+01 -2.937145330745919658e+00
1.223675981656083422e+01 1.247066666697596382e+01
1.967981626889921074e+02 -4.129982570616633986e+00
-3.515277286702074377e+01 -4.037435203183417975e+00
8.816050636782121330e+01 6.790891539451598291e+00
1.395989402666999979e+02 -6.918405748360502372e+00
1.587672347736911505e+01 -3.016373689940116165e+01
2.334264402827897413e+02 1.122321674729277241e+01
3.491214660698724970e+01 -1.196457592232790290e+01
6.911366122613514129e+00 -4.681375048091612534e+00
5.160171173953256840e+01 8.257221741369153989e-01
-3.075116303728448486e+01 -1.169196287668241574e+01
9.477167887964212412e+01 1.302942283849064964e+01
1.131284453828416758e+02 1.378209763214897876e+01
6.919128879096570017e+01 -1.290524265141299942e+01
9.554883880645684258e+01 1.681628567531974383e+01
-2.343186853560212768e+01 -1.159179868761845178e+01
1.506003808805887729e+02 -1.713209805764188332e+01
5.488639292433482098e+01 -1.532594980886620561e+01
1.926384015948067585e+01 4.236468022733227201e+00
-1.305034960988660941e+02 2.287805484709025805e+01
1.507284615552508455e+02 1.368209998771874147e+01
1.925558227458625709e+02 -2.448389362909168199e+01
1.191656990277096497e+02 1.642809908704744615e+01
-5.749590800821076186e+01 2.766443416676449996e+00
1.826820682095921597e+02 1.630173522382698792e+01
-3.555659414736486212e+01 -8.670897068523489182e+00
1.250890688724901878e+01 1.166566723211265710e+01
1.900232672254190049e+02 7.183393317327803729e+00
8.993091365415703820e+01 1.642567601294134505e+01
1.406249436939683335e+02 2.429893217424436358e+01
1.346081650623111159e+02 -1.453665728017371528e+01
-7.699251811055356143e+01 3.125960867851727443e+01
-2.922936953160663620e+01 2.788954016312900919e+01
6.048554736391388786e+01 4.594173849504140428e+00
-1.911874837041111164e+01 -1.270778715309858775e+01
-3.588546839718704717e+01 -1.871470442268502055e+01
-1.154786633158760907e+02 2.387161521700741673e+01
6.041385238503089283e+01 7.612434618978678458e+00
-2.679388769791938074e+01 -1.015373388160005597e+01
-4.529788727157119155e+01 2.826098026876812952e+01
6.078743417589996589e+00 5.045227600720883387e+00
1.148946149477267475e+01 -8.331647668752372837e+00
1.150243199932799172e+02 -7.663559497112959917e+00
1.189133611595000986e+02 -3.976767276515901273e+01
9.978366310083556812e+01 3.237647917709193734e+01
1.512852832534245238e+02 1.322159989716961981e+01
-1.818474112665273310e+02 2.513301251395275671e+01
7.177907595403064533e+01 1.938044800755537977e+01
-3.119258000928209285e+01 -1.188878187920737162e+01
-4.800989187388277202e+01 1.420041045025867987e+01
1.479030386046268859e+02 2.993329897667377448e+00
4.054786815133774525e+01 4.005063912640194346e+00
-1.509066706208736548e+02 5.527361820868669895e+01
-1.571688020346140604e+02 2.620118281846711028e+01
1.090351984352512744e+02 -3.241220351897038388e-01
-2.435346827288126903e+01 9.191958942221386764e+00
-3.648107095643447195e+01 -4.361808347545315989e+00
-1.834853554988802955e+02 -6.458042281644993388e+00
-1.173726558186605615e+02 -6.753191413068092785e+00
2.059822954002915765e+02 -1.067685317247754817e+01
-4.811941705510620437e+01 -1.173443840042138575e+01
-6.559657884750532730e+01 2.466499474883228515e+01
-2.060824324558864618e+01 7.560432875578934286e+00
-1.003888876553817937e+02 1.190882597068428222e-01
4.714033500945978972e+01 6.960463957393457690e+00
1.087785277051016131e+01 2.633044513011017607e+00
9.177065653242939902e+01 -2.870499047859842889e+01
-4.604927600355841122e+01 -6.172262131870585478e+01
1.200910489986656273e+02 -6.367746747556093823e+01
-1.255900837929917202e+02 -8.690508918795060822e+00
-9.642932499578088823e+01 -6.522070644953020135e+00
5.470011407160810535e+01 -8.657153107888143850e+00
1.605048371765301169e+02 3.532335807431993047e+00
6.401074781875935571e+01 -2.782253890073115299e-01
1.805084973816679792e+02 3.343771483671697808e+01
-4.787338684258280352e+01 -7.509795837961817710e+00
1.307777797008945129e+02 1.040726264821587677e+01
1.232347903225211638e+02 6.071956492820464035e+01
1.719734857233442256e+02 -8.468160691863213074e+00
1.893646025569632911e+02 -9.706018623025546077e+00
4.644162146298690885e+01 -4.721285694559826851e+01
1.413060311415503918e+02 2.059618910562212690e+01
3.266846759043878023e+01 3.165739662559142786e+01
-1.787109411259225311e+01 8.273977429918858206e+00
-7.520954964567566847e+00 -4.626041849153509133e+01
-2.998936119339416351e+01 -8.388149321789526880e+00
1.179142116196847780e+02 2.483588306514682742e+01
2.201807938115791501e+02 4.112255783107007900e+00
9.978695335291274660e+01 -3.065996420323302107e+00
1.416349825371786153e+02 5.291986982819026686e+00
7.931071351085535959e+00 1.486565247716378657e+01
-1.545996138062425587e+02 1.799357075470473433e+01
1.342396289360241610e+02 1.565766740003519253e+01
-2.054196169592270849e+02 -2.896414645073985028e+01
1.100064375770000709e+02 -3.833773326414157623e+01
-1.086246203391105212e+02 1.936261290903093979e+01
6.350457823765463417e+01 2.983441189730983112e+01
9.557718627626670127e+00 -4.239507500853462574e+01
-4.060850371979510243e+01 -1.643925889466453327e+01
1.311330782610738765e+02 1.956802395098496206e+01
-9.121542241978629306e+01 -9.304731968916494012e+00
1.210521384854092304e+02 2.148323666913902841e+01
1.651006742585036022e+02 8.974653238732752669e+00
7.736948803831600685e+01 -9.930557727644997001e+00
-1.044468588670608540e+02 -6.382199936389104877e+00
-7.310185303550655078e+01 1.616850577325201499e+01
-5.206440507801749362e+01 -1.119766123408686420e+00
-1.155339987360405587e+02 2.179397013783815851e+01
5.906339952628844259e+01 3.587075835947639568e+00
-8.215923136071654653e+01 5.332695470463715282e+00
-7.489542824313551250e+01 3.990412859485861663e+00
-4.228759033337840378e+01 -1.923660312606217104e+01
5.004930586813839710e+01 2.089688773461698545e+01
1.662257471802265627e+02 1.483891228144177887e+01
7.965422220226393790e+01 -8.170307734944936229e+00
-8.878777150687582775e+00 -1.094730093037970420e+01
-1.142790732954949640e+01 7.467575075944236085e-01
2.884377762045521010e+01 -1.346104029358740739e+01
-5.351387644795164533e+01 -2.265804348516153510e+01
1.437525380143577252e+02 2.018532067733742164e+00
-1.638959379853396001e+02 7.409526816341810429e-02
4.151968768353609107e+01 5.884047630782117677e-01
6.733379101870954742e+01 9.441314125649645561e+00
1.105437598440601619e+02 7.004738900534068780e-01
-1.525611964868680204e+01 2.146647457571584283e+01
3.660046531940798786e+01 4.102287003722983272e+00
1.642351224176905333e+01 -1.782255631224623826e+01
8.551635255804474411e+01 -1.106209996417807417e+01
6.146218936172239466e+01 -1.106310033578218288e+01
5.291930177701372884e+01 1.774683924769631993e+00
-7.142242948293160509e+01 1.421532677249612675e+01
-1.551924883053117981e+02 2.252588506298214810e+01
-6.267855927352150047e+01 -1.906811962456310683e-01
1.690766143348770925e+02 2.569953789656289445e+01
1.445507830836558014e+02 -2.448790502710826900e+01
-7.363986160008700210e+01 -2.708270087545931304e+01
-1.307651341000874652e+02 2.641279921994190261e+01
1.135712036422200697e+02 -4.456894300089406613e+01
8.774016118094365879e+01 -8.336501422174555032e+00
-1.099544692718223899e+02 -5.686940276465349164e+00
8.803185453242056724e+01 1.116303998094367200e+00
9.859842507522490962e+01 5.674799981702000728e+00
4.316016634123393914e+01 1.529335300502030570e+01
-3.874103506464514624e+01 -2.184275309391236775e+01
-1.774075586848185822e+02 4.542904069280330503e+01
2.690303056981463214e+01 1.756054943350208219e+01
3.906479894754620119e+01 2.910807611811293327e+01
1.999257308876641730e+02 1.020432534808744851e+00
-1.197186858560029350e+02 2.361309416786210491e+01
7.903906534428710984e+01 2.572046559159529622e+01
2.702817905020885902e+01 6.999906123710983863e-01
5.489590075889746146e+01 -4.851034673658118912e+00
1.327397319713661084e+01 1.006123783901288249e+01
-4.933614579269935518e+00 -3.752507629297809189e+01
-6.939226734293238508e+01 2.702709276395701465e+00
1.961947159523835182e+02 -2.132750283874080210e+01
-9.947900139847249079e+01 -2.733018584151719210e+01
7.255120338865427954e+00 3.237853030490971395e+00
3.427919407583667066e+01 -6.961331134214113980e+00
-1.220089465994333864e+02 2.840423798119805099e+01
-1.355215220988787337e+02 -1.379049736626937417e+00
2.603297233223209872e+01 -1.930966800604865807e-01
1.815911029747887540e+02 -2.307018055505176690e+01
-5.847324500427194316e+00 -2.139514183475320763e+01
1.514305011467454278e+02 1.806783153169909184e+01
-1.805485528241357827e+02 6.607443530890086514e+00
-1.055855323513162745e+02 2.690321208658180296e+01
-3.320454897692101071e+01 -3.816990802370395092e-02
-1.732454852380354282e+02 2.146587863547796959e-01
3.222205741922871169e+01 7.912071447972591542e+00
2.449390494062820167e+01 -1.905864471046398023e+01
1.515977385773958872e+02 1.680406090794648577e+01
5.069119935402714816e+01 2.341646101038261918e+01
1.157215386344191614e+02 -1.588017168971814819e+01
6.819971146911019844e+01 -1.258730299736291158e+01
4.427472779306597062e+01 -3.753427841724440128e+01
2.412956196844682921e+01 8.840347434395589232e+00
1.666484855469555555e+02 9.383283046043349174e+00
7.787562491969943324e+01 1.158541938492919243e+01
2.196308798742512991e+01 -1.889943097627633151e+01
4.662892607157873925e+01 -8.240191687043681767e+00
-9.242665680327358757e+01 3.450832628075293940e+01
1.923547521794711201e+02 2.680773365520162699e+01
6.852036649623300946e+01 -1.706214237516758558e+01
-3.341446122857620082e+01 -7.880619716938406683e+00
1.693266209074854203e+02 7.381880789091472828e+00
-1.144949968246146312e+02 -1.619499584834175110e+01
-1.199333034406059824e+02 -7.916640149260842918e+00
-4.170543254739406080e+01 4.883223460414436445e+00
6.424065464768530376e+01 1.251758722168398386e+01
1.414896239500480135e+02 2.095879542779696081e+01
-4.407353776837710768e+01 1.912648953520142570e+01
-3.063222474722574518e+01 -2.823011039962376145e+01
-5.409536637287848038e+01 1.287285476498877124e+01
1.190991111896735077e+02 7.295259449715698619e-01
-1.282789441116122759e+02 1.493991270709282659e+01
-1.961070586000056153e+02 -2.035450811909266733e+01
-1.062587311756166031e+01 2.467523359627698198e+00
-1.202035610155777192e+02 1.432465554140220299e+01
3.841463276412797967e+01 -1.829056910445144979e+01
-1.753972112314053788e+02 -2.984173699598274609e+01
-1.128632477556908356e+02 -1.615185758798703120e+01
3.633426217563472704e+01 -1.496341577185486038e+01
1.559920083556721337e+01 7.169996158608646475e+00
1.502670961153969529e+02 1.409061346730308095e+01
-7.248009119049673643e+01 -1.336688620573898978e-01
4.325430000378997164e+01 1.766847653038125543e+01
1.136378871839749252e+02 1.495371149625621143e+01
1.915389035716689250e+02 1.636579954518445135e+01
-5.989532658516893804e+01 2.290485716213741796e+01
-8.051627043703673792e+01 8.940903714076403830e+00
6.717887453655458785e+01 -9.952785378344115585e+00
-1.119105172572445923e+02 3.859018166590858101e+01
1.096875563441537196e+02 -2.442170522543885891e+00
5.047298711377013092e+01 -1.535073081786583860e+00
2.476701263705254163e+01 -1.047935562024357559e+00
6.104445495777588881e+00 -2.078578007562778751e+01
-1.243517743661939647e+02 -5.472971307959113574e+00
7.507330355276140210e+01 -2.266152814343625721e+01
1.500328202562318438e+02 -3.651646245539211577e+01
-4.479152952533956977e+01 9.473069225149878037e+00
7.225649723207084207e+01 -8.837338218809087209e+00
-4.912638434989620606e+01 4.269198018713824183e+01
1.121448357475157565e+02 5.448022550548226484e+00
-4.618398075204082431e+01 6.392880068715857789e+00
-6.041850576109808202e+01 7.736015752152345826e+00
-1.075253005262486852e+02 2.963720172037339395e+01
-1.305238237211520698e+02 -3.414327650745627807e+01
-5.876138379872433859e+01 5.094633250707746086e+00
1.043254232059806981e+02 -8.565319130097515199e+01
-3.617733091346641228e+00 -2.026800516340013658e+01
2.316535509340754118e+01 5.577443637880315386e+00
1.991100170898473607e+02 2.416232108406714119e+01
2.059239963926514747e+02 6.785676780834608124e+00
9.209046306656001946e+01 7.286924809848148499e+00
-5.095427874960027737e+01 -1.968832363192633395e+01
4.446505105553314507e+01 5.086169563480218869e+01
1.778995656338606182e+02 -1.159763186388858358e+01
-1.403747366416090472e+02 9.373013214229409584e+00
-1.027082251165367524e+02 -2.481731220205422872e+01
-8.458897343257143575e+01 3.721417526805559106e+01
-2.884355676811904345e+01 1.979731074961747339e+01
4.380701781482549961e+01 -5.030351787697113330e+00
1.087861576435562796e+02 3.930826967445399589e+01
-7.219093934280944325e+01 2.219841793479784187e+01
1.477742678212148348e+02 1.118277683097509900e+01
-1.631285555062850676e+02 -2.012017506942213529e+01
2.086554078678460939e+02 -1.758033902121995951e+01
1.096547003515110141e+01 -1.727924852873512762e+01
1.021252851696990120e+02 -4.001617273797847041e+00
1.344836293090505421e+02 1.108215914585390038e+01
2.092000627258773591e+02 -2.314312280976361791e+01
-3.949265276943945224e+01 6.168756174464306241e+00
1.657260487662719939e+01 -1.585538093627068790e+01
6.196621211291818554e+01 -1.747771345590006575e+01
1.425851749397080255e+02 2.551014730194803448e+01
2.167873404058080666e+01 4.197645801018421885e+00
-1.190412417184466563e+02 2.649346321435301355e-01
-1.741411964578081495e+02 1.368349549817860300e+01
-7.329287220034400718e+01 9.481657552942431622e+00
1.742182264628156219e+01 -1.072241154325257995e+01
-8.209173513359372976e+01 -9.025682876994181925e+00
-1.123126778917784350e+02 -8.688090707328813167e+00
5.367845600524244531e+01 -4.319366317053057180e+00
9.346755142238262692e+01 2.972382615433527064e+01
4.378998695816257936e+01 -4.113461223072110151e+00
-1.595960838602513832e+02 1.121268664036272966e+01
1.533742934397583042e+02 -2.882523519461537376e+01
-4.721362537389999403e+01 -2.040981257590755860e+01
1.858438329776117115e+01 2.234176696764776437e+01
4.013694480417172628e+01 -2.160970489070060196e+01
3.884825980956404834e+01 -2.509530392727956638e+01
-5.974629735209003911e+01 6.146188675329976314e-02
9.205413217223447475e+01 -1.803731575485796057e+01
-1.169200803955290411e+02 -1.241287085450520600e+01
-2.156795376761978389e+01 2.712630595726734839e+01
1.975625576703041588e+02 2.440964909324330634e+00
-9.964916588994231006e+01 -3.657994885583415368e+01
7.561861118896655398e+01 2.441563141097609702e+01
7.102308334518131971e+01 -5.466626382301122078e+00
5.352163059156376690e+00 1.145954957240614913e+00
-1.960684608164332019e+02 -4.774656169315488974e+00
5.121598726810129421e+01 2.757448430796853245e+01
-1.306681496157466711e+02 3.687886914096495161e+01
4.725727691105585215e+00 2.592041052202860296e+00
-5.566626245688159713e+01 6.672799526048190266e+00
-7.428241205660454760e+00 -1.239455756194663927e+01
-5.459958983491126361e+01 -8.173524574173317347e+00
1.317682313549548212e+02 -3.737079000052665911e+00
-4.967716659932496270e+01 2.266555703035600278e+00
-9.750578635744592759e+01 -1.449496690378285813e+01
-7.096792819011352549e+01 2.470328885268542152e+01
1.619151471759316223e+02 -2.055742327580050244e+01
8.503252712090014143e+01 7.121512238951138940e+00
-1.274299001023671423e+02 -1.989819096797326736e+01
-1.902915471952118480e+02 -6.688971376830191495e+00
9.737272467621471250e+00 -3.464506772957686564e+01
-1.590182800298990742e+02 -6.322591885074448470e+00
-1.352671987151317410e+02 -1.282618622715147261e+01
-1.297675459523211714e+02 -3.165230998305771237e+01
-4.952534592726517815e+01 -4.893265791144117571e+01
1.375991921984793578e+02 -2.809866657995123251e+00
1.453127893344394472e+01 4.492704450425959450e+00
-1.437301915798240941e+02 3.243073611128665590e+01
-1.900573537258997092e+01 -2.843865312731474582e+00
2.433969027342405056e+01 5.110822463250575431e+00
1.596531953899590484e+01 7.045472433193693540e-01
-1.865321072978779426e+01 2.913823098438597103e+00
1.311203258831389462e+02 2.134587644646131466e+01
7.112348213917243811e+01 9.688460396247080553e+00
4.962355373110585788e+01 3.029094055943300834e+00
1.040576223614642259e+02 1.494203797899967334e+01
7.308757541299092964e+01 1.110807500373037371e+01
-6.255518503117719575e+01 -2.330022900619851001e+01
-5.421081619491624082e+01 8.879779157620859564e+00
-1.043976272429646741e+02 2.850968449893324319e+00
1.561970980018054433e+02 -1.643392229053998221e+01
4.485190439206845525e+01 -1.677483307839637394e+00
-1.330954636519148693e+01 -6.571200118018971637e+01
1.255498508376854687e+02 4.892729770972645831e+00
-1.131935567606126938e+02 2.010047753721377717e+01
6.852945506474011950e+01 2.079143851923356223e+01
1.423466035528691123e+02 -1.496507633729332731e+01
-2.295053492506315536e+02 -3.683972122444748720e+01
9.793633585030697475e+01 1.473744065398080449e+00
-3.176165240420677094e+01 1.683865951117292781e+01
1.975316300915815475e+02 -3.245052137345952303e+01
-8.451508791032111390e+01 -1.100136245408944191e+01
-7.276315859849393064e+01 6.062755418537198793e+00
-5.723544569888329647e+01 2.453646343660047791e+01
1.595954903193435825e+02 -9.881999142774466449e+00
1.408786803027523433e+02 -1.153882103096636236e+01
-3.447481806804630367e+01 8.292391438033069884e-02
-4.044309975416253700e+00 1.273875945809827392e+01
2.199315372476647923e+01 -1.773504881043372450e+01
-7.497876785474896622e+01 -1.581724597181057845e+01
-1.944199430992787541e+02 -3.014919956494025755e+01
-3.926016932736338561e+01 6.023035082039120525e+00
1.129116221476638486e+02 -5.607341122335409267e+00
-8.675910510480218818e+01 7.988387421993362381e+00
1.684653508737902143e+02 2.407130888660823587e+00
1.803245931065635546e+02 4.070766336598926927e+01
3.587960594128539782e+01 -1.468750948831906555e+01
9.142059164990466513e+01 1.079875056646955223e+01
-2.193519725450549984e+01 9.418901784821652967e+00
-1.106841303112608728e+02 -2.530403565406164290e+01
4.367955998002063467e+01 1.874890512455991853e+01
-1.289787125858404693e+02 -3.220646920783953249e+01
5.913481731664352203e+00 9.741754645427802117e+00
-1.794165616383624240e+02 -2.740741626332510350e+01
-1.521580445154853010e+02 1.777835058582327576e+01
4.951683725524561197e+01 6.087415081995821708e+00
1.231060450877272103e+02 -1.031911496275754025e+01
1.236975263440787671e+02 -4.331231532851775512e+01
4.282384825602635203e+01 1.259057671295142988e+01
7.800721307969921270e+01 2.030153065242034316e+01
2.809576682848419438e+01 9.445680024759429472e+00
7.084313666977703861e+01 1.322669197281792286e+01
-1.074459044992640315e+02 -7.224308927716946993e-01
-4.711615710780525035e+01 -1.565754993689713537e+01
8.615011786674639893e+01 7.754962370037483232e+00
-2.936764257822344515e+00 4.162157079503723267e+00
-1.376494612614125401e+02 -1.429335026196507208e+01
-1.235930379606416523e+02 -1.943532207546072144e+01
7.557885065015516091e+01 -3.880178205108821743e+01
1.029203826507762471e+02 -6.604780287331642796e+00
-5.111736556640384777e+01 -1.807217100434897361e+01
9.102605875795111956e+01 2.046890864096200957e+01
1.110448849242555269e+02 8.458230860665448603e+00
-4.730347059756203265e+01 6.430057027235658751e+00
2.470459916210550944e+01 -4.555446108266703931e+01
-1.023658885078761216e+02 -6.640632336050985352e+00
4.022859240287984761e+01 1.744675360436309219e+01
-1.498967777649222555e+01 4.215129144922742199e+01
8.614224711929222167e+01 -2.058752980329464677e+01
-6.890407505135148369e+01 6.083138830750226544e-01
-7.017651294503473025e+01 -2.768780533097902108e+01
4.048738986661398087e+01 2.107477630414396330e+01
9.670164057123905366e+00 2.473183143664517747e+00
1.330643052105590698e+02 1.268352451864355324e+01
4.710365822905396271e+01 1.612211407803541263e+01
9.569387072884279632e+01 4.973578018378788990e+00
-9.431225356720372588e+01 -6.115528359347808696e+00
-1.359586088357447977e+02 1.099592470794597077e+01
1.200744713858431538e+02 -1.541239706892734773e+01
-1.908281779700513141e+02 3.594272139367142671e+01
-1.522201178857504829e+02 1.836452267065336130e+01
2.128390866491882889e+02 1.046711974757760011e+01
8.626194466221095070e+01 1.577856612711751616e+01
2.614277085372533094e+01 1.986018111457232038e+01
1.584739076902220916e+02 5.646178418489570916e+00
1.902061884813232595e+01 4.306786942005323304e+00
-7.638664349535204678e+01 2.023449402100675343e+01
-4.093843946229471698e+01 4.124383149857968611e+00
-1.118811067011301645e+02 -2.157730083219265893e+01
1.447306984543894544e+02 -2.623686740594283151e+01
-2.390043641469273084e+01 -2.155735586680473048e+01
-2.881149567903176845e+01 -1.219717716190628520e+00
-1.230632744882588696e+02 1.830492565036211605e+00
1.296478781874138235e+02 -1.071589818557760587e+01
-1.310908210002249064e+02 -4.016545704008960271e+00
9.967860653345846700e+00 -2.342737993738065683e+01
1.071055439893392531e+02 -1.776007485388707252e+01
1.139590729087840515e+02 1.783359407973255628e+01
1.075571621133719447e+02 -7.058150503275740562e+00
-2.421511767565862527e+01 1.227792674581008114e+01
6.753409625995153931e+01 -2.518178203017835060e+01
-5.431537543615480246e+01 1.417984082685135583e+01
-9.728801522811382085e+01 2.095688542924990827e+01
3.377995162209084157e+01 -4.268958785599752837e+00
-6.506541570075482639e+01 -7.417429305966380504e+00
-4.900141502046862740e+01 1.118208890455516524e+01
4.460110554701536500e+01 -1.963257830977105911e+01
-3.220621922993361608e+01 1.161148879479914875e+01
6.818505019304883774e+01 -2.828946781611089634e+01
2.579228126928147091e+01 -3.249819078370106951e+01
-5.635290053085070383e+01 5.355185970595276501e+01
-5.672059924944240272e+00 8.824069833758503734e+00
1.117430400390845051e+02 4.468849787729631373e+01
1.927073381122137050e+02 1.667192216138063898e+01
-7.253668129335249404e+00 -3.812697556808017652e+01
-1.715907482918037203e+02 2.708534788297122375e+01
5.664110196616557857e+01 -1.643103797897717655e+01
6.896598633013202573e+01 1.436626003598687262e+01
2.018213841533188031e+02 7.543000407320112011e+00
1.846625320732866982e+01 -3.643479407063020403e+01
-4.027657173265188106e+01 -7.769853728525522918e+00
1.809039447056182937e+01 1.740047974155589472e+01
1.306470659472462899e+02 2.442396015864730430e+01
1.630887370488169950e+02 -2.514003141955690523e+01
9.475338719159353218e+01 2.231184889230484636e+00
-9.633517395661465343e+01 -1.747210034631300601e+01
1.383986219460974780e+02 -1.393900163140850168e+01
-4.977201078922497857e+01 -1.543010075329594777e+01
1.743572879440969103e+01 -2.541167319797857616e+01
-5.508977587877921422e+01 -3.938668541941192558e+01
1.078480839160102533e+02 2.389564565592029766e+01
-1.355883190501908757e+02 1.550462411828742759e+01
-1.048525989864730263e+02 -9.301390287581428495e+00
1.397759151122743617e+02 -2.014527241314334916e+01
-3.523118262220773289e+01 4.460967399015233781e+01
-1.463067270735284069e+02 4.612312617022407579e+00
7.838986799755409152e+01 1.627216541490849622e+01
1.211677285143218086e+02 5.037855890531052871e+00
-7.734488470534222948e+00 -1.165947191918795589e+01
-1.019832122081488137e+02 2.534183746595692810e+01
3.685322677259269142e+01 2.000291416963345892e+00
1.531652784680146340e+02 3.743161007747510638e+01
3.358761814883512553e+00 2.262948575432609033e+01
-1.586862073834552120e+02 -8.459921203928063349e+00
4.324675376603538623e+00 7.954550215657404166e+00
-9.618547003614139612e+01 -8.848089543643206767e+00
-1.417715063843805723e+01 -2.430603898739496316e+01
-4.873413036145184840e+00 3.736478581419153677e+00
1.598054403647970219e+02 4.799193306784871993e+00
1.875271330910926224e+02 4.896267744658268306e+00
-7.251262535215649052e+01 7.565204401207501483e+00
-1.122875685598134652e+02 4.127500274152962056e+00
-1.946830048862556737e+02 2.095340234127283097e+01
-5.481560810563428277e+01 1.539562805046826632e+01
1.507328194414400286e+02 -2.494966693886763842e+00
6.353349044521976907e+01 1.948868921796315590e+01
1.458613771375153192e+02 4.696961559230539152e+00
-1.301903924606675389e+01 -1.076120906720891313e+01
-4.221563076092385103e+01 -1.937280409326808117e+00
-1.016981565585465148e+02 -1.865399308252410293e+01
-6.460141061631428272e+01 -4.137086955681280642e+01
-1.259913434435364081e+02 -1.029208679719150865e+01
1.990816543590335073e+02 5.955523849215371257e+00
8.624685642093012916e+01 4.931295506121161765e+01
1.435443000762673194e+02 -1.186375978822741928e+01
3.522150496091605731e+01 9.134871956966076567e+00
-2.862092032357455196e+01 -1.944422007492744697e+01
4.029319066206346633e+01 -1.554538388041655850e+01
1.657842957645620174e+02 9.140687892581018659e+00
9.098809400521078672e+00 1.256798827606181668e+01
1.356554660258078968e+02 -1.928022584989087918e+01
1.741731036026864388e+02 3.295690335946784444e+01
-1.728526410185176019e+02 2.809590133354136299e+01
-8.130130265944302437e+01 -3.702340650261226607e+00
1.020583331950227830e+02 -9.795123553414123663e+00
1.723663104069359804e+02 -6.782574626125690997e+01
5.277509536291935177e+01 8.611001108109196167e+00
-1.240235673537142418e+02 3.226449331167373202e+01
1.451824407905806709e+02 2.320396809914366543e+01
1.260074364292784992e+02 3.428497243605596267e+00
1.259446747219133016e+02 -2.740525126353184859e+01
6.054196743806267733e+01 -1.988561760529510281e+01
5.535390380127734744e+01 -4.580790079184036756e+01
1.504869444714156543e+02 -2.680469010451789913e+01
1.709214263567880323e+02 7.746176481892486088e+00
2.162488458272290615e+01 4.064030959960610367e+00
7.336493755797029337e+01 -4.082395295136621627e+01
-3.612464846248013561e+00 -9.411233650282854413e+00
-1.856291352802826395e+02 -1.528382018786570917e+01
7.687622070245119232e+01 -4.160582895765518430e+01
1.994420102421691183e+02 -1.695213858488519298e-01
-5.413047183502191473e+01 3.415227585647945929e+00
-2.777701471005786793e+00 2.189594385338176608e+01
-2.014032990770826359e+01 -9.660927818068582695e+00
1.399225418586198941e+02 -2.682637863394062805e+01
9.639553322403374125e+01 -1.799561107861779874e+01
-3.792407552270811522e+01 -2.967699873082277051e+01
1.770080127634692246e+02 -1.226418796218652041e+01
1.174410973007178249e+01 1.774624822074514086e+01
-2.745933184075379785e+01 -2.043348679217225339e+01
2.857975903692576036e+00 -4.558513942573951994e+01
-2.327371863644919614e+01 8.132968344231649382e+00
6.119680793623957449e+00 -2.243777701155036297e+01
4.524802616320349746e-01 9.465516532371918146e+00
1.101768910111965027e+02 -1.290116874442559736e+00
-6.032229952488401992e+00 -5.689750345569263068e+00
2.573968730941960530e+02 4.341225774918193991e+01
-6.585499026118317545e+01 -5.780784830552430087e+00
4.074473441761272596e+01 1.031982353572492350e+01
-1.286464549738855965e+02 4.271642975150453481e+01
-1.722544610510317398e+02 -9.334578373965316089e+00
-1.575876749670255492e+02 -2.581667878719223416e-02
1.807358524631115699e+02 1.362583998992969470e+01
-2.038065754445144151e+01 -1.889592819216138153e+01
1.505932460045928281e+02 -3.418053148768630223e+01
-1.902353866723541032e+01 1.502287200520098231e+01
-5.280800805176464507e+01 8.540661125854778213e-01
1.102845699796570500e+02 3.338876696423741919e+01
5.709654421208350072e+01 -2.046107562429969207e+01
1.861421831901978692e+02 -4.036769090558756545e+00
9.802302974302570249e+01 -2.757655331084766814e+01
1.443978972284531892e+02 -7.890082495791542527e+00
1.828583832721257636e+02 9.752278805149179775e+00
-1.770152476436378493e+02 3.496026808975467048e+01
1.694564704428416917e+02 -2.231820654501567702e+01
5.409535240144930590e+00 -3.743455253902006774e+01
7.220462435307915428e+01 2.897156540110512601e-01
-1.726001913357965023e+01 -2.802252156526586768e-01
-1.179316596293922998e+02 1.919692952748337689e+01
1.223351537231534678e+02 3.892918225266810595e+01
6.578000985710787063e+01 -1.507798936734732109e+01
-2.154937377693641309e+01 -1.381784711046194047e+01
5.907381228061134237e+01 6.846733050981114843e+00
-9.044299586366623345e+00 1.300658709047172756e+01
-4.597174760126969062e+01 -2.973096178655062971e+01
1.033466613447780560e+02 1.338597634365557276e+01
1.974622287948384880e+01 -1.077270077896067413e+01
-1.110956935128216969e+02 2.173850316553739503e+01
-1.152753423740486909e+02 1.224556474917098825e+01
-7.417433718875772186e+00 7.434184155872318733e+00
-5.537813105069491115e+01 -2.918733998595772761e+00
1.288926929161991382e+02 2.771915174691535455e+01
-1.751028922161237844e+01 -1.238380036694523056e+01
4.294634054679728763e+01 2.121948061890952886e+01
1.790947629264885563e+02 1.409301808242373077e+01
-5.378009752083686834e+01 4.914045252098311778e+00
3.276304078311024170e+01 -1.692228983481060567e+01
-5.784991510440772089e+01 1.295083954425669859e+01
1.649038886476357675e+02 6.351675707237831148e+00
1.561869294626682461e+02 1.481021415955610365e+01
3.962479674338162994e+01 7.197765118117924743e+00
-4.844901154336792359e+01 4.234829515670437416e+00
1.985120021016143141e+02 8.445498647637686318e+00
-1.076655663176812965e+02 -1.130070332445068537e+01
8.578615197240615942e+01 2.041565958938867387e-01
-1.695469152533649435e+02 9.051886654204547966e+00
5.422877170562264837e+01 1.318095915811968055e+01
8.781523796335665111e+01 -1.898686664684700265e+00
-1.469308531657795243e+02 5.756065863059361298e+00
1.980840655610758745e+02 4.707662988311549057e+00
-4.495482759792069771e+01 1.816161139642706601e+01
8.773549507301698469e+00 2.166019725789881178e+01
8.430020734308305919e+01 -1.258238951353498614e+01
-7.406316845309615360e+01 3.524230027643057639e+01
5.278681203299804992e+01 2.541076329615291129e+01
-7.886733526384043103e+01 -9.852066514054646618e+00
-5.618871269611681640e+01 -6.707047745019410812e+00
2.217336125091089514e+02 -2.607684103484062277e+01
1.554099278079825979e+02 2.550375358843462781e+00
-4.217640952534510745e+01 -1.323863010210868829e+01
4.575527437918514551e+01 2.740669212489275353e+01
1.527736861636636263e+02 3.672029824973984891e+00
1.878236950124274358e+02 -1.488765283684722185e+01
4.832379471192598430e+01 2.694594562668500970e+01
1.157790106371568442e+02 1.504735193280257022e+01
4.842529728983098636e+00 5.106706367693325532e-01
9.047857680317834195e+01 -3.125942563569398813e-01
2.217331371837458391e+02 -1.982917401331913254e+01
1.897864362376186875e+02 -1.507391067646013028e+01
1.127247971778580791e+02 -1.094998599736136136e+01
1.041543213283534186e+01 -5.048601397601210294e+00
-1.101313150340955929e+02 -1.868307187275093639e+01
1.311111948742513391e+02 8.397272983432582549e+00
3.520146711120493421e+01 1.033761971491756526e+01
1.586994211862429154e+02 2.517191299859689035e+00
1.425872484561160434e+02 2.593844889866327108e+01
1.233130156559470976e+02 -2.764036562105081529e+01
1.323403916913401588e+02 -3.762637927896709300e+01
-1.383988608350321385e+02 -1.997392875019978931e+01
8.946453204994153907e+01 7.364919733744349273e+00
1.784349311223818120e+02 6.498530249938519354e+00
5.937258087392220318e+01 2.641973403534098597e-01
1.925042820111063975e+02 3.332681175203957125e+00
-4.812407179006901714e+01 1.976821179320887412e+00
1.326481555215936510e+02 -5.019703083325028103e+01
-1.991860136796340086e+01 1.266033471507482311e+01
1.889963207878605829e+02 8.816471109881105050e+00
-1.541812256407283996e+02 -1.753868915101673664e+01
-1.048020849368902958e+02 1.927036315468303007e+00
5.396035990213516698e+01 3.798394505926997677e+00
1.317785907363071942e+02 -1.371041091316623728e+01
-8.293207403086860552e+01 -2.849295864384543187e+00
-1.235384583523541835e+02 -5.436730668896518637e+01
-1.208820335373157633e+02 -7.811943712365891912e+00
9.305979198153811183e+01 -1.855432593778305872e+01
-1.775498594142227375e+02 -6.445033182384750425e+00
-1.657095146804115302e+02 -1.876622844167577497e+01
-1.396337718201590405e+02 8.786510995726450446e+00
6.004769288086298928e+01 -7.798616635702988020e+00
-1.111504984401606322e+02 2.655378761833456380e+01
5.264481589679549955e+01 1.650012980672759966e+01
-6.031820790308857738e+01 -4.705144870465640672e+00
1.492859341906622603e+02 1.395592861292415954e+01
4.330173626487137994e+01 -2.435882492681231426e+01
8.218962633164362330e+01 -3.255834108829935047e+01
1.651021165299701465e+02 -1.453716759282651516e+01
1.200113577542200183e+01 2.427813731684805276e+01
-1.493768285368394970e+02 -1.374630242814344250e+01
3.379533277748189590e+01 -3.694969196567106984e+00
3.446612522536526768e+01 -1.905402031494474357e+01
-1.709542219838327526e+02 -3.931897493315450465e+00
-7.588307664135021469e+01 4.411608861957601846e+01
-1.573420714428217480e+02 1.646703312903734329e+01
-5.158026929476471878e+01 -2.590029929967728961e+01
-1.820983509261913582e+02 1.910321657886836277e+01
-1.758574794217738813e+01 -3.037149052866531918e+01
1.898422360915591014e+02 -8.978012280494269248e+00
8.424233020370694192e+01 1.831221526501984442e+01
1.344040840187714423e+02 -1.551640769170966294e+01
-9.175800550475776163e+01 -2.698246860874292707e+01
1.369615338882835545e+02 2.492384390957338880e+01
1.276612636331131423e+00 -2.268165814308755301e+00
5.471565215829871676e+01 -1.712708422226894101e+01
9.775656073735714813e+01 -2.317668413233085190e+01
7.844287693448774235e+01 -1.423978151408973503e+01
1.096847746629380538e+02 -1.931168570663023587e+01
-8.425241487490345094e+01 -2.476738394209743177e+01
3.615273613682986564e+01 -3.563759308283391647e+01
1.511402909837429149e+02 3.825746840622100109e+01
2.603819704719399653e+01 -5.545611407082524380e+01
9.675291264948309333e+01 1.563705855932753686e+01
-1.207624382593824919e+02 9.487328561019692685e+00
-5.797803165243768042e+00 -4.857637588446165888e-01
-1.911006564876245193e+02 -4.669553871965543124e+01
-2.600394000870977962e+01 -7.054449772678048625e+00
2.610055113647022651e+01 -2.271448615574420682e+00
5.001455974561461204e+01 -1.133927413001993223e+01
-5.377984522225127506e+01 -4.270174398142776440e+00
2.093575747343666649e+01 3.099298132864198152e+01
2.484151131362877862e+01 1.180026829468836524e+01
9.984773755002549933e+01 -4.271308422300305807e+01
-5.362378287861919546e+01 -3.075178598321702594e+01
-1.292819425333792935e+02 8.521675606403430692e+00
3.140487394594334702e+01 1.407481900100530936e+01
5.218599904984262139e+01 -1.575844966491036026e+01
-1.367068404513790369e+02 1.793046739053665206e+01
-5.803842045649560077e+01 2.324903493257952647e-01
8.187409775794064615e+01 -3.093714773914666338e+01
-5.635438764755399177e+01 1.628200127741969183e+01
-5.111819277379056103e+01 1.181329366282546900e+01
1.805131768852897380e+02 1.151873544148116224e+01
2.988362640773576118e+01 -5.897435504951384466e+00
7.355223986311310114e+01 -1.392706920582308383e-01
9.948989578749613827e+01 -1.670122407931522446e+01
1.428828739439694289e+02 2.222869316581616772e+01
2.215371530609854389e+01 -1.499029987707993072e+01
1.729755953494571656e+02 3.566551987795041612e+01
3.615696619279015778e+01 -1.401751107619849179e+01
2.068307084236565458e+02 -2.115085196821868152e+01
1.853376183535562518e+02 2.878501943252655337e+01
-6.956368418280349886e+01 1.111310037317944577e+01
7.181737733149402914e+01 -3.283412507948651893e+01
7.248578464352380024e+01 -3.557577387709290329e-01
1.780356645193699876e+02 -2.629558369215151359e+01
1.198385865344176737e-01 9.380653135779725815e+00
-9.116462428325438339e+01 -1.813194815071711830e+01
-1.615225556215909251e+02 1.056225503330647797e+00
5.355970240186792353e+01 2.453709775934972015e+01
1.692268554795029445e+02 -4.117404618415188899e+00
1.182035357808844935e+02 -2.526788347119691913e+00
6.336705457586905510e+01 9.281531654119703489e+00
-1.437030030839879942e+02 -6.642212439655875045e+00
1.610361164070940632e+01 2.522498525989316320e+01
1.207866676553969114e+02 8.132563876666276670e+00
-2.131649783938853560e+01 -2.617473427339787406e+01
-1.590115870915319078e+02 -5.896781957859748680e+00
-8.192440725654805078e+01 -3.450679766001821491e+01
