1.551006448432343348e+02 1.905270068173771092e+00
5.208027654998807776e+01 -2.068156122987205858e+00
6.761792861921749420e+01 2.202084099588895327e+01
-1.621569312012155706e+01 -3.101080136898712425e+01
1.948056878520379200e+02 -1.206107167916940348e+01
9.017057066350130867e+01 8.326219056035164101e+00
-1.790162085213767895e+01 -4.802298869417981564e+01
1.246923972557708709e+02 -4.151133973067597793e+00
4.601758872928907351e+01 4.364523039625723300e+01
1.282749545959937052e+02 -2.261620637931565625e+01
3.297168910873305947e+01 2.575269014533873602e+01
7.593513809681529381e+01 -2.969677236869943115e+00
1.446734871433747287e+02 6.567285684282897051e+00
1.370456900035567287e+02 -2.963040638852244513e+01
8.385166376097276952e+01 -3.045243751351654282e+01
3.395384012782378136e+01 -2.598619715121835583e+01
1.133245293307035979e+02 -1.804493497845648875e+01
6.613916139872760880e+01 -3.838436750885126258e+01
4.148777411848107732e+01 -6.065944304147237176e+01
5.129259096398349271e+01 -1.457965523784730166e+01
1.747204449057682041e+02 -2.736178882106408494e+01
1.059205598778059567e+02 1.614434243065690211e+01
8.641626275890666875e+01 1.376742364609049751e+01
-3.930938808559653097e+01 -5.439842943995344626e+01
7.613428423206089235e+01 -3.593469826469550554e+01
2.045569105349813199e+01 -2.198171221543073095e+00
1.267828750397407873e+02 -6.215205903732649695e+00
8.606403213327276092e+01 2.368347174896416618e+01
1.551811800776337407e+02 5.651858729295512518e+01
1.273609296583606607e+02 5.754794737117526893e+01
6.838215967892260494e+01 8.135678146021687596e+00
1.402400905779877576e+02 8.304088159879601250e+00
1.172981053572202228e+02 8.691699696591321356e+00
1.598692327225781753e+02 1.003557142521156997e+01
1.731246332064621356e+02 1.882849645116383641e+01
1.040989397638182652e+02 -5.749493614021685239e+00
1.271152428218578336e+02 -2.340334666055478241e+00
1.861202245120588827e+02 -1.970572561254541455e+01
6.306178416820317523e+01 5.829822203586141427e+01
5.659368191278621651e+01 1.248982447735381207e+01
9.966841845892874119e+01 3.107197508742734016e+01
1.982703347900547186e+01 6.886261353416728070e+00
1.368271607757091317e+02 3.831182484440158476e+01
7.085211968527141835e+01 -5.860032045820202207e+00
9.948572884193977472e+01 -1.497487961188624928e+00
1.357573501956829318e+02 2.194545864431574245e+01
1.005015650172003490e+02 -1.657857723693171437e+01
1.165471336266572422e+02 -3.675320247622916270e+01
1.564899812635690068e+02 -4.105272626592346263e+00
3.248877860345415769e+01 2.399554800163624790e+01
6.144628223762472174e+01 1.957974242827726741e+01
3.552852827199169639e+01 -7.222984338682914895e+00
5.375923043466369222e+01 1.931397648498700192e+01
1.353741373358070064e+02 1.805569065226410430e+01
1.115900316521829581e+02 2.353804937921618290e+01
1.437428796947618181e+01 2.618344317958839262e+00
7.754779057981629364e+01 7.806713379150593823e+01
3.704949831811950389e+01 5.130621917124889819e+01
1.893194948411732241e+02 3.693379291565972000e+00
6.821287264205851386e+01 5.379401996972187305e+01
1.899114823161356469e+02 6.138153029815248019e+00
1.439896239801953470e+02 -5.853956776125821548e-01
1.908240071841197505e+02 4.013736168729222342e+00
1.404525840387660764e+02 -3.507840960291076016e+01
1.180329856959957624e+02 -1.559154901411369387e+01
1.276492825199270555e+02 -3.101302372220119175e+00
1.617827393058533758e+01 1.762613594156415431e+01
1.657032765568424963e+02 3.482639626133083421e+00
2.880054989040173297e+01 3.188774587238815883e+01
1.480781585402221765e+02 5.188233441886824338e+00
1.317756382170690586e+02 2.134576368257067003e+01
7.731610589010696799e+01 3.891127493082094446e+01
9.394561878375247943e+01 -2.416952359758774449e+01
9.248247822413075880e+01 -4.261686880763434715e+01
2.672550713041789550e+01 6.279603805944844908e+01
3.653682993710457083e+01 2.925716588389747130e+01
3.626502001986135326e+01 1.950734969850033451e+01
1.495440863403134415e+02 1.653282404515417747e+00
1.808702805657517843e+02 5.670529842270830123e+00
9.790052143865509038e+01 -4.396677704750315030e+01
1.615264805820629590e+02 -1.317100480749296487e+01
1.554753078399003812e+02 2.461733811190392629e+01
1.179981640237338354e+02 4.926073641311514706e+00
6.723893610999566306e+01 -1.158574223044835882e+01
-6.104906567655915239e+01 4.895783480286438305e+01
1.256863066484322644e+02 2.223330006540496839e+01
2.717284444297428436e+01 -1.737142686334697572e+01
-1.938158894946891309e+01 4.166606152452794731e+01
1.727624538148969577e+02 -2.265751755185950245e+01
1.948580041837292924e+02 8.328214287933720650e-01
9.416959037073628735e+01 1.966775030248538059e+01
1.554566465971611819e+02 9.979446898725543136e+00
6.887451683144793435e+01 -1.532970093698110148e+01
1.263513382073979301e+02 -4.292119911794500098e+01
1.408031785026361149e+02 1.472191846115161162e+01
1.004342642623836639e+02 2.268056964148290078e+01
1.199757571399476035e+02 1.036255617677183238e+01
1.486530188128063799e+02 -2.458381186451905620e+01
1.609052503339807743e+02 -1.015190462896316781e+01
1.207846234861852537e+02 -6.019074035143061607e+00
2.092460710845367942e+02 3.901988267447066505e+01
7.756447090445911385e+01 -1.571862158539886778e+01
1.172661695124622696e+02 6.017308189455123468e+00
1.348305833074714428e+02 -4.046074783111403228e+00
1.632331631286159563e+02 -2.083809707444980397e+00
1.744507070199707357e+02 2.375018499361504709e+01
1.164709666348468460e+02 6.683634806873457990e+01
1.721707953277899605e+02 1.531006595339498455e+00
1.372692034494122311e+02 -1.539370567351108043e+01
-3.747735765535065600e+00 1.655335221306587101e+01
1.307461145295748679e+02 -3.733967517049381968e+01
-5.595679394732206191e+01 3.349910140098731404e+01
1.243828831838995654e+02 2.805474373122586229e+01
1.589250237965437691e+02 -4.891536301077258031e+01
1.388739117513212022e+02 -3.893954587921115973e+01
2.097350188830795332e+02 1.334790408685836738e+01
1.471444223687844612e+02 1.961518867307591663e+01
9.940045947388270520e+01 3.797935452731920947e+01
1.869782632009057863e+02 2.143349513767736170e+01
1.319681948863244259e+02 1.550922077450158376e+01
8.039086432005584015e+01 2.470148137404627420e+01
6.776381875711886771e+00 -4.785013045809806442e+01
-4.180445155123337031e+01 -2.994219475550989884e+01
1.832846433184153909e+02 2.622251042997762482e+01
6.525574941339311863e+01 -2.760604151431884201e+00
-5.643565823358486888e+00 -4.144172602490161239e+01
8.824588371553446109e+01 3.760792905347616966e+01
7.776731250330192324e+01 2.124442650470833271e+01
6.866756548680034200e+01 3.857263326759148470e+01
9.851131403914393792e-01 5.186623619206827840e+01
4.540951026032337978e+01 -2.322338445600279044e+01
1.801164627658781399e+02 3.012499905760352092e+00
1.185312060938518499e+02 4.486833399874230821e+01
1.769544654150615202e+02 1.328572006074730538e+01
1.199918651371921214e+02 8.584399682026372602e+00
2.119143377574860097e+02 1.642342270902647616e+00
1.485905519123228657e+02 4.722704811764199917e+01
5.422379985631052079e+01 -1.301284574086424506e+01
1.686762039501057870e+02 1.121401618178963844e+01
8.209153580490325908e+01 -1.220690814388646928e+01
1.486494120483737049e+02 2.974132883995650900e+01
1.737131164003975812e+02 -3.077488444971942627e+00
3.078308880744098275e+01 6.286312577877498597e+01
1.412931207351410023e+02 -3.482831318789484154e+00
1.065175525139997319e+02 1.318829014923375897e+00
1.454381191900779129e+02 -6.326696496867277197e+00
8.826003519172577683e+01 5.502423243667298181e+00
1.898071694260046911e+02 1.826898224230295131e+00
4.328880716806583706e+01 4.468433986643887579e+01
1.020224971286648952e+01 2.776703465622316713e+01
1.217610591948742069e+02 -2.854348637306081127e+00
1.766116184619719434e+02 -2.508354886771006775e+01
1.873534117988509706e+02 3.578761597549156903e+01
1.726796147669021053e+01 -1.561088273600969023e+00
1.784069488448108132e+02 -1.022123667781178646e+01
1.524220442732830634e+02 -2.188603204756579146e+01
1.094721175568005549e+02 -3.494982517504528374e+01
1.044860477174193107e+02 3.926475100741486557e+01
1.957482144251689249e+02 -2.615919825473608018e+00
1.158328705087152031e+02 5.184205374666964161e+01
1.582304535153362224e+02 -1.807377317963202756e+01
1.471865947137220303e+02 -2.297932809878750149e+01
1.415594968738003843e+02 -7.431770324753480317e+00
2.434825635950960177e+01 4.003914226433472123e+01
1.655339925156580421e+02 -9.135648561205609752e+00
2.001052332480719258e+02 -5.576282299556429400e+00
1.532555613107244312e+02 -4.373824957650608303e-01
1.347820247994680471e+02 8.593285031266677976e+00
1.568634115900429151e+02 -8.573370970499438748e-01
1.352257907889951980e+02 5.340491868864626923e+01
2.104844841612409141e+02 -6.671018550037072226e-01
1.922530477874435917e+02 -3.062792409560959328e+01
1.385217358715389935e+02 -2.223995044788911812e+01
1.940206495686808807e+02 3.503535866605989035e+00
1.833357481848498480e+02 -8.202321350293821922e+00
1.733964015804042447e+02 2.983790385457199879e+00
1.140777034566114310e+02 1.352781965266178510e+01
1.227029862046658479e+02 4.001231804248146773e+01
1.394470356166524994e+02 1.186280729891443464e+01
1.685143127086157619e+02 -2.135902198545761266e+01
1.488719115305324010e+02 8.449222227389448392e+00
6.551960549474262052e+01 2.466212702771528598e+01
8.882287069849003558e+01 3.262820874578299168e+01
1.135082753505358113e+02 2.612632598737417666e+01
1.404153908820841536e+02 -7.357877723057149488e+00
7.655063845342434092e+01 7.910314768931244522e+00
8.610612123733487522e+01 1.223093758732200165e+01
1.845232777842734606e+02 8.309982598095711381e+00
7.394724177174843760e+01 2.769998797621602193e+01
1.330261883911960297e+02 4.419421092148269992e+01
1.817381794802684283e+02 4.549652518050021399e+01
3.475372007472758185e+01 -3.173304029380802138e+00
1.572200069481444871e+02 2.179474868066284188e+01
1.714601475296405795e+02 -3.876429474932506114e+00
2.123665448532802884e+02 1.242327804003964786e+01
1.712528168443419077e+02 4.863085459971163971e+01
8.434529091709663362e+00 9.165910077839180659e+00
2.018777543183283569e+02 -6.467052723628453847e+00
5.468461969699053848e-02 2.002421313491175692e+00
6.669961609105524758e+01 -7.534858669873659487e+00
1.517040006585440892e+02 4.515619482412172481e+00
3.697157352424436993e+01 -4.124197751868427986e+01
4.498926884663533343e+01 3.339242214971159139e+00
1.805305058597535606e+02 9.660935921252317371e+00
-4.405170772838064153e+01 2.470284495730366903e+00
1.017496852855735767e+02 -6.013480968683953876e+01
1.775655854814529278e+02 8.629786281333183595e+00
1.260187423827865132e+02 3.650906923239516932e-01
1.365750495074083801e+02 -1.080672576110343108e+01
1.343667629701968735e+02 1.383067625554696711e+01
1.225579048943500169e+02 3.491008044748150496e+01
1.409818507394246296e+02 5.059685045449127117e+00
1.191035984132225707e+02 2.258075944647055877e+01
1.776348881533137671e+02 -4.469790425985110716e+01
1.185077404952649260e+02 6.674705892930332674e+00
9.653394528584459522e+01 1.700601798476046511e+01
1.151929334172452144e+02 -1.514531736574553200e+00
1.358350029316023608e+02 1.618213811299402138e+01
9.764079272291263578e+01 1.953545648880978547e+01
1.200319187656594693e+02 -1.517271586471257017e+01
1.764915500729940732e+02 3.785825215923700426e+01
1.143733341740429488e+01 -8.263272915964126497e+00
1.727580071507883872e+02 -2.910730399398624613e+01
1.440602328520500919e+02 -3.375392489299915866e+01
1.679471905897750332e+02 -1.442100164684883268e+01
8.539166971276603135e+01 9.483108502793440664e+01
7.447628529194851410e+01 2.366226413820697161e+01
1.939198130385583170e+02 1.516597308434990588e+01
1.556919140171654590e+02 -1.446438386006425780e+01
2.049772726945825241e+02 -1.537275211114032025e+01
1.003451672338139815e+02 9.047278666113831136e+00
1.464985561918640542e+02 4.865370481144790205e+01
1.596500379319869296e+02 -3.443414972973302213e+01
-1.764521627110853785e+01 -2.907646613065375973e+00
1.770814943275242683e+02 8.727018661732588001e+00
1.378489169340718661e+02 7.275551714181837326e+00
1.859626146973536720e+02 -1.131501004574044700e+01
2.029005360936752567e+01 2.058585874946987460e+01
8.806866854315003934e+01 -7.137046290127128323e+00
1.255181393267675247e+02 -2.294185821688630611e+01
6.006739140977319380e+01 -1.558946085354623534e+01
9.981249110841082484e+01 -2.669271217325082901e+01
4.442327642773197027e+01 -3.204925260662723474e+01
2.407984728978401279e+02 1.539902967659387123e+01
2.974636350857083400e+01 2.527584949352934096e+00
1.510319448311173574e+02 -3.443018250415222070e+01
2.056031149353277954e+02 -1.727073049691212958e+01
1.284833119460814999e+02 -2.878560373667763628e+00
1.039366197843859965e+02 2.242109352504595421e+00
1.010700479989896792e+02 2.660753444698390169e+01
9.593141435369378200e+01 2.842090066003651572e+01
1.734435327463713463e+02 -3.849701336730490908e+01
4.109556757401973925e+01 -6.133676344737236974e+01
9.323668512985625512e+01 4.538259903441594645e+01
1.709772871827289862e+02 2.149892131101024262e+01
1.705217212734702343e+02 3.699204599083089740e+00
1.422873951606311493e+02 -4.285182781097439886e+01
1.706814219144689844e+02 -3.513321116946487521e+00
2.931507010485427500e+01 2.347585998920559902e+01
6.815012356032040941e+01 -3.367721094499549483e+00
1.003201279852867884e+02 8.691620355517954977e+00
4.159562761985172585e+01 1.118429072168170357e+01
8.634250901085226815e+01 6.649340472747722686e+01
1.833422333421677592e+02 -2.733568137098882644e+01
3.637943885346637529e+01 2.405524967560413430e+01
1.473841991124700002e+01 1.846574811507125702e+01
3.080373876606918770e+01 -4.541591425255604975e+01
1.060196742972968025e+02 1.953296654695849099e+01
9.455409197562337908e+01 3.270237362477021748e+01
1.912708325424300426e+02 -2.937147072044400620e+00
2.766560625898387471e+01 -1.465278305192376962e+01
7.634731054077113299e+01 -2.691251301974489962e+01
-1.504221210196231695e+01 6.946124756429351566e-01
1.496757472771407436e+02 2.221434920901595333e+01
6.324920906662300979e+01 1.967268628028192623e+01
2.099011110431241178e+01 -4.179718023014758188e+01
7.264533105209534369e+01 -4.209783482654946951e+00
4.419529178638592271e+01 -7.646559816377867946e+01
1.039678728494520783e+02 -1.986017514581406740e+00
1.854165630245508396e+02 -1.335393299375936849e+01
1.331058320831691617e+02 -1.835704627960318547e+01
1.645028137384298930e+02 3.483227690262142850e+00
6.485872039965249769e+01 -4.797200082883540162e+00
8.305005656712353357e+01 2.139904350840666680e+01
2.156693564344212746e+02 -8.322325326813931667e+00
1.968177916203983102e+02 -1.847500399881525368e+01
1.498175276086424219e+02 -4.064537556911896132e+01
1.478885620027460277e+02 -5.027264597239216215e+01
1.019010385476622673e+02 -2.615622310503210812e+01
8.066575464044905885e+00 -2.273695164137526703e+01
1.412703610250227655e+02 3.033559169790036592e+01
3.568148256985056577e+01 2.152299621561371268e+01
1.261557577837723301e+02 -6.246456606461673999e+00
1.639304603378226659e+02 6.392670885354251986e+00
5.981245649821358512e+01 1.098988280123612959e+01
5.884946757100114922e+01 -5.398004836482177993e+00
1.188953564651764765e+02 1.627898095147233803e+01
1.323469473997493537e+02 -1.002456840975470698e+01
1.935543785897439051e+01 1.127734397010630296e+01
2.002467027662489443e+02 1.869884782123225619e+01
1.629919327867966103e+02 -1.854642930857716010e+01
2.356630257162711128e+00 2.854952330269525973e+01
2.028391370543856738e+02 2.336271571676143566e+01
5.213686120455799511e+01 -2.338974064244013462e+01
1.025519876097871190e+02 -6.142273059481993158e+01
1.868581671230812447e+02 -8.473956404514154883e+00
1.937858177226241025e+02 -1.129381157253954093e+01
1.622537644667669383e+02 6.262951115943681479e+00
1.543036169417491124e+02 1.178069975930752022e+01
2.509206058932637262e+01 -9.478761906926351788e-01
1.003494997265520681e+02 2.820608844587022546e+01
8.163219598315079395e+01 2.588319489771632398e+00
1.459648144835405503e+02 9.567410379579330382e+00
8.982147856941466557e+01 -2.163583755099562822e+01
1.601919493248265098e+02 -2.102649811950517744e+01
4.375412624123802630e+01 6.404868094880010965e+00
8.507520026464341356e+01 -3.217635860630668088e+00
1.629253979795747682e+02 7.467069629265749242e+00
9.849887445231945549e+01 -4.599986031646712092e+01
1.246590344560695769e+02 1.476069716673915622e+01
1.359615883274795856e+01 7.313058801405077247e+00
1.311282283618722602e+02 -2.416811225422608800e+01
-9.350151409215445852e-01 2.452911772311485095e+01
-4.911070985374224485e+00 1.575534173349193656e+00
-4.597272350702426458e+00 2.670975323223404629e+01
1.166083653425978923e+02 1.051553614276655964e+02
1.690188893122711988e+02 1.016755910752063663e+01
4.917418597600308061e+01 -3.125260382829150885e+01
1.310591591656794037e+02 1.345551936069818844e+01
-2.705844731152035010e+01 5.365371157100454269e+01
1.165207151177819469e+02 1.020378520953765111e+01
1.891933789766420944e+02 -1.072486418620801629e+01
9.211670827626092262e+01 -2.601851288525165451e+00
1.907853072369652239e+02 -2.025331351329645813e+01
1.775616651125188810e+02 -3.679684722031582567e+01
1.071032109322649575e+02 -2.275955663313252586e+01
9.263691323532309241e+01 -2.870592997276215641e+00
1.233046386123682794e+02 3.796120510794297331e+01
2.082543117319911232e+02 7.548678519023272138e+00
1.899399815640849809e+01 -3.775839111351015021e+01
1.833375413715530300e+01 3.544747915123081405e+00
1.768221926048052239e+02 -2.337654053656633835e+01
-4.922214988280730097e+01 4.590194388025895300e+00
1.377448652919905783e+02 2.377228911406580636e+01
4.393327799556842450e+01 -2.301694187753894116e+00
1.119138821879747070e+02 -5.461845021596191430e+01
2.098972823381149624e+02 2.519156368661342515e+00
1.392811949078556495e+02 -2.178263153839110799e+01
1.918685428655946055e+02 -2.771517543474161460e+00
1.579600219264807208e+02 -3.003004444626607139e+01
1.905406464431790425e+01 -1.673394183452701967e+00
6.097738392485491943e+01 -1.607265273719167809e+01
1.948142437399969253e+02 -4.932970689609469161e+01
1.503284877271010487e+02 4.967409049259149612e+00
1.908492090702436315e+02 -2.311048983434011106e+01
1.002381818850921746e+02 9.247105120185667104e+00
4.697476428267231796e+01 9.554642278112009279e+00
1.634186331963765042e+02 -1.997778170156385613e+01
8.998967207756382436e+01 7.609181812494822950e+00
1.031699072784606273e+02 4.154022322130318656e+01
1.368637874906744685e+02 -4.312646523887797123e+00
6.090733924612808181e+01 -5.338749397234145277e+01
1.304321871950660920e+02 -1.883356487734347340e+01
2.222417248124407152e+01 -2.120054474753298734e+01
4.798374439471265163e+01 -5.611350163450406825e+01
8.774952624317155880e+01 1.296091449809983409e+01
1.194097553843184158e+02 3.625698625906051120e+01
6.752462455556498355e+01 -2.869337101403326784e+01
1.360924480644951018e+02 -6.049477851532564010e+00
1.502211044041122250e+02 -3.693592515081282279e+00
1.765646007990819157e+02 -1.314839113902011469e+01
1.459866458345839817e+02 1.084773807316359573e+01
-2.694702278585104693e+01 -1.445199177630528808e+01
1.515969135528671643e+02 4.528170644887651086e+00
1.290539886905071967e+02 -3.063966973685222328e+01
6.370436010224199208e+01 6.427893265596273409e+01
1.621014799272606695e+02 1.376157921119974326e+01
9.834421036448823372e+01 5.595935286531917185e+00
-2.211725665621683845e+01 -7.658908860503609972e+00
1.404406428443520554e+02 -2.866393404317850369e+01
1.988050999279681363e+01 -1.570592972475722426e+01
1.628206133156249109e+02 4.511841433947583369e+01
6.264074174531982209e+01 -4.199058641942308867e+01
1.873921136037233737e+02 -2.009186807783897777e+01
1.323118464579127362e+02 1.524320393674211793e+01
1.366769808317829700e+02 3.708640565409922818e+00
1.227343913482074242e+02 -1.123598581731024737e+01
1.275893550537982861e+02 -1.337427293201055889e+01
6.562410693809974305e+01 -6.896313495110532266e+00
1.039082606324245148e+02 9.504697716980563982e+00
1.740659919789697483e+02 1.835956302846690136e+01
7.377287139517176229e+01 -4.734861583166413146e-01
9.465455643256493090e+01 1.591097458558105027e+00
1.230452985415964946e+02 -5.567365784646533200e+01
1.787142175425947244e+02 2.857900196859697317e+01
7.596000515894228045e+01 2.557821174030455946e+00
9.833580598030626163e+01 -5.121728264605854619e+00
1.245674118511617934e+02 -1.478942706799755413e+01
3.335352173028358891e+01 -3.590488170477637198e+01
1.288434437840781470e+02 3.742283552511466382e+01
-1.767808909275660056e+01 3.233057933658934502e+01
8.014329934080416251e+01 -1.148630919180700616e+01
1.788816824951511535e+02 -2.664864606685917181e+01
-1.502864657671112214e+00 1.371911860985374432e+01
7.704356897032590723e+01 4.032670636768352068e+01
1.543750965782137428e+02 1.721968029122416510e+01
-8.339228161843330156e+01 -9.557977140265609961e+00
2.285602332923262026e+01 -3.487802849710804054e+01
5.313157396171637004e+01 1.633476089896445060e+01
1.554571117944196317e+02 -6.552948540052730309e+00
1.679859270785637761e+02 -3.224672707675455285e+01
1.372591557738620338e+02 -1.046347795503620004e+00
1.661883161584684387e+02 -7.162227461063721101e+00
1.245234930899505059e+02 -8.294893547903688935e-01
2.072793345583931455e+02 5.572956683807229972e+00
9.953103497702598190e+01 -6.293137351340115870e+00
5.682815302819012260e+01 1.154500851448406173e+01
9.170492849211831299e+01 1.522176003615871487e+01
8.014268791636018818e+01 1.937415920992284057e+01
6.721423188780595126e+01 1.074439360467073534e+01
6.544223503584173329e+01 -3.109776754118364650e+01
2.046530879960994014e+02 2.408319024477599513e+01
8.810701198170049508e+01 -2.212791712443680936e+01
1.260995460943701545e+02 3.648492040038780715e+01
1.249340708916303981e+02 3.276747432526575210e+01
1.338916682367287763e+02 -5.354925844502604448e+00
1.560112335598156790e+02 -2.057636711592495971e+01
8.674159632589230284e+01 7.510268938888104095e+00
7.193186395857507875e+01 -1.247339665592985369e+01
1.352099548748554696e+02 -1.282631125996266663e-01
1.551644443292910402e+01 4.373207061308316668e+01
9.637461271878271063e+00 6.774493572931324081e+01
5.827016374237083340e+01 1.913611530850987208e+01
1.645780036008206082e+02 5.013802198532433607e+01
1.055619786122211252e+02 -1.759238641681952942e+01
6.960968081608825742e+01 2.717362007620762743e-01
4.160301515173716780e+01 -1.706303148934737735e+01
1.630337074419568069e+02 1.346866101999516285e+00
1.543189353574178995e+02 -4.802763758048576648e+01
3.891095306192936221e+01 2.829510663337208243e+01
1.226718373523930268e+02 -1.657846279560536429e+00
1.092803278479855607e+02 -1.137609382797247548e+00
1.358915863793266681e+02 4.864398205157044686e+00
1.498023273299595814e+02 -3.863131435261713165e+01
1.682709407778386179e+01 -2.597951569844726194e+01
5.717984021658933358e+01 2.387638742292984784e+00
1.330573546658168596e+02 8.525994521436891205e+01
1.231015692005824889e+02 -4.543727985382887802e+00
1.606844299626921213e+02 -1.106797196202027855e+01
1.586058039357165228e+02 9.553553258502061496e+00
1.751627115468231466e+02 1.464736410501976671e+01
3.768373159675646633e+01 -3.847942254794203620e+01
1.756475336071922868e+02 -1.339570362377235035e+01
7.220991115539897010e+01 -3.322562709576962447e+01
1.118557006941831133e+02 5.572191883577298199e+01
8.789985078317073430e+01 1.342520975947493866e+00
9.108898996318714580e+01 -1.786714501591663762e+01
1.465103920810201146e+02 2.071680011539661237e+01
1.262095662966674467e+02 -7.289613159928259201e+00
-2.519285982320244699e+01 2.613176752090581534e+00
1.686094675854417062e+02 -3.934863902147099690e+00
1.552606723093776111e+02 -4.309271280230242951e+01
1.980722651989910617e+02 -7.639165085750142303e+00
1.514985752656788236e+02 -2.365874719047031860e+01
9.337859821802094018e+01 -1.819027537738453759e+01
1.326299632026901918e+02 3.093477000379035147e+01
2.108676761440725329e+02 -1.981813145778988883e+01
1.573342135023499111e+02 -6.174814937697401085e+00
8.810628582573291112e+01 -1.110016039730307602e+00
-1.162668154637591833e+01 -1.762238073760128287e+01
1.182136784572925592e+02 -1.103681818155309280e+01
8.517955501482131808e+01 -2.354622398206639033e+01
1.793223997814164647e+02 9.691805095097389966e+00
1.307188030649711550e+02 -9.908376466606162225e+00
4.516458101336745301e+01 -2.295914046904741213e+01
8.348683922370072708e+01 4.582927502909801376e+01
1.667794760067201025e+02 -2.051425244124749625e+01
1.071034238328062003e+02 5.086374314981297884e-01
1.488432255544352643e+02 -4.389166481092260597e+00
1.422156810069744211e+02 -3.187444216316687218e+01
1.069718707357423284e+02 3.627168687489088050e+00
5.688397861922299370e+01 -1.632052040017700278e+01
2.666198369237084975e+01 -4.802387596895256650e+01
9.904271508311195760e+01 -2.130884386179648260e+01
5.017299981054705427e+01 -1.847154887805960399e+01
1.481632143766737215e+02 -6.032314028006077677e+01
1.912776274658716034e+02 -3.078382240127189107e+01
-1.796075896151329232e+01 1.532389224271881645e+01
1.258840831240604814e+02 3.230411418168591808e+01
1.455089796079174107e+02 4.012247039610318922e+00
1.769543066564862670e+02 3.586400949908129832e+01
2.487729396739387511e+01 1.827429525363747587e+01
1.211691433562034916e+02 -2.708664510921451107e+00
3.524177110873088736e+01 2.142120153926676096e+01
9.120913146671549043e+01 -3.370513535553376272e+01
1.497709933821265871e+01 -1.191576242361817428e+01
1.151585901264664784e+02 5.110076221697808840e+00
5.922635690900542471e+01 3.643557977299067829e+00
1.118711793955867790e+02 -3.340752510568022160e+01
8.226490470561141422e+01 8.688959192333351567e+00
1.079745466200738662e+02 2.213590563697563240e+01
1.816582991934508016e+02 4.895612275471543029e+01
1.844363282782960027e+02 1.019068460112310248e+01
3.506619881750690837e+01 4.394585255924132383e+01
5.892177041882496269e+01 3.875747567013796413e+01
1.701253328754021936e+02 -1.204489537514517750e+01
1.605325617649438357e+02 -7.718659468427060411e+00
7.909520213524757537e+01 -4.843427316768030622e+00
-1.149645451846069477e+01 -2.902201335418199690e+01
1.780004256969277776e+02 5.572634058161940462e-01
1.144233403562009528e+02 1.360742891117756415e+01
9.978236587238211541e+01 -2.142933378774245412e+01
4.813706186184623448e+01 1.332458833542631993e+01
2.852602212576202589e+01 -5.144376731418898885e+01
1.276766755773245308e+02 1.898050915472862954e+01
1.209061138030541684e+02 4.997940189404015854e+01
2.255425093310251441e+02 -1.252588978571377254e+01
1.915206903769014843e+02 -2.216962462594679550e+00
1.444327917394839460e+02 -4.977228733695139518e+00
-1.466423539187388769e+01 8.115402261645620285e+01
6.276163403340773783e+01 4.923881319676986834e+01
1.373006081038450930e+02 -1.180593529873126535e+01
1.726817596001487800e+02 -5.360318147803185163e+00
1.950373444463722024e+02 -1.167680592846619181e+00
4.625744194306133750e+01 3.677344912532777954e+01
5.348321812141059439e+01 2.525968610788087076e+01
-2.404344190011133975e+01 -8.871244158769756893e+01
1.804587630652289079e+02 7.344281546789894755e+00
1.123685758198080578e+02 -1.057156120844502745e+01
7.097132690144638900e+01 -3.095184172967025305e+01
1.267330180616001485e+02 3.933216584951223727e+00
9.744709923374719551e+01 2.669968130299282194e+01
1.981634008916917935e+02 9.620474932048846739e+00
1.031681140257993974e+02 -2.448475187677791709e+01
5.109737985785633896e+01 -1.435906430012612844e+01
2.039965953499428792e+02 -5.095152151748756353e+00
1.757693396826628032e+02 1.613082015410345704e+01
1.385927655636574514e+02 1.369107484582285394e+01
4.963864942924079315e+01 -5.311598016376808573e+01
8.460936368186149537e+01 3.966003281648360002e+01
1.343621144037534236e+02 4.947927644893431953e+00
7.370659462102901216e+01 -6.058115072715403393e+00
8.500661488093054174e+01 -3.733637997341455872e+01
1.244052181539016431e+02 -2.298102455944054157e+01
7.302648311214385046e+01 3.274351984955057304e+01
1.346530027139436072e+02 -3.635412368940771355e+00
4.418012275768827379e+01 6.015664453992496874e+01
1.339163890625499960e+02 6.132823101090234985e+00
3.316869591095529302e+01 1.642604113046121483e+01
1.094777204721040391e+02 2.454268697329150584e+01
4.380269202612418411e+01 3.784496630469409872e+00
2.032498660953588967e+02 -1.115753836016496336e+01
6.842267120232827438e+01 -4.232954762066353993e+01
4.133862131928278671e+01 6.205514320628060432e+01
1.834112118663166484e+02 1.147951923586080625e+01
1.323026772922418388e+02 1.043053042594514368e+00
1.403150809732635764e+02 3.255937975842563503e+01
1.754459100913555574e+02 -2.903966993306038802e+01
1.561934419611021099e+02 -3.777496785232857235e+01
-4.359672839781430298e+01 1.938257453089216042e+01
1.578143357923062808e+02 1.291359539664818890e+01
-1.500563429756251743e+01 1.351355776782639850e+01
1.981412579099321363e+02 8.056578626099511808e+00
1.693640259795873249e+02 -2.125885846574704274e+01
1.490470156107179776e+02 3.017472842835268398e+00
1.280920715612780327e+02 -2.447482923654764875e+01
1.600512319105219774e+02 -2.206030609480560400e+01
1.363544678732014290e+02 5.064362043111933609e+00
8.393935573905336511e+00 -5.676080119871676821e+00
-1.727082692017231480e+01 2.695150432706369870e+01
1.723199381373677568e+02 -8.636453908356879205e-01
9.029974853137420610e+01 1.353241574380473544e+01
9.321251700999552270e+01 6.089323555243260699e+01
1.983508039706379975e+02 2.211430850984785934e+01
1.750435823326287448e+02 -1.877494151706489589e+01
1.365052465687722929e+02 -4.234539039832937846e+01
1.644893994137300126e+02 1.457669657598577473e+01
5.654157106484734641e+01 -2.478079580824348582e+01
1.564023314623723877e+02 -3.689451386173439928e+00
-1.791929516651959631e+01 -1.308003354650860039e+01
1.137750461565241125e+02 -2.709748689543185662e+01
1.050010510065933715e+02 4.873602893818657300e+00
5.776784298102608517e+01 -1.783642098308163071e+01
5.383286485067745275e+01 -3.305361950401242410e+01
1.384981781207746394e+02 4.078958302873985642e-01
1.572326200839602564e+02 3.743233300535724339e+01
3.905085812848206217e+01 -3.713946888311289030e+01
9.283378206124133669e+01 -5.153492434866029015e+01
1.772611996897680626e+02 -2.215710523194140524e+00
1.625713754070505672e+02 2.378540638607250557e+01
1.642837025612397213e+02 8.049155765576870181e+00
8.594503483501296159e+01 5.709865786054666614e+01
1.184696554705205784e+02 4.430130451087550369e+01
1.072413286725428492e+02 -7.414311787216807836e+00
5.477379414624632403e+00 9.081404828237221949e+00
1.349402847451645187e+02 3.226411468902965485e+00
7.934949635638180609e+01 -2.158892027356442256e+01
5.579863560555011048e+01 -4.342827714880829859e+01
5.640027675344991565e+01 -1.580774556234906036e+01
2.505321001193377839e+01 8.011929942592458076e+01
7.314983123651647645e+01 -2.710607045928046333e+01
1.281892186765782355e+02 1.713413525120356695e+01
1.551522480933171835e+02 -6.175362032922281585e+00
1.458972352046901904e+02 2.909348286656692650e+01
1.225699920175432425e+02 -1.588942403977329576e+01
1.681588974170811639e+02 8.897419394461453024e+00
1.569217701204025843e+02 4.092489814150863481e+01
6.390447142877868458e+01 -4.624054633045745533e+01
2.064307928348067662e+02 1.265210892981332869e+01
1.297549195787010490e+02 6.533606222123021112e+00
1.308889979138797059e+02 -2.665462934256900240e+01
1.248066029195441615e+02 -1.945815148827328045e+01
4.281660948295959912e+01 3.287266159906995000e+01
1.602004641328440755e+02 4.379639030990734483e+00
1.435798918890664311e+02 2.391275221844116672e+01
1.138143460652807590e+02 2.546274592161462458e+00
8.516486944763366296e+01 1.939320208658144296e+01
6.138126585690832826e+01 1.166712252902542657e+00
1.958001802911809079e+02 2.548174221708788778e+01
5.799279436211873673e+01 1.875118702673339133e+00
2.106177038540792523e+02 1.705455769798960475e+01
1.866370662766994144e+02 2.123115585788650250e+01
1.870151862600361881e+02 9.000222370734498156e+00
1.914507946705817574e+02 -3.819772803435309783e+00
1.414899772591735996e+02 1.033623904682982158e+02
1.050415685810812789e+02 1.786617882673989399e+01
1.826103111264193899e+02 2.553008260146530706e+00
1.070647725790725389e+02 -2.286934623746365602e+01
1.415991001804815994e+02 -2.229556481349693442e+01
1.181605214051183168e+02 -5.689755822754650083e+00
8.217864380480706643e+01 -2.342920006108882447e+01
1.291254127878928841e+02 -9.312740456392916144e+00
1.030230096010261178e+02 2.183986289246440560e+00
1.182274128280441374e+02 6.120618205064841888e+00
9.292701780808758372e+01 -1.550113132856801279e+01
-5.472159870473341670e+01 6.726079593047880500e+00
1.248405452311217516e+02 2.504943547284306860e+01
2.001445965438230132e+02 3.292524981261998107e+00
1.302780688938855462e+02 2.441306617536834267e+01
1.311454334525625427e+02 1.027589689957531682e+01
5.346640908082118671e+01 2.995487513954594760e+01
1.209497076627014849e+02 -1.524055924226645686e+01
1.741654422581831625e+02 -1.329822357637484487e+01
1.279813065772774507e+02 1.162190633941793294e+01
2.210439844576744051e+01 2.148642249951151939e+01
1.948840278078771462e+02 -8.360171588137339072e+00
2.756473329514130910e+01 2.764136182323962743e+01
1.654703739005693990e+02 -9.429511904985371729e+00
1.596890374771181200e+02 5.222601450683491464e+01
1.374263555990295913e+02 -2.996618753778944111e+01
-6.614868539512379186e+01 -2.269923593464165990e+01
1.380315575391640266e+02 -2.896867063639176898e+00
1.867469139957337347e+02 -6.783872752682242435e+00
5.762101527685345559e+01 -1.430203577671463222e+01
9.923857473881641056e+01 -1.564170488595074815e+01
4.033958470774128102e+01 2.619112464784123517e+01
1.747781969587721846e+02 -2.156412594677007988e+01
1.020103771076865797e+02 1.335035828476615372e+01
1.140153383407107981e+02 2.729520890720549176e+01
1.598551012400026821e+02 1.590298991348991642e+01
2.339703651487360787e+02 5.216869821987226707e+00
1.565068886641286667e+02 3.978823064587696479e+01
1.233349948416201727e+02 -4.397623421438745517e+00
1.302618372603421903e+02 5.422961486478000381e+01
7.600884741293964630e+00 -1.634931285579679816e+00
4.410397279075532850e+01 5.911921347200463472e+00
-1.604135374178268236e+01 5.851818945427346108e+01
1.498751848040245136e+02 -2.260946063066381573e+00
1.007157653083862812e+02 3.705872139967970469e+01
4.736173097838697998e+01 -6.920294320944836208e+00
6.228407828758268749e+01 -3.346394663307854955e+01
1.679311832678659755e+02 2.159325317599355287e+01
-6.130229673643129473e+01 1.656478756406951902e+01
1.905509062699249228e+02 1.309791525935593093e+01
9.110448771210506891e+01 -6.229700294253586179e+00
1.140784742999124575e+02 -3.966458450540677205e+01
4.665462532810799701e+01 -1.069701167401132480e+01
-1.533791642127726540e+01 -4.588337766163196108e+01
1.809624610998099570e+02 7.473732310321003602e+00
3.800859270224658815e+01 -5.080661446757025601e+01
1.812853867789709454e+02 2.832060352678258752e+01
-7.687117449097136124e+00 2.498418274334384748e+01
1.559968414523729336e+02 -3.582037917159166085e+01
1.313524762728268911e+02 -6.913530793317194423e+01
1.174140421647267658e+02 2.451567215729789240e+01
1.793047023080425220e+02 1.038992197430995645e+01
1.409538989673049798e+02 -3.021084696549220183e+01
1.277273008976437865e+02 1.203608481141685083e+01
1.280700643640633132e+02 -1.048295101251818551e+01
1.069796911635589538e+02 -1.278876855739329343e+01
9.570643950595744798e+01 2.855331692687601119e+00
1.877867221507952991e+02 -7.023720340259255401e+00
6.003170716441953658e+00 -3.172384729994398000e+01
1.471815659294466343e+02 -8.896472684607233816e+01
1.472573437221958557e+02 -3.675291328054854745e+01
1.201242462001407745e+02 -2.230777304303531139e+01
6.578161062980746010e+01 -4.817031607045785080e+01
1.459569651547645606e+02 6.273168396052322748e+01
1.149874719413040793e+02 -2.220669142654123718e+01
6.899502313959378341e+01 -3.763812852010673282e+00
1.197051241683261082e+02 -4.710934572207121107e+01
1.717872228090645024e+02 5.033593060676982311e+00
1.658640192342745650e+02 8.357852723444107568e+00
7.480460572313346290e+01 3.668088046306264971e+01
4.308542887890907735e+01 9.160529860567443450e+00
1.599439252052929135e+02 2.898947880015712908e+00
1.507042003411802114e+02 -7.059446107623000621e+00
1.057670365991121599e+02 3.775664884378686281e+01
5.355950767087762188e+01 4.422041231010672391e+01
8.453390786979028348e+01 -3.197589944330984579e+01
5.973277533006640994e+01 -1.394153174367159309e+01
7.353910752520442884e+01 -5.581931192812427112e-01
1.010691748753253307e+02 9.438890886573936712e+00
3.973826606472582679e+00 8.578491220401094353e+00
8.608520100909140638e+01 1.620515239336792135e+01
1.699364365961714327e+02 9.917200792492071315e+00
-9.662176287676441433e+00 3.031471705633392233e+01
1.932975391489545700e+02 2.245786811320063592e+01
6.962330023209455021e+01 2.062557603376769677e+01
6.181586402224353094e+01 1.124077912763257636e+01
8.660286780698515940e+01 4.395868351586283751e+01
8.693934296904431847e+01 2.506230737382693263e+01
1.001139865969506815e+01 1.970990511683929469e+01
1.300052993076405983e+02 2.363432338328922455e+01
4.696314051509268239e+01 3.589225374575237737e+01
4.909366039078354049e+01 -2.038049536444762921e+01
1.544118766930749587e+02 1.883528750143438624e-01
6.094402930412677222e+01 -1.568087194584906463e+01
1.514133614500904628e+02 -5.323470627780766051e+01
6.447555716759183042e+01 -1.701647061168743491e+01
1.545311706354836758e+02 1.621088492372169299e+01
-1.486113571917292120e+01 -1.830882144202882955e+01
1.223060299784887661e+02 -1.217150757968959418e+01
1.827444354370383337e+02 1.234808299455021441e+01
1.992162207876411344e+02 8.376653814990724811e+00
1.080192323263930092e+02 -5.143994142661388480e+01
1.366376591102030602e+02 2.716673669587573059e+01
1.797997895893211933e+02 1.099323799726232664e+01
1.890056568124572038e+02 1.894608912977099280e+01
1.603270083467814118e+02 -5.976013820258065934e+00
1.484774731277914555e+02 4.843587814885004406e+01
1.042689926892538494e+02 -2.722900438843624471e+01
1.062750173927535542e+02 -1.332082324976541665e+00
3.195669397468909878e+01 -1.348683978962090357e+01
6.382345931570758779e+01 -1.371037372225299755e+00
1.113724957293923126e+02 1.811767892096849408e+01
1.195739563665428307e+02 -5.109113504851502796e+01
1.397058827919584587e+02 -1.818023102356789522e+01
1.046414637138803840e+02 1.892165541576653709e+01
1.013040662545480330e+02 5.000387281979454812e+00
1.204170997002887233e+01 -2.248581986517543641e+01
1.857235681307629989e+02 -5.442296897361313945e+00
9.558583610811884057e+01 7.274437117969102928e+01
4.541176354882720290e+01 -5.013309033692092953e+01
-3.632889260865311343e+01 -5.499137252222612915e+01
6.817008597255555458e+01 8.446795925967559526e+01
1.366629559855473985e+02 1.015864370131223815e+01
8.264299049532129970e+01 -4.008831182178707309e+01
1.027445077245205169e+02 -1.132816323172987438e+01
4.341126055585186272e+00 3.637628727878745138e+01
1.451483146355433291e+02 -6.745801389421430372e+01
1.512894162488741188e+02 -1.124477243759738787e+00
6.329187692891490968e+01 3.069018769161092308e+01
-4.618011172949668008e+01 -2.259091968168897679e+00
1.868330117373918995e+02 -2.673563145648993356e+01
4.272375415788734188e+01 -4.974319616634815588e+01
-7.140113237231980747e+01 2.744422063501902542e+01
1.754572979095501069e+02 4.431059806097756848e+00
1.381893548273998817e+02 7.233518088649714350e+00
-8.789120371000048948e+00 5.835439506522207864e+01
1.283949526790849802e+02 5.747578159090517858e+01
1.836697136957333498e+02 1.222533339529057272e+01
4.941860621130809506e+01 1.886879741421727630e+01
1.231883915384418628e+02 -2.601227943565476153e+01
1.947491619111511341e+02 -2.115397393800922288e+01
1.433452852166047542e+01 -4.784220630845579336e+01
1.215443475255921442e+02 -9.720263224394154467e-01
1.349406366652438294e+02 -3.029350225020701970e+01
5.098206915423464380e+01 -1.891967998690461616e+00
1.018437768699229906e+02 -1.196948789585604089e+01
1.465438209440850983e+02 -4.061584127505968311e-01
8.391923168975097269e+01 1.546451239849021952e+01
1.919510664459289444e+02 1.079105102427030394e-01
1.067716340471386616e+02 8.433849713646775825e+00
-3.570114802317620217e+01 1.564224207958227097e+01
1.542791272346290441e+02 -3.974320539986779810e+00
1.359482206493975411e+02 -1.569443454542608407e+01
1.116151115292011724e+02 6.926954054729115740e+00
8.822905193036999094e+01 7.022996506662019023e+00
9.228735873155424940e+01 1.769694817016450372e+01
7.652349272025328730e+01 1.680061120022223298e+00
3.064687000565166741e+01 -5.241471678322389138e+00
1.340240506264370595e+02 -2.550635008745662624e+00
1.400671447701378725e+02 -1.536314143540642085e+01
1.081450683040807270e+01 3.018087300494317660e+01
1.506589369098288387e+02 -1.708440464802644954e+01
1.734444008894130036e+02 -4.004084709914551787e+00
2.265563783863030523e+01 -4.799393797867045208e+01
1.491475647669784337e+02 2.366077348278028225e+01
6.280304440598654736e+01 -5.580749115132919158e+00
8.935880503543981490e+01 1.774750383648260055e+01
1.040274730461448200e+02 2.563023054697757885e+01
4.392772443139643102e+00 -3.066140424154235156e+00
1.605521562482686306e+02 -5.778862838282793568e+00
7.705006697922600267e+01 -2.982171237794606000e+01
1.980376917393792979e+01 2.608232639729106239e+01
1.391142079235066547e+02 -1.539776985070632520e+01
4.499764121271765305e+01 2.871518899269898739e+01
7.405400947072702422e+01 4.791821847301249448e+01
4.649490237995163966e+01 2.593325268575419429e+01
2.377268690486419800e+01 3.360851162444200924e+01
4.317405899600107233e+01 1.530045829910892508e+01
9.292386871287467898e+01 3.474181840217257644e+01
9.584672513440833086e+01 -2.495691533686619579e+01
1.839267754656270597e+02 -2.282780084974170265e+01
1.450528652684670874e+02 2.661704898268030917e+01
4.620088677263231602e+01 6.069177943223555971e+00
1.635950113399875647e+02 3.670348603196785575e+01
6.169187185440313215e+01 -8.637046165667625175e+00
1.403816247327239353e+02 4.410722177346256956e+01
1.664711227598729408e+02 -1.146187797584149592e+01
7.386592892199310256e+01 -6.669102742335845768e+00
1.609221402338205849e+02 -1.914286885639183566e+01
1.204068845520957893e+02 -6.636326793024960580e+01
1.735244107624103265e+02 -7.388619096856444912e+00
1.018093940751609807e+02 -3.633431644368588564e+01
1.456176921072532764e+02 -2.514282594857735020e+01
6.608584412745092607e+01 -3.142951477903680413e+01
1.890304184577162232e+02 -1.330704798166643599e+01
1.544855656478500237e+02 -1.820075333951604435e+01
1.262004100580874990e+02 -2.088079740665528305e+01
1.036235274633022954e+02 -2.666966164397862604e-01
1.821532608783550415e+02 -1.926940915666439480e+01
1.659234307566164262e+02 3.464371424869047900e+01
7.453316707784982675e+00 -3.489089848967727647e+01
6.939050705859960999e+01 -1.703241850988239747e+01
5.929721992594302549e+01 1.651343032704009062e+01
1.063240504229579528e+02 2.537232212301821122e+01
1.355605691510627082e+02 -1.188687245822388583e+01
9.667933465570564522e+01 -6.020208772806432407e+00
1.119424993594897586e+02 -4.156293532234862909e+01
1.187156828352675859e+02 -3.001291363023791448e+01
-2.575635637693726920e+01 2.979801084274396672e+01
1.297644803225255998e+02 -4.974505681198269968e+01
1.351553390997021609e+02 6.245805778392969643e+01
1.452692862895348469e+02 -7.904998497363157739e+00
6.167617735589931982e+00 4.112017521099611628e+01
5.687866416935872849e+01 -3.916215750596786194e+01
6.187542400759299710e+01 7.670098287089450650e+01
-8.982459467640643425e+01 -6.324603626535985512e+00
5.629527410383152386e+01 -3.625224894028049505e+01
9.907942303524229999e+01 -2.506345394338192278e+01
1.265239527009969294e+02 1.076311432192501449e+01
2.054246149378248987e+01 1.186500496768244872e+01
2.060847934490983491e+01 6.898025785363046225e+01
4.729958224820386192e+01 -3.367650771840310853e+01
1.147619233533278305e+02 -1.119437922113885975e+01
1.723701763220048235e+02 -1.110123449420657238e+01
1.089747673707395990e+02 -3.313530175878421247e+00
1.532644888675053210e+02 1.002977035941702155e+01
1.640465317826615603e+02 -5.028754041215947979e+01
7.181905959351331603e+01 -9.705959877169160421e+00
7.100716819817041880e+01 -1.420805842103722183e+00
1.213214557580986330e+01 1.120452181279751969e+01
8.162396730083186469e+01 2.320412567130466641e+01
1.260080109430920601e+02 -1.032013531544240248e+00
5.848784216256257906e+01 -2.280358027080871608e+01
-2.204585866483478185e+01 3.229617491123995876e+01
5.348914917613220155e+01 1.218317327240944437e+01
4.145028435637928510e+01 1.963073287860835592e+01
6.186461243668735221e+01 -2.541778068951606073e+00
1.169796333708465284e+02 -1.452521752600717342e+01
3.183870202849960762e+01 7.575518179320916090e+00
3.912615482718296533e+01 4.224274750064565609e+01
8.761568624686555395e+00 -1.446180477759089378e+01
-8.665428024456755907e+01 -2.838338452899025555e+01
3.224547502651229536e+01 2.159222800691171429e+01
1.041306626284640089e+02 1.803523864420486333e+01
1.688243221960906624e+02 -2.750114690136280515e+01
1.777969663508621920e+02 2.315106068455089883e+01
1.039982225718311071e+02 1.455580705518885054e+01
7.103797812783206211e+01 8.179296760938527200e+01
6.655225180075829883e+01 -1.741072994552975572e+01
5.269599659792840640e+01 -2.725738302144256409e+01
5.090534594574848626e+01 -2.328562092827405650e+01
1.722744571210145352e+02 -9.803011627197218303e+00
7.649533165744358598e+01 2.417333614441984935e+01
1.389930025009926169e+02 4.830106701750852238e+01
1.321000849155228423e+02 1.121058640492578995e+01
1.522051397076427008e+02 -1.700335368463229102e+01
8.728826995771349573e+01 1.126706706352982224e+01
1.129405413629512651e+02 2.232790620423288175e+01
1.651392618750270742e+02 -1.584829545929266104e+01
8.356961953414511868e+01 2.062687406956627001e+01
1.538705110047163771e+02 -1.089764713608449931e+01
1.922417359391049274e+02 1.206084865870984935e+01
1.092369335325036275e+02 -1.931752869936008921e+00
4.606128197094457022e+01 -1.078832954116584375e+01
6.893060962031324834e+01 -5.462783144119124579e+00
9.091462417835505505e+01 3.942634208518006744e+01
1.335306771255141314e+02 1.967308857507887154e+01
1.796274838108857921e+02 7.248894875413420813e+00
2.055010875994345199e+01 -8.588879808123760995e+01
-6.084908048740099673e+01 -7.836735215018768486e+01
1.424019707135091153e+02 2.366621045203488549e+01
1.401766550109288971e+02 -7.099266541496136540e+01
5.923246833771544573e+01 7.818015170561166016e+00
2.244430385335333256e+01 -4.268552977415760452e+00
1.720770175177322585e+02 6.627661796370725256e+01
1.624423373670134367e+02 4.822892752650972170e+01
6.183986549693454293e+01 1.340003939875433980e+00
1.858073066654200147e+02 -1.535457019809376256e+01
1.521501718686799904e+02 5.091931290716934200e+01
-3.272650498046965595e+01 7.625534563707564217e+00
1.154812216381571943e+02 9.050288249024664111e+00
6.309513962652633268e+01 2.968423304380486627e+01
8.621620941808275518e+01 -2.100263288282216223e+01
8.552943899664468574e+01 -8.021087740584810888e+01
1.250154092803651764e+02 -1.918127227165926740e+01
6.982425095008919413e+01 -1.547795071280378387e+01
1.096570498639619906e+01 2.825149257820264737e+01
2.063794788602752703e+02 -4.739678463394022323e+00
1.239270741243227860e+02 4.037582142201860513e+00
8.754948733943346895e+01 -1.683496422451790409e+01
-6.224773915813670122e+00 -6.356726114456478172e+01
6.045990418224570817e+01 -3.619256309675685657e+01
1.358993797810905733e+02 2.949047087014160695e+01
4.869589623212004881e+01 6.332359371390419156e+00
1.940167066466741232e+02 8.311473800933811162e+00
1.057645349924770386e+02 5.557365605858655755e+01
1.852622780149594348e+02 -1.144606467191830923e+01
6.737686120684290358e+01 2.372928329891309218e+01
1.182814840422435196e+02 3.222103902256878882e+01
7.479346189881796647e+01 1.303780905090792963e+01
1.109738648326131596e+02 -4.472081260585510165e+01
4.393200514589208439e+01 6.558635633012406174e+01
1.536464485343261970e+02 -1.173597274614047414e+01
1.922583538248389061e+02 1.174290217444767942e-01
8.437474728730187223e+01 -8.352786064122274468e+01
6.836321942532669027e+01 -9.372586998824113280e+00
1.236537686508762590e+02 -1.362412267478087458e+01
1.339876751657628233e+02 -5.042815225455216321e+00
1.228832784174838508e+02 -5.388662492170453788e+01
3.251470505017567092e+01 -1.647093158449099537e+00
1.891917211964727414e+02 -1.537417566957052628e+01
1.174293576903029788e+02 -3.356896019599547998e+01
1.651558241096835218e+02 8.339652243370821338e+00
1.327442734050254103e+02 1.277768615074298175e+01
7.980490659368818740e+01 -1.550372546646006278e+01
8.122181803881663598e+01 -1.345720824316429187e+01
1.054634738496011153e+02 2.347513049462520129e+01
6.018730907280162512e+01 -3.703986722996639713e+01
1.891231054393463182e+02 -1.315474363432481653e+01
1.936754602264544474e+02 1.682579895037188678e+01
1.742241031650370360e+02 -8.814116764068327825e+01
4.185135729613423905e+01 4.380497226350976803e+01
-3.638138254318987741e+00 1.348213264616441975e+01
1.287766077770004358e+02 1.578468800575716990e+01
1.154070417688603811e+02 4.426490251669313380e+01
1.387580127535431416e+02 -7.393371365103784676e+00
8.634948314974825223e+01 4.495276246483905225e-01
1.064350755142731657e+02 -2.129233822128875531e+01
2.587668290945551348e+02 -3.556925341534041252e+01
1.298709779596227065e+02 -2.668023898249338899e+01
1.170516175008595212e+02 6.791855636105932348e-01
1.249931908106425453e+02 -1.959736439456096946e+01
1.630230402985400247e+02 -3.397664157852292588e-01
7.936394244884533578e+01 2.149851307188914706e+00
1.056722751361309349e+02 -2.239674886628863248e+01
1.371974934821576539e+02 1.486349456981250405e+01
7.169973452864309138e+01 -3.349467408334048457e+01
8.256667907125711281e+01 -3.897162965464991657e+01
1.798355070370952831e+02 -9.589763041260496834e+00
1.823411213331821159e+02 2.590755575594082316e+01
8.821881192051546350e+01 3.531169790251903606e+01
5.453658899400337390e+01 2.053875074283080338e+01
-4.174109627226255270e+01 -7.788274607132407157e-01
1.474194010772348236e+02 -3.013477171882377093e+01
1.359513833060888430e+02 5.271648284137288698e+01
1.002625558751955452e+02 4.312825708933692681e+01
2.023799840833739552e+02 1.989714993683245936e+01
8.528871627707712832e+01 1.693766275727892889e+01
-3.983186520531280905e+01 -5.849288670121466538e+01
9.926557189535927250e+01 -8.497021762241711018e-01
3.735615320193956990e+01 -2.590477467858173011e+00
-5.533279697549400566e+01 -3.306221372637371037e+00
1.420845676567833671e+01 -1.014283286726362832e+01
1.231289576442110558e+02 1.903928953787979950e+01
-2.652113444095500938e+01 3.560084797545871282e+01
1.033799179973936191e+02 2.831827964260664388e+01
5.945384621655465907e+01 2.096256234574168786e+01
9.024318721244067376e+01 1.509974256934074432e+01
1.995317092253564510e+02 -1.384390379933461901e+01
1.898388200369865615e+02 -1.548426118189311929e+01
1.324631085089423266e+02 -1.606360804022097000e+01
1.158403157567103250e+02 8.180554626223131010e+00
1.328643303695396582e+02 5.246146652395971000e-01
1.216963279589001417e+02 -5.631999813690222290e+00
1.197950687296561085e+02 -1.741346644881669548e+01
1.878634201094155571e+02 4.109748941515608323e+00
