-1.469493866560475226e+02 3.328320314713745631e+01
-1.852958111285152398e+01 2.247090865722221764e+01
-8.801470808315562522e+01 -1.645319534432437614e+00
-3.289688418954874738e+00 -8.572159780701891663e+00
-1.168136123435333076e+02 -2.370576662287990644e+01
2.142245174513787820e+00 1.106754128102910251e+01
-1.163935756090117621e+02 2.381795038724492031e+01
2.341870194881918010e+01 -2.791222187435154112e+01
-1.131027562392424670e+02 -3.017887637958203229e+01
-5.884398189201763785e+01 -2.394736987299647168e+01
3.474476116385730506e+01 3.205065632845226986e+01
7.800368712900936918e-01 7.331756041617720143e+01
-1.487623718073352563e+02 -2.650326783078198190e-02
-1.276427206116881621e+02 -1.343027794371019112e+01
3.896233226208521927e+01 -3.779361319896887750e+01
4.921075402075729244e+01 1.155824641824966248e+00
-3.215096500550009040e+01 1.744627114698534243e+01
9.749265583657960477e+00 -4.455562812189656796e+01
1.077651171627243656e+02 6.503717364336023543e-01
-1.063845965811909622e+01 3.657373483036914052e+01
1.244680114289718915e+02 -5.512900097305811897e+01
-1.328206535222643367e+02 1.361260154060014749e+01
-1.021339693710435483e+02 -3.089309162986386070e+01
5.242021905743471422e+01 -2.812919555224177159e+01
-8.223132359138641334e+01 1.334929719949262150e+01
1.980529067496841833e+01 3.006711651418788733e+01
-1.703195593982881348e+02 1.331143927275798555e+00
-1.177281836533503139e+02 1.965932032906249205e+01
4.164918149918589307e+01 7.672833191638694927e+00
-1.270578596755169265e+01 3.959622462576189861e+01
-2.659704798058828246e+01 -4.915862858210457098e+00
-1.321330631066776675e+02 -3.711402164024678996e+01
-6.162200008670897944e+01 -2.197718025188409996e+01
-1.748032117822497469e+02 -9.315495556840499347e+00
5.923310179731458902e+01 -1.375549138501589539e+02
-1.336376199530041333e+02 4.098815641284863176e+01
3.299308319775246900e+01 4.181586058776048986e+01
-7.391081236396568954e+01 -3.735642970997599122e-01
-1.539704909961664328e+02 6.757294299931431603e+00
-2.998924946559004923e+01 2.769578952932289440e+01
1.103576046070647187e+01 -1.009530905593164540e+01
-4.296103137819338258e+01 4.659817596054421251e+00
6.659255425033101972e+01 -1.004443583246266947e+01
-5.936535147439806259e+00 2.129341717964247138e+01
6.043906185416980748e+01 3.282838029160652837e+01
-8.712044646280610039e+01 1.257788996998229258e+01
2.244757389722316177e+01 4.866874483968594234e+00
-1.921406605404899892e+01 6.034969446591523790e-01
-1.365181725148233625e+02 2.863795523914681951e+01
6.518184426123022490e+01 6.544655441841480581e+01
4.040160923191240538e-01 -2.631903247758015496e+01
1.668274828850335609e+02 4.475763409405830728e+00
-5.118053896916058676e+01 1.003036546728546163e+01
-2.021830397905031305e+02 -3.027486307076089345e-01
-8.021270055140867328e+01 -1.903940859956952991e+01
-1.285155956740163674e+02 -6.092556833167267705e+00
4.084712612384404196e+00 5.867672409488797314e+01
1.045532941112046075e+02 3.266308495695566450e+01
6.394835058435515407e+01 6.108802293173812181e+00
-3.774265083288830880e+01 2.577036948156318275e+01
-1.934073118439414714e+02 1.431258153558675872e+01
1.157134915118357554e+02 2.906828747537328539e+01
-2.648107058031667549e+01 8.445288983111243653e+00
-7.965300390955441401e+01 -2.303525877098397601e+01
6.133860679046264863e+00 -3.871784573218051406e+01
7.699821184812491026e+01 -2.012942393992324241e+01
-7.101618772795156076e+01 -1.139981398024571657e+00
-6.297189597639019532e+00 -4.850010844070498450e+01
-2.365816553939657751e+01 -1.551921789718392830e+01
-1.022521328589960348e+02 -3.822313564996193946e+01
-1.142577022092993388e+02 -1.013300044026961721e+01
7.411665857489385445e+00 -4.715267097562482945e+01
-1.166257594657742516e+02 3.745506997088143208e+01
-1.400369232128911676e+02 -2.310990294025502578e+01
1.659002865743135260e+02 -5.933875329857772130e+01
8.383944132904311175e+00 -1.151622639403080939e+01
-2.022553302032399642e+02 -3.835845807034155897e+00
1.309940783097912345e+02 2.191988281108323999e+00
-4.112162232763434844e+01 -1.245634627613371848e+01
1.773774132673901249e+01 -5.622254866550848718e+00
-7.194121939255602172e+01 2.981231004235774762e+01
4.344184868091843121e+00 -5.881265541250728646e+00
1.345468058857018923e+00 2.121782042507154387e+01
-5.485886083338251495e+01 -4.471246755303170772e+01
-5.133412989510637203e+01 1.682206857402471911e+01
-2.647350297658504559e+01 2.619050652174033189e+01
2.712688941247855823e+01 -5.867492164754344941e+01
2.844205231224328756e+01 -2.921154950097351488e+01
-7.017071665559876692e+01 1.322150239255748438e+01
-8.290403299001873449e+01 9.128088056986825904e+00
1.831647489241770543e+01 5.061716665312659558e+01
-1.571964960418570989e+01 1.847098152379848202e+01
-8.867023770899049850e+01 -3.895670796469603658e+01
-2.750750911712726676e+01 4.843648995216899955e+00
6.730703113804344184e+01 3.668687843635804469e-01
1.208913929883958183e+01 6.074824535375788592e+00
-5.144181989416742340e+01 -6.666085454088678830e+01
2.480335437918277819e+01 -1.899964185481265488e+01
-1.347752651974594755e+02 4.751257604687918246e+00
-7.087599619565123987e+01 1.605030533319238017e+01
2.978057078282805037e+01 -6.497469852552721470e+00
-5.617735175231786826e+01 -3.981350417590788737e+01
-1.721242562397654652e+01 1.079503183996361848e+01
2.708769760444367236e+01 -3.063755829970832067e+01
-8.119828551395261229e+01 -5.442403469447008746e+01
-9.014834644175284950e+01 2.724878199538138190e+01
5.162355034200087545e+01 -4.362208208784535302e+00
4.170500906940621633e+01 -1.136217783309660945e+01
-1.537564448707177576e+02 -6.054130245309440328e-01
-7.718504588127993316e+01 1.960935979531561912e+01
7.131979537388933643e+00 -6.829143477798116812e+00
-2.305872636708490475e+01 -3.023312215321740126e+01
-3.811162317644354403e+01 1.334288288579473480e+01
-2.432675213454244911e+01 1.132016123850414857e+01
8.025698072198754573e+01 -2.831724350272227753e+01
8.327837116188463540e+01 -3.588753538926377473e+01
-4.081861110551078298e+01 -1.966660423148732351e+00
7.256605299547139509e+01 -2.861516193801751129e+01
3.976712364254129994e+01 -1.309675421376074134e+01
-1.272837814133153955e+02 -1.393547825972683674e+00
-5.358004639445412209e+01 4.111467290774866967e+01
-1.470791152104610546e+02 -4.452259915976028992e+01
-3.263507983617936503e+01 1.742025008555559040e+01
-7.434595219504677743e+01 3.113177650450791134e+01
3.332719632730979598e+00 -4.820787524601566787e+01
-1.040880066059972791e+02 9.042321807663302735e+00
-1.062228701970128668e+02 -2.275179582539289314e+01
-2.197765241500744438e+01 -2.363661942626741563e+01
1.075781391676075458e+02 1.036401036290748223e+01
-5.912985572249193211e+01 -3.580747716236957956e+01
6.002976400520391564e+01 5.185271892621574352e+01
-4.954083894507370900e+01 4.790364921073874882e+01
-1.023005747903928011e+02 1.409401540664976471e+00
-4.106277817136295027e+01 2.525810956802460439e+01
-6.610502873671296697e+01 3.953640944905834687e+01
1.399650619823101927e+01 -5.565700383133296292e+00
-9.265993538045920630e+00 -3.926539606415376138e+00
6.601508111626584707e+01 1.892300770913856844e+00
-6.884735202896408168e+01 1.022911244887067994e+01
2.788219076260817886e+01 -2.160869105793819855e+01
-5.304044900980372290e+01 2.151926738347765422e+01
-9.879453552668788063e+01 -2.460549449451777093e+01
-6.329302770134008682e+01 1.702511872949329330e+01
1.672268752791689650e+01 4.421184669562778424e+01
-4.937419248219750756e+01 8.493822432647629483e+00
3.987975989928388998e+01 7.345783467467501993e+00
-1.171801978921800895e+02 7.064429057375071430e+00
-9.807478853295595655e+00 -3.671349653592176310e+01
-9.110452981958808039e+01 -1.041372619001142219e+01
-7.521693401616914798e+01 -3.479718717306470666e+01
-1.643038236958354048e+02 -2.150683597408602488e+00
-4.584814425231562751e+01 2.267169040475463859e+01
1.123391285358422635e+02 1.060889791704533280e+01
-7.248836709319411398e+01 -5.213008888012321762e+01
-1.478094528165983945e+02 4.339417308449428390e+01
7.707032189209650141e+01 -1.657443361914604285e+00
5.583703953122197561e+01 4.008294446294230262e+00
2.416644326212323080e+01 -9.008577436480862399e-01
-3.840680066139348270e+01 -1.801009071413589568e+00
-1.223497960467110914e+02 -2.788360892244094913e+01
-4.374862293501083599e+01 -1.084743005642561897e+01
-4.520447533567515563e+01 5.086230975857152892e+00
-4.667511035372134387e+01 -2.569234827326611281e+01
-6.891456878736680380e+01 4.186505366107646608e+01
-1.986364711239581311e+02 -1.667667798683700653e+01
-5.643727584968972621e+01 2.113666125027656051e+01
8.595623832663505937e+00 2.899028849708144051e+01
-5.216251793125866953e+01 2.252759381281574846e+01
-1.619818789122413705e+02 -4.557481287680714921e+00
6.394945444028343218e+01 1.260677277775029737e+01
8.866230122375607436e+01 2.566716904130502996e+01
-8.737442359884687448e+01 3.268193922719691358e+01
-2.747650018248512538e+01 7.101259781091512124e+00
-1.097489182531034260e+02 1.186841591561334042e+01
9.993877676535531407e+01 2.480062609164266263e+01
-4.960689860326007050e+01 1.206442960147549925e+01
-3.792158789152032483e+01 6.029572350404021286e+00
-9.103198700234813145e+01 2.410179672996490652e+01
5.125420026404999163e+01 1.722065962645530490e+01
5.715330428280528707e+01 -9.595816144737192133e+00
-2.932452757178835157e+01 -1.199637963504932081e+01
-7.552730303382627142e+01 6.813436414616383274e+00
-4.047234564916439581e+01 3.169296230248544077e+01
-7.960936708232345893e+01 -5.547831335782909434e+01
-2.774863610548277393e+01 5.778300336480229227e+00
-4.265638429656601005e+01 6.592947726744201375e+00
-2.832290539486952952e+01 3.528982337513873802e+01
-3.615579104325499671e+00 1.272106279054621858e+01
-1.781698653426023498e+02 -4.958447791414807071e+00
-2.812818465272823332e+01 -4.885255311673437717e+01
2.070117257675704892e+01 -3.563788595322222363e+01
8.513066375887307302e+00 -2.558591801722517545e+01
9.194926175957768066e+01 1.164500491725532072e+01
-4.488677103043296768e+01 -3.748443564601538469e+01
-1.710901509294300382e+01 2.487281726685964145e+00
-9.115575563568891937e+01 -4.079539681052810352e+01
-7.779023140801102443e+01 -3.568391615703478692e+01
-1.060026356161322809e+02 -2.890974710909535617e+00
-6.978865559555920584e+00 4.736611031374933667e+00
6.200885806178286686e+01 2.286442911770166475e+01
8.199726628590704536e+01 7.177503499690411104e+01
8.146474932023637905e+01 2.430468778688186759e+01
3.325053588762718171e+00 3.664008578829893281e+01
-3.553575209971696580e+01 -8.417396095895494312e+00
5.052917361129920515e+00 -4.328468693227476294e+00
-9.789988796053437170e+01 -3.068433729068170690e-01
-2.819776801506192498e+01 -1.022985266853109998e+01
4.123711508452038288e+01 2.244282565168557042e+01
-3.463805095868258377e+01 -4.020154212884177269e+01
-1.035095696411290760e+02 2.921074877186627727e+00
6.474602866475325413e+01 -9.076755753545075578e+00
1.116885348905819200e+02 1.245934837437159359e+01
-1.070688676225837455e+01 1.431218334684057680e+01
-8.591763155504067129e+01 1.843690225190344478e-01
1.275682495397466170e+02 -2.479520371440111859e+01
-3.474801261412905973e+01 -9.134120636435216767e+00
-9.636910581444149670e+01 -2.759839629486404533e+01
-3.374628458299385159e+01 3.761494253704073998e+01
-6.303751190207222521e+00 -1.798500285968426482e+01
2.187584654586238742e+01 -1.473778624432281958e+01
-1.316393998771886009e+00 -4.864503510269612008e+01
-6.002278366581571589e+01 1.369148868780337658e+01
-3.634131409056644912e+01 -1.152582571797306699e+01
-4.012783118804372151e+01 1.168945485267368412e+01
-4.946187625726985715e+01 -5.800069750842107297e-01
-9.515043799930168689e+01 -1.489557171128473456e+01
-3.504598906628691424e+01 -3.199807708323163524e+01
-7.295229802069222558e+01 3.643686379180388180e+00
-1.027644975604615070e+02 3.862378343384515489e+01
-1.315881660095788419e+01 -1.984176684755439979e+01
5.430518202909831871e+01 -6.959408628725839208e+01
3.560034142113895350e-01 -2.320210588447319111e+01
-3.500573090485392669e+01 6.200749259397048974e+01
-4.187362936224440801e+01 2.968603430471436866e+01
-1.212137721489013416e+02 -6.022090158637485757e+00
-3.519766357602311047e+01 3.603484219482825779e+01
-1.956556913560083615e+02 2.153213360592384440e+00
-7.231178015923488545e+01 -4.596293231827269565e+00
-1.501779453596705025e+02 6.708606432536946329e+00
-1.929632529858942860e+02 -1.311439726679246576e+01
-3.660567483041636194e+01 3.109930202156004242e+01
-1.752237021032348707e+01 4.257757629392214227e+01
-8.904450974727093637e+01 8.424403625133246587e-01
-1.978752267637915097e+01 -4.128008287451719838e+01
-4.144746846947976593e+01 -7.731159178612164951e+00
-6.282249588535350426e+00 4.055727249478837138e+01
-1.689315598163774723e+02 -6.254000668233462790e+00
-9.369778511608190286e+01 1.003084460359645647e+01
-4.590595714380198444e+01 -3.984146670843964699e+01
-3.751535638398290473e+01 -4.629048631625948218e+01
-8.210662653303985792e+01 -3.038542560189068098e+01
1.892260700085744674e+01 -1.179146864622231128e+01
-3.344525294926090453e+01 -2.379804243395425445e+01
-1.028008758841556158e+02 1.278729311545692049e+01
-9.311735804630519908e+01 3.753783260392476251e+01
6.994073837695887619e+01 2.814759636017287292e+01
-1.448611944281352919e+02 3.011635320821137274e+00
1.845190531071295936e+00 6.424391595606453009e+00
-1.731826130038983820e+02 6.201292854101821739e+00
-9.324140816670569620e+01 2.608473158783425205e+01
-1.461602069109231081e+02 -3.912623676973268516e+01
-1.467066352135825014e+02 -9.679924371796576610e-01
-3.600259570895595829e+01 -2.868960799249910210e+00
-1.362296871968437699e+02 3.904916163230010451e+00
1.445828124968581996e+01 1.873493165811583694e+01
4.448023088849236473e+01 -1.120660610568008231e+01
-9.797128660709212511e+01 1.023859377553611694e+01
-9.394176825456627000e+01 -1.608569292974424414e+01
-1.522692061913259387e+01 -6.214152742320422362e+01
6.528110699731740851e+01 -2.549406464229499392e+01
-2.846622181666960927e+01 1.849160919113629475e+01
-2.134611155404442684e+01 5.113497268945663699e+00
-1.283836472558020319e+02 1.248832524281189738e+00
-9.155317221221346813e+01 7.209824717651254389e+01
-5.292548823057715168e+01 1.706329202504576870e+01
-1.463160596255172266e+02 4.341812043988472425e+01
9.797464887504119702e+00 3.814455196186379737e+01
9.975789428042136819e+01 3.424077150304091077e+01
-7.699180534187215130e+01 4.255622083479042139e+00
4.042172591272077398e+01 8.193332596127843814e+00
-3.543177140352297982e+01 -2.329241664467152262e+01
-9.755404873361326779e+00 -4.477561923169883329e+00
-7.241595366356598618e+01 1.145420654971715457e+01
-1.545627729229479144e+02 3.108553789166613512e+00
-1.590244414372332926e+02 1.054261592213819121e+01
6.575934738678650149e+01 -2.312841991684392440e+01
2.535003467445753245e+01 3.862125516317644269e+01
1.225760043540985755e+01 6.391224460668994567e+01
1.392483503812815115e+02 -1.104877453991707092e+01
9.509079737287896350e+00 -6.836063378705350857e+00
-7.591554231061687119e+01 -3.781116914194701195e+00
-1.027358446965904371e+01 -2.414539438708793639e+01
-1.402341315430727775e+02 3.649128025557298827e+01
-5.050742655199518794e+01 3.455537130937598533e+01
-1.825040122292160447e+02 1.072122214638709714e+01
-3.848976129465454221e+01 -3.772860516197405900e+01
-8.647544637554020142e+01 -2.130917041410341217e-01
3.476380880908004656e+01 2.606184103192809332e+01
-7.944259161133309100e+00 -2.256661958322836625e+01
-4.639893455857039584e+01 2.378474113062882722e+01
-2.119055865067959399e+00 1.537328786309125128e+01
-2.531503276697123894e+01 -4.950952156960100936e+00
-3.447621114974617740e+01 -2.434143701016433425e+01
-2.112565636433286187e+01 -3.685898378730036740e+01
5.839989444568876564e+01 2.392061783605463177e+00
8.830582326037423968e+01 -5.126781272926169919e+01
-1.690797805473991033e+01 -1.411635893211353654e+01
2.186162443536500533e+01 2.929294450344406897e+01
1.622507791660506982e+01 5.318916507909787583e+01
3.635105410826820105e+01 -3.563364419737160915e+01
-6.907411720276117251e+01 3.915274542622400133e+01
-9.125641504936456272e+01 -2.189983656371394716e+01
-7.080653615600402873e+01 -4.877590353683531532e+01
4.136765274439003548e+00 1.571492622507126846e+01
-3.086917563317712165e+01 -3.877887177299555077e+01
-1.022885086606656415e+02 -3.584889032746192861e+00
-5.454065864197433910e+01 -4.273462016847882516e+00
-2.936135523335342157e+01 1.740144628658005388e+01
4.977577635716143334e+01 9.217462393551516087e+00
-1.680864259199529442e+02 1.982005578989693007e+01
2.972850063683056732e+01 -1.341209979764216964e+00
2.079386468555245315e+01 -2.346168066221783643e+00
-7.382864695887457174e+01 -1.097769499675362503e+01
8.257343641238055199e+00 -3.580046839182124074e+01
-2.321054964163957735e+01 -9.978230146727486982e+00
-6.189275865671089605e+01 1.242286677398603167e+01
3.947134525549109441e+01 -2.931916273519667371e+01
-2.563046957040437945e+01 3.014552434431591976e+01
5.218886594697477399e+00 2.308764738449037068e+00
-8.069586215927230910e+00 4.109260517903683052e+01
-1.078734139601710780e+02 -9.024833798535550899e-01
1.326528409711491179e+02 3.653529464536907767e+01
-7.950968945439994684e+01 -5.329931812133046343e+00
-7.758753997583524153e+01 3.125509455441692808e+01
-1.568003550386235361e+02 -6.219781760816052163e+00
-2.998373074462737264e+01 8.358080424353369509e+00
-4.887465086567443961e+01 -5.833006578168164147e+00
6.546277004825948609e+01 1.772709559797799272e+01
3.099443321141218677e-01 -9.235505727826529565e+00
-1.183768237040267621e+02 7.467272720974483136e+00
1.150084796284550350e+02 -3.547331293014449471e+01
-2.012412237907386441e+02 2.441563382523825254e+01
-4.887110459777732530e+01 -7.104569018304507821e+00
-3.785348201041802696e+01 -1.228057239929677991e+01
-8.831076995536098195e+01 1.322620839401827730e+01
-1.800238423848091713e+02 -9.176089200903121690e-02
-1.022772858175192994e+02 -1.864349713505506401e+01
5.508226216538557196e+01 4.137739660799388375e+00
-1.026768557667898563e+02 -3.417262334141617064e+00
1.337128889456721197e+02 1.946125173560392696e+01
-7.989274969517957459e+01 8.254078327558628914e+00
-2.389798836718724573e+01 3.488491581470810843e+00
-1.484823847178261076e+02 2.517009096460928674e+01
-1.639388141992735939e+02 4.042485244150285872e+00
-1.395583760934906650e+02 -2.463557058038222181e+01
7.550671769637692599e+00 2.304799769121341413e+01
-1.261717174482623705e+02 -2.709844120305409554e+00
1.676093473341635729e+02 6.415254461216683524e+01
4.084144212703676402e+01 -4.333350799906929751e+01
1.214665368130878136e+02 2.508681636441048823e+01
-1.736020589883648029e+02 -1.024278308823563322e+01
2.544717062971856691e+01 -5.632899818907493028e+01
1.093892436673723090e+01 2.268018915337539454e+01
2.632065172423309729e+00 -1.296322692588343983e+01
-1.446826911853399054e+02 -5.420640598891150574e+00
-1.353409605452471176e+01 7.479197850858270158e+00
-5.314364209208009981e+01 -2.165253701997826141e+01
2.204840906167947878e+01 -1.638763141266551671e+01
-7.216759036622259593e+00 1.432090752709422077e+01
9.658220418190047951e+01 -2.815107441508311936e+01
6.399310728185209030e+01 -9.701204436195856928e+00
-3.317976235866429136e+01 -3.003407406070300212e+01
6.043804107582457874e+01 -2.234473001352486321e+01
-1.409390034899564910e+02 -4.796341139856763647e+01
-4.423864591001728996e+01 1.442952401986469368e+01
-6.551390250660500669e+01 -1.463855178367100152e+01
-4.511161374498085053e+01 9.046465681240107415e+01
3.369656635928492960e+01 -3.353122735740843297e+01
3.475211893774348226e+01 -2.495150709730823380e+01
-8.235257470953669667e+01 -3.106989416728399078e+01
-7.694382817269669772e+01 -9.622425335811099600e+00
-1.398056733687751603e+02 -2.993070643704909273e+00
-1.451413231559624535e+02 1.812726163933172430e+01
-8.733699438904318413e+01 -5.086412685655744781e+00
-4.322066772313625194e+01 2.341884006690058939e+01
-8.931868316538214003e+01 -1.467129587894094911e+01
-7.132626693881651647e+01 1.160402596485164572e+01
6.347267863040922720e+01 2.618837901163810500e+01
4.336830471163854384e+01 -1.041319942787496444e+01
-1.944055762908365921e+02 -3.715426141399002091e+01
1.235230534513795106e+02 5.985962365981477262e+01
3.038474581483307091e+01 9.527011607238263124e+00
-1.424402050477894761e+02 -1.800101919743372081e+00
3.856215513836571063e+01 -2.776933839027383222e+00
-1.432926015269023310e+02 -1.533841002264100872e+01
3.657098852146481960e+01 1.079464348901992743e+01
-9.452143979089423453e+01 -1.126476789432911652e+01
-1.932621388722257549e+01 -1.268948449086110664e+01
-1.044640863307777465e+02 3.549601439487682342e+01
-1.336396849888866996e+02 -5.298745677491316997e+01
8.373874566122958996e+00 -2.165876130241938924e+01
-6.298215897886356629e+01 -1.225674524834793111e+00
-1.330035450708512599e+02 -2.471916382130747181e+01
-1.113668579562928045e+02 -5.708652984530728780e+00
-8.327446196342313556e+01 1.225586205094107228e+01
1.381729769703592865e+02 -3.481261430295580084e+01
-5.195924319507051337e+01 -1.048840060928853113e+01
-1.602246918872882873e+02 8.920840294550680838e+00
7.394041332358128216e+01 -5.381873036005610089e+01
-9.286567106133686877e+01 6.108916532994797421e+00
9.409165094596359324e+01 -3.607086387985273745e+01
-1.560288193284913234e+02 -4.802914327561441654e-01
-2.988814312623811986e+01 5.315416018841980872e+01
-6.694468397233003998e+01 1.200047483635360290e+00
-1.317028202016619218e+02 -6.387495165847122180e+00
-6.233921138757967384e+01 -6.091867882057741213e+01
2.799448777998789595e+01 2.059786758750960800e+01
-8.785956792860204700e+01 -4.769429147379322664e+00
-7.003114969044559324e+00 1.004889693951078122e+01
-2.109652577812136087e+01 1.509017875197996972e+01
-6.403195006682874180e+01 1.320005867498933938e+01
-5.689443513120772167e+01 -5.955223049933982082e+01
-6.828852885802959349e+01 -2.673028432164866786e+01
-4.651041725275081262e+01 -1.300954075831598686e+02
-8.089859377265398166e+01 2.970874793550047244e+01
-8.931283033093906454e+01 5.165767750415896842e+01
-6.897668191352084932e+01 2.274015493100787566e+01
-3.430535521145539235e+01 -2.742892748293477823e+01
-2.910528638826137993e+01 9.427593349441060866e+00
-1.732615544061317081e+01 -3.130395557212327162e+01
-2.122964901497109480e+01 -2.786919121227008844e+01
-3.837220067050129302e+01 4.525613693984062103e+00
-6.740649514657677344e+01 9.915505368981124334e+00
8.049927621145124590e+01 3.474291628521455522e+01
-9.542471400738573095e+01 -6.560375810693184206e+00
-1.487064581320544505e+02 2.306597947995322428e+01
-9.945056983257113359e+01 4.317522705917019721e+01
-5.832639156699757166e+01 -1.784161917003529751e+01
4.637280847478611889e+01 -2.771326255730834909e+00
-1.767885674379199941e+02 -1.628373169224234829e+01
-1.304030341217322189e+02 1.029966302640588793e+01
9.943198559409275328e-01 -7.934228969802389564e+00
5.074936888721834549e+01 -2.138938787553250975e+01
9.947348936591922097e+01 4.150151538138280216e+01
-8.946840544764305037e+01 -4.457935990732710962e+01
-8.251202436077687707e+01 1.077016107472245388e+01
-8.304009867078498530e+01 -3.255459881649602494e+01
6.691457526592417082e+01 1.048169338479822699e+01
4.074943166062075051e+01 -2.363567903555134109e+01
-4.190584536325567910e+01 -1.232362159848017669e+01
-1.310482494102877524e+02 1.581032336031312191e+01
-1.672957910878528764e+02 1.635112385769910759e+01
1.044618311641406478e+02 1.193710338366446599e+01
-1.012766550271190624e+01 -1.666087517853164002e+01
-6.603863762278966476e+01 -1.001406345429073141e+01
-1.392592021730550584e+02 1.555031895538036402e+01
-1.640202691722783186e+02 -6.894320725340630673e+00
-2.197082790433297106e+01 -4.774115826013309061e+01
-4.861435152045149266e+01 4.851759314337475537e+00
-1.991200699896987203e+02 -1.656227927696642865e+01
-7.678859235530809713e+01 1.094134213668377242e+01
-1.139415582335694239e+02 5.811410003602094143e+00
-7.773455501582793659e+01 -1.036744312154498715e+01
1.175007378322324598e+02 5.049678317647256875e+01
7.299081315996981800e+01 3.524650028773179145e+01
-2.447755910371885335e+01 -3.013876248293246363e+01
4.720631611319016763e+00 -1.389010130665397114e+01
-2.960734742026707167e+01 1.039396687168435918e+01
-1.050015376438039283e+01 -2.419979248650085069e+01
9.652689147438329087e+01 -3.394795402605414836e+01
-5.324815290429060211e-01 -8.718585289230677660e+00
-4.877244083918979101e+01 -1.499616036795284324e-01
-5.464607825367012595e+01 2.999416456975975009e+01
-1.477794019807302845e+02 3.367080867945117717e+01
9.564392382903822920e+01 2.814577546497123350e+01
-2.170056751519014426e+01 3.213431239417779040e+01
-3.436385036849061692e+01 1.523389133918938754e+01
-1.588884659480454218e+02 -8.109525903173109285e+00
4.416277279859807692e+01 9.446018270827813978e+00
-8.129066050621730710e+01 -3.731119601936081409e+01
9.001041992883926923e+01 -3.212958984646071769e+01
3.217383481932471057e+01 -5.757599989567788867e+01
-3.905943453608771421e+01 9.906893841141792834e+00
-3.388967550095218684e+01 5.788586860397855638e+00
2.288519637798214390e+01 -1.032301129605120593e+02
-8.928170119289912066e+01 -1.632260701970295713e+01
-1.451336009008922190e+01 -5.502284333712427866e+01
-8.407171149124252452e+01 -2.222575026549201027e+01
7.375133356351716429e+01 -4.196248661598085761e+01
-1.403562377380568371e+01 7.849931427096895398e+00
1.402470287729556375e+01 1.268616082239126897e+01
-8.420618476713768530e+01 -1.757057406256421217e+01
-1.715177718810449221e+02 -7.342352427045927499e+00
-1.363956614992619798e+01 -6.530108913208879429e+00
-4.233676971736838368e+01 1.242446890115673419e+01
-3.456638530539369469e+01 2.752991926528209987e+01
-2.522619934532103869e+01 2.017992510057931810e+01
1.820717793185233546e+01 5.779687845159493520e+00
-9.847517332272970236e+01 -4.898387177969712347e+00
2.911073426093533811e+01 -5.534526601002202062e-01
3.391926445645099619e+01 5.415414382430915552e+00
-1.753100370147851379e+02 -3.411507634371339748e+01
-1.315655790244130685e+02 1.311719366314806301e+01
-3.029344515154530271e+01 1.400005815551220323e+01
-8.601383980314953703e+01 2.640746808617771535e+01
-6.708862750265438990e+01 5.534275593710992069e+01
-1.998430328549414696e+02 -4.039547360911494245e+00
-3.015623002456039714e+01 -2.446988736185008761e+01
-5.646785918372023616e+01 -1.685259110065084087e+01
-4.780890578121756107e+01 -3.317727989003927291e+01
2.539244141930427290e+01 1.338983738471924312e+01
-1.697119262013279979e+02 3.694744672786031003e+01
-5.689074302128429395e+01 -1.845276224365356654e+00
-1.153762714096857955e+01 -1.454658445506098374e+01
-1.172635862733083485e+02 1.518799775842683353e+01
-2.610899704046098435e+01 1.219585546878314375e+01
-6.686509966476442912e+01 2.965279754821991887e+01
-7.948719088985833992e+01 -7.204694510836559651e+00
-1.358327813067053285e+02 -7.817239010161437740e+00
8.671924419886840951e+01 -7.381159274169166906e+01
6.953726285039905974e+01 -8.948201382408026205e+00
-5.759907000006106337e+00 2.822871960303332983e+00
-1.708554855913949098e+02 -4.208780753216873727e+00
-4.507791430218134821e+01 -1.073946848762069628e+01
-5.968267771307384351e+01 -4.488119638772604958e+01
-9.229411384273817021e+01 3.179921724877877409e+01
-1.826679658161687030e+02 2.827948513255210461e+00
4.189651401055874658e+01 1.387362817215198341e+01
-1.612755091908419445e+02 -9.375007036057382948e+00
1.403273625374780806e+02 -9.097258191865345012e+00
-1.418681659086608988e+02 -3.795188858499054518e+00
1.202894968050328686e+02 -1.823639140347924581e+01
-1.078820133364264393e+02 5.143330256124219346e+00
-6.696483354115964737e+00 1.758764826274438065e+01
-6.087981889081606823e+01 -3.164015348010255124e+01
4.707154935310111199e+01 2.696781526264027207e+01
-3.327884776503312025e+01 -4.200459539920291263e+01
-8.785904448623249152e+01 3.952748600246250987e+01
5.599602348151889686e+01 1.493173953862201664e+01
-7.096618091759957281e+01 3.878554289298045177e+01
-6.075870587649264110e+01 -1.161418257362478101e+01
5.894135247849882298e+00 3.791099827346398143e+01
-3.142892361415716707e+01 -4.592839017026748394e+01
2.731650047381589985e+01 2.368776128524865143e+01
-1.301952077695066201e+01 -3.407742371094067124e+01
4.614088442320910843e+01 1.512069008700689565e+01
-7.322136557994141093e+00 1.582847798250215376e+01
-5.796421079729386605e+01 -7.074944052704792874e+00
1.043416047254046397e+01 4.953552328187744536e+01
-3.822723208316207177e+01 -1.028504809004907017e+01
-1.045132000574595139e+02 -6.149158666674805040e+00
-2.727172278140299255e+01 -9.408972600003853159e+00
-4.556224441094872191e+01 1.740099083288239701e+00
-6.589843414114406528e+01 5.092941423801280365e+01
-6.125304373413002423e+01 -4.033110623729132982e+01
-6.497066505037591355e+01 1.567481429187910003e+01
5.494869233097667660e+01 1.574933999830531839e+01
-8.000612481695296196e+01 4.546583701293699420e+01
-1.050005629664068181e+02 1.614896202336507258e+01
-4.335014497457231641e+01 2.379917901871425912e+01
-6.371373756387266241e+01 1.901036713149109403e+01
-1.531418486139010326e+02 1.474400729448047009e+01
1.093260628723923134e+02 -7.658049052202073881e+00
3.891474456767457291e+00 -3.719209110165763121e+01
-9.759617319705316874e+00 -8.321507294353022388e+00
-5.888158298008043801e+00 4.951503749518031405e+00
-8.248660905698936574e+01 -4.443799061728526567e+01
-7.872905751158661758e+01 -5.441962045438312856e+00
-8.305699495305890423e+01 -1.309694109045108057e+01
4.744276202289024980e+01 3.667761445370150142e+01
-9.932043494168587472e+01 1.531595407804856634e+01
9.163667711176869091e+01 1.111315280557056795e+01
-3.018168864084487168e+01 -1.515950005973157744e+01
-1.895931872272857106e+02 1.757795158991047302e+01
-1.425151743290049353e+02 -9.889988589177551859e+00
-1.988123065001463203e+02 5.950498035387283124e+01
-4.040971799719517321e+01 1.249737542661419631e+01
8.228807647903956024e+01 3.181500140463732151e+01
-1.676443502904918148e+01 -5.196215795163297457e+01
-6.499603726464201259e+01 -6.234559452106740451e+00
-1.051351503892699384e+02 1.639764604089659983e+01
-1.188320470256637584e+01 8.683307704318574682e-01
-7.328937909631018499e+01 2.349623755818718962e+01
-1.347718676284519290e+02 1.042874747426679249e+01
-1.407789829299495352e+02 -3.210590241864331063e+00
-8.165851510359722454e+01 2.393489442048706195e+01
-1.419924011549246927e+02 4.065626677455082216e+01
-9.568229555268668207e+01 -1.800539180037765874e+01
-9.190857656396667608e+01 -9.377485273789543108e-01
-1.720122446208624183e+02 3.250142532538734486e+01
-1.353142216913631728e+02 -3.191437760345442243e+01
8.463724918035283906e+01 1.074674028599460485e+01
3.044959195203099256e+01 5.594764594422874104e-01
-1.407439343136965988e+02 1.756219098462040407e+01
-4.936370393259402967e+00 1.374093086490327131e+01
-1.679303142149032055e+02 -1.507500004316674591e+01
-4.182512991880679465e+01 -1.617567630704695247e+01
3.906080419793067193e+00 -3.217901568684942504e+01
5.099943741134720199e+01 -5.864864108205508586e+01
-1.396664006997592082e+02 -2.014770384169779049e+01
-6.404201505716552845e+01 6.964861060767952949e+01
-1.415572391917932862e+02 2.314952101893599234e+01
-1.593567909044637645e+02 -3.881949569575252923e+01
-1.243811188216958783e+02 -3.097716075870272689e+01
-1.970534126970169950e+02 -1.209950632904693713e+01
-1.146961907840307475e+02 -5.395977107648015192e+00
1.283213831317695792e+02 3.007826008471115586e-01
-3.543809584482279718e+01 2.808947506849964970e+00
-1.039530845059273503e+02 -2.656570681455505234e+00
5.372257848366135846e+01 4.316862950770988050e+01
6.603045163094220626e+00 -2.440055964834339264e+01
-5.356440389269199898e+01 -2.492744008577392378e+01
-4.452317351316892768e+01 -4.458346262749799394e+00
-1.670456691136115523e+02 2.134804488489332286e+01
3.779405147773622531e+01 1.296714754975976724e+01
-2.259729300703932040e+02 1.630894025928708402e+01
-1.486360838229534238e+02 -3.789606733748951939e+01
-9.907998748633848152e+01 -4.782864605971441918e+00
3.742446042709451604e+01 3.017655304499492530e+01
-1.494903117955517189e+02 -8.592382840427521984e+00
-3.706006122003960712e+01 2.669668543346445766e+00
-5.505400785563659127e+01 -1.933113612365237088e+01
-1.080008814931217920e+01 1.149262911956899380e+01
-1.633004415719700262e+02 -2.114888901684854972e+01
1.653216822766411909e+01 -6.101909469916214412e+00
-1.480077411147263433e+02 -1.467662954873349079e+01
-1.091041156620870964e+02 8.992863499404249339e+00
1.620376317181868231e+01 -5.283758121128079921e+01
6.554286411845224336e+01 -9.248724012189658339e+00
-1.009801721546689350e+02 -1.636276809709060487e+01
-4.867480850289708627e+01 4.378160446343223811e+01
-8.052550813808512231e+00 -5.980281197257602877e+00
4.332036606045056004e+01 5.841409967421909322e+00
-1.395718823454538970e+01 -2.925067973480272698e+01
7.187631132659952016e+01 -5.578342894839803279e+01
5.732444073860571621e+01 2.719825989141141065e+01
3.159307668361335431e+01 3.804644075392336333e+01
-6.335185214108957297e+00 1.932121532807016351e+01
-1.314394381758778536e+02 1.190080453866537447e+01
-6.062792667327109086e+01 7.362046718290744529e+00
-1.033975694588289969e+02 -2.090833832953054028e+01
-8.888859476085781353e+01 2.321710432324667650e+01
-1.046616555322852236e+02 -5.054282392271676372e+01
-2.583005555675599751e+01 5.737319697726890766e+00
-1.688823639326689658e+02 2.012901924978027335e+00
-1.103898158723318232e+02 3.268756074067110973e+01
-8.334510428240888302e+01 2.840075347716427601e+01
-6.564159258643435635e+01 1.138477582987701453e+01
2.182033926516972855e+01 -7.320125574522752743e+01
-1.468891840655577852e+01 -1.870420493305371323e+01
1.018441054771346899e+02 2.286630766991422803e+01
-2.393905983118437319e+01 7.224998447012672687e-01
2.308839865247758638e+01 -2.108228079978815472e+01
1.373568145058239098e+00 -3.230123196348610115e+00
-1.633790730931191888e+02 3.692792183930415639e-01
-7.679415059766954244e+01 -1.884858985385415053e+01
-1.018284756724485618e+02 3.873489471263374639e+01
-7.503617827848356292e+00 -4.966330116730354183e-01
-1.235672906981441059e+02 2.972531109649858294e+01
-1.830914563335976464e+00 -2.362668447347858702e+01
-1.529258240188113973e+02 7.060477974668041057e+00
-6.068737593886098125e+01 -5.349031288945683826e+01
6.657347533525980054e+01 -1.795699727556665959e+00
-5.928244929623895132e+01 1.681771495594832899e+01
-2.829837769223146182e+01 2.083209819561726661e+01
-8.697728229611684014e+00 3.496628475648046219e+01
-4.562336423930070772e+00 6.062898962489832400e+01
-1.782431234643050288e+02 -9.237434613464656774e-01
7.528940805374836032e+01 -9.310833645776799727e+00
-7.837412219444980899e+00 -8.754941208004543896e+00
-7.591236357778034005e+01 5.221039529338013807e+01
-2.777442329331562121e+01 -1.280353787884469519e+01
-1.509474589460411380e+02 -1.519179756949523252e+01
4.719354360554311789e+00 -2.931972319289129381e+00
-2.216794475049809776e+01 -4.624558712901669821e+01
-4.206887347973974300e+01 -3.565989458320684236e+01
-5.009398218827170979e+01 -1.864105968279419656e+01
-5.737940096643456656e+01 1.744029209121942259e+01
2.470431057841716793e+01 -1.955126858876652385e+00
-7.074923585240019008e+01 3.552283725916883128e+01
-3.804906025187204932e+01 2.784637040121738494e+01
1.151840479782344460e+02 9.472287373655730036e+00
-9.443418259585811825e+01 3.158121291837153422e+01
-6.396355615465630962e+01 -3.117786424212144780e+01
-5.388379902778641650e+01 -9.354369284807862073e+01
-3.795569659781525385e+00 -4.216978156300714886e+01
3.717092783579938953e+01 7.554300639595714628e+00
-9.969065729077846072e+01 1.908049865929656264e+01
8.716328336728970783e+01 2.247269652854427946e+01
-4.316169746980368593e+00 -4.926352140691462722e+01
-8.514043706942599954e+01 3.367303530875053408e+00
-1.152894887707126514e+02 1.702846713349498486e+01
-1.162549199317946744e+02 -1.537362812675854329e+01
-9.686983914874645052e+01 1.480247717963247034e+01
-2.739783485976355237e+01 -2.512154770281637184e+01
-3.494026019455820919e-01 -3.473983060427063840e-01
-1.649728549816043142e+02 1.710312024659635810e+01
-1.745646558269066020e+02 1.235934374458758001e+01
1.001959011290204948e+01 3.784516288732169831e-01
-8.927360173011939537e+01 -6.868404328683058679e+01
5.009525898096158869e+01 4.188832953437872675e+01
-3.154830113908694145e+01 -8.998218804330573306e+00
-5.276815854007303130e+01 -1.897845804692397564e+01
3.885212661924213506e+01 2.760957482563163268e+01
-1.328793065327838860e+02 -1.153988979352026156e+01
-8.689443029262861273e+01 -4.936115795878139068e+01
-7.797188606813244860e+01 -3.688079428396125792e+01
5.664792209091155684e+01 2.747758017685774590e+01
3.163756536366105365e+01 -5.742711022997048786e+01
4.231049902878616820e+01 -1.178874310832674333e+01
-1.585892943159127242e+02 2.118718916032640287e-01
-1.439168308819542972e+02 3.338594806076389432e+01
-2.257402180096749333e+01 -2.463087176364953024e+01
-1.275774840462793094e+02 2.235471405355346608e+00
-4.179883306825362155e+01 -1.686605351936860941e+01
-6.327036021013898903e+01 6.440351518879551262e-01
-5.292804727893422267e+01 -3.079957953408914761e+01
-1.821697747885936849e+02 -7.506985258984559373e+00
4.494792120923570167e+01 -3.337343748108827501e+00
-2.907538162376238944e+01 -4.834246681037799931e+01
-3.110524767744853492e+01 4.076938498951156475e+01
-2.006610958704845515e+01 2.422984296556544237e+00
-6.630816334963816416e+01 -4.888126126661396853e+01
2.981745624348186041e+01 2.250390700452541282e+01
-5.997121141968293756e+01 2.008036464369889629e+01
-1.568970175493795978e+02 3.868666948867787880e+01
-5.331982328912730651e+01 2.515641421542604306e+01
-1.234870426119233571e+02 -3.875925566844626502e+01
-1.999474327393385309e+01 -8.000121866494879441e+00
-5.198941565418110144e+01 1.895142166119965665e+01
-8.059106459239087883e+01 -1.719009202006581205e+01
-7.318763889522284671e+01 -2.070343608320650475e+01
-6.603447556354275605e+01 -2.812744630313560590e-01
2.058045207879211347e+01 -7.018803426086813957e+00
-2.761692706194694313e+00 1.493116522242823230e+01
1.126284308506451559e+01 1.783544529072520746e+01
-1.906729924802553455e+02 1.891415776767268753e+01
-1.445322947894655101e+02 1.195257394130558204e+01
2.842669530691210156e+01 5.403001752637044852e+00
2.815227036742359346e+01 1.256589151681540883e+01
-1.110212773411519152e+02 -4.486648137307650330e+01
-4.537188874431753760e+01 5.671426417950414844e+01
-7.492130203503577945e+01 2.392266294173741059e+01
-2.261889113900260995e+01 4.922442002366884140e+01
2.376428723318066094e+00 -4.373451983753590611e+01
1.986314530161329373e+01 -4.273442092490409294e+01
5.768608053877888153e+01 1.978743489704880076e+01
-1.076631795324059837e+01 1.386307954691677935e+01
-1.070279525776395104e+02 3.327060749189855215e+01
-5.584627214918210569e+01 1.434396970184801390e+01
-1.184672616653733570e+02 2.736079965821858195e+01
-3.267473080662857399e+01 -4.711782311801345458e+01
-1.962806949570734218e+02 -1.895535217262515504e+00
-5.528268315858814219e+01 2.250896181727345535e+01
4.725885996368308639e+00 -2.681091405645131331e+01
3.361583680826443299e+01 -1.594956676552701857e+01
-9.365930680805024622e+01 -2.927114736415122564e+01
-1.637819547119922561e+02 -1.533053152351887860e+01
-1.319436928244969351e+02 -2.400149022243712338e+01
-1.888542932108492209e+02 -7.025101646262285726e+01
-1.013704281837004402e+02 9.316291813608119199e+00
1.672790427811835912e+01 -2.202491309868502256e+01
-1.517678350639046414e+02 -1.202446894082603635e+01
-1.136453606757484067e+02 -5.705836084270894837e+00
-6.272227499127129136e+01 1.974136949165444221e+01
9.465198764734674342e+01 7.301939656838579040e+00
-1.270993934480208907e+02 -4.458406072774339179e+01
-1.137037423954939612e+02 3.590056522311028431e+01
-6.608409306131983385e+01 -3.142670680192758681e+01
1.634880407249539402e+01 1.992341632196828982e+01
-5.267947995802283145e+01 -1.842724460045633395e+00
-4.962834562299372720e+01 -1.409161881711088427e+01
-7.574750701359910465e+01 -3.052323976111224724e+01
-8.501266099372536189e+01 6.005463738313974886e+01
3.778859602084415847e+00 4.034471496012027103e+01
-1.603720762090801486e+02 -5.348826475072158360e+01
-1.587003062600938676e+02 6.561506202341757188e+00
7.382916841790552098e+01 4.993993082877135059e+00
9.489967985506031312e+01 2.100440148459892242e+01
-7.876267128020316477e+01 4.052345966263784049e+01
-1.490828840827446697e+02 -3.692409769313033507e+01
-4.956203717618401328e+01 -5.076907461065329308e+00
-1.443894604398137176e+02 -2.106344668191309211e+01
2.781178100335014136e+01 1.773207826135802279e+01
-3.973495412733637977e+01 1.310147687505626557e+01
-1.883915147238810706e+00 -3.678489315858822550e+01
5.313759542056143204e+01 -6.256413754817232942e+00
-1.934531944292793071e+02 2.360185763589147889e+00
-8.021811722184320104e+01 -3.790713963527890140e+00
1.323007565828119994e+02 -5.608192453208142325e+01
9.628034186004155615e+00 -1.267964644995595869e+01
-3.596713518377928409e+01 -2.254110456188027101e+01
-1.053336232315241858e+02 -3.677682465353795038e+01
8.891430020642060583e+01 7.618308211093921756e+00
-7.816035406380285622e+01 -8.705774632733190188e+00
-8.679077903556412821e+01 -3.831297824913892924e+01
1.405075757822242224e+02 -1.845588781373069409e+01
7.429507058081382453e+00 2.771172358755649157e+01
-2.680928963297516887e+01 9.403265913125615327e+00
-1.750747227124643501e+01 2.008360333682142063e+00
-1.103973160407509724e+01 1.473112777307417076e+01
-4.406887619639758213e+01 2.350660034594998749e+01
-6.417921261792028531e+01 2.862157309230679125e+00
-2.839465320801258841e+01 2.200933907773267961e+01
-8.965321022548030783e+01 -2.722661664839765461e+00
1.917272748824322193e+01 3.884801647362284172e+01
-8.958259524341444546e+01 -1.969162950623867658e+01
-3.406435204979751319e+01 2.788675774935046547e+01
6.298319533648421675e+00 -2.772234109104486777e+01
-4.155548080478102690e+01 8.405435097585272075e+00
-1.402467686867546490e+02 3.159279524638337477e+01
-2.259386006898431987e+01 5.495409680723869172e+01
-6.172121121460389048e+01 1.746652112552058966e+01
1.236814503128219229e+02 7.997905433084778082e+00
-1.512410803307349738e+02 -2.113736232900781431e+01
7.076876827870103170e+01 -9.620636129833458838e+00
-4.616703608684245097e+01 6.382478852679207115e+00
-3.711155369149288674e+01 6.941535607767447269e-01
1.867794313653461558e+01 5.788226190651128888e+01
-1.259448890553169775e+02 -2.185808017451419971e+01
-4.073104288806057838e+01 -1.774589258633549349e+01
-9.498163875581572313e+01 -7.161480132196335724e+00
-1.780353175362562368e+01 1.635197410466576073e+01
-1.231233110594486249e+02 1.683920949995452609e+00
-1.086487146790097142e+02 3.260724663513885702e+01
-8.949566056692583516e+01 -2.566892904284149779e+01
-4.571946509041805484e+01 8.239013923199419054e+00
8.103371873189163921e+01 5.904249634584969186e+01
7.223771723503789133e+01 -3.055817881994255458e+01
-1.179623659156116133e+02 1.660615126054985780e+01
-1.507643701776756586e+02 -3.978337143421874345e+01
6.813612570357846288e+00 1.146683929440749594e+01
-6.879360935443767744e+01 -9.477184132992503507e+00
-1.552015002843578806e+01 -3.417367355376703131e+01
-6.078215820026970562e+01 -3.018745856879717948e+01
-9.186833111261465490e+01 1.877772433511113448e+01
-9.408677397170885115e+01 2.760683480192723849e+01
-1.080430569607077196e+01 -6.724685478006050765e+00
-3.887400746151354980e+01 4.464195817107932562e+00
-1.122029381948393620e+02 -4.026907977652586368e+01
-1.291381871584288774e+02 -3.140746841902967645e+01
-1.888326067638149297e+01 -2.321310514492458310e+01
-8.750628645294158048e+01 2.550127713079639591e+01
-5.644056272467929602e+01 -1.892623934319581736e+01
5.882410710045719071e+01 -3.126263244339881808e+01
-7.244845668353990220e+01 3.350876275805722315e+01
1.001676752521248659e+02 5.667171412895457561e-01
-1.164424688268951940e+02 2.477676656024522117e+01
-8.043174626624276513e+00 -1.084286816795864361e+01
-1.066761733082339987e+02 -5.872812448315465339e+00
4.510497861118894036e+01 1.242972924779393118e+01
-1.570312926191842564e+02 -8.468131500256234290e+00
-6.440739022909245648e+01 2.358583812999330576e+01
-1.587581333126372272e+02 6.784250480190840094e+00
-1.193453079828399694e+02 -2.654064501822482924e+01
1.277763317564540699e+02 -2.201278288292915875e+01
-9.330700447081703430e+01 5.233169718435554785e+01
-4.249179910759244194e+01 2.576455281147210741e+01
-9.192749008046112635e+01 -5.574844772603535858e+01
-7.247323068262392098e+01 2.895248620234164250e+01
-5.120427503320757978e+01 7.057051656974032028e+00
6.162340433903126780e+01 -7.167682034778182221e+00
-1.559822834890398724e+02 2.028182349883234181e+01
-1.555356742641847312e+01 -4.969894408418466725e+01
2.316294849483450591e+01 -1.162451233719874821e+01
-1.587487918885398130e+02 -4.874290995708155272e+00
1.181611986966936101e+01 2.091315754772095303e+01
-6.768503103262777643e+01 -9.608446779749886701e+00
-1.686387598147710420e+01 -1.621291661697116737e+01
-2.758985553157297765e+00 3.743792758002295784e+01
2.398348205211540218e+01 -9.198107416595744823e+00
-8.259864539406426331e+01 -3.564347065044908902e+01
4.726575712583902344e+01 2.244625504444691089e+01
-1.523041024131455679e+01 3.972123274813449711e+01
-4.005500215046073720e+01 1.096183882067829529e+01
-3.324281249734525545e+01 -1.689504103527199597e+00
3.908728884503116063e+01 -5.827614179480239898e+01
-4.569565425804476178e+01 1.991410096688667197e-01
-1.074993101392555133e+02 1.164367969770482425e+01
-4.591257662935975503e+01 -3.632506381519845728e+00
-4.323996645244336179e+01 6.138987191498797458e+00
1.318838541896130039e+02 -6.058919561452756675e+00
-4.590348784249577818e+01 2.049076818629646723e+01
-7.075058250689600925e+01 3.539903121789254214e+01
-3.244634379763595433e+01 2.932460822291196934e+01
4.946781719105241848e+01 7.263696679805221379e+00
-1.087498489222252402e+02 -1.179020856770880421e+01
-1.048900481295657556e+02 -5.208651807388161359e+01
1.311153096569520642e+02 1.669708189610714655e+01
3.444623871197427967e+00 -1.513161402858035665e+01
-1.098110539813868058e+02 1.030392522971204805e+01
4.880501140752171807e+01 2.382548515327094307e+01
-1.172100645752366574e+02 -1.089263253240599383e+01
-1.556882143848240787e+02 5.361394391724013531e+01
-9.154336920024864810e+01 1.847087090471556792e+01
-6.190251764092624143e+01 -1.243040040183831252e+01
1.689436111263769291e+01 5.584476981760894354e+00
-2.443017372682302835e+01 -6.290856953660316719e+00
7.001384774490595930e+01 4.713048657983868139e+01
-5.666059182556224982e+01 2.130867523013824982e+00
-1.199807923953506759e+02 4.190275719210313499e-01
4.377892937282029884e+00 6.269137109199075297e+01
-8.877346627444831029e+01 1.230697776687773271e+01
-9.048365367300003470e+01 3.150834997183027397e+01
-4.473625856368962417e+01 8.818471571744215254e+00
-3.047496225656435342e+01 1.895718952899722254e+01
-1.014919962538488960e+02 8.172620901160611240e+00
-4.038896566813765077e+01 4.608480899676206377e+01
-8.797059889768368635e+01 -7.367887126814524734e+00
-6.655759236069857820e+01 1.248558966318386787e+01
-4.508036946453906779e+01 -1.878000393638436094e+01
-4.737052112254148994e+01 9.143329876827565039e-01
1.294520804637624067e+01 5.342912600727838424e+01
1.004126488531142947e+01 2.547115861526976488e+01
-2.821558925001193074e+01 6.227608513452365457e+01
-3.147595469745048291e+01 2.713430359493225197e+01
1.591189812962279149e+01 1.017855590710950686e+01
-8.232203802328319853e+01 1.741865453423699961e+01
-1.734261103229936225e+02 3.945148698262175913e+01
-8.052813685074015382e+01 -2.888250985112772895e+01
-5.207451406896226587e+01 2.933213829308093423e+01
-9.139554295182857402e+01 4.186832643516741825e+01
-5.684461308395456314e+01 1.354077797213039069e+01
-1.114732473296550275e+01 6.362282712790743311e+00
-4.121699040732018915e+01 -2.701522556470698078e+01
4.696480466662087139e+01 -1.092225561677838686e+00
-8.526949750108926196e+01 8.669813851207999633e+00
-7.336571884496264850e+00 5.911752101076313437e+01
-2.214978968120623293e+01 1.516300500247256444e+01
-1.068369723564712217e+02 -2.088212277840725406e+01
9.490738364084197798e+00 1.881577890843077228e+01
2.575852065643928768e+01 -7.487878876923902283e+01
3.823955573383764772e+01 3.248456360787613573e+00
-1.147546339396846378e+02 -1.624759731580265765e+01
-1.559160774285106470e+02 8.748539845247364610e+00
-6.422149211077392295e+01 -1.884047521341124920e+01
-4.156194279911413503e+01 8.111927065045612117e-01
6.232638181907248054e+01 -3.056025488171252391e+01
7.743283164159237231e+01 3.428490832871302185e+00
-4.993002638614564148e+01 2.272028021492102923e+01
-6.492577971101967194e+01 5.800735059477641187e+01
-7.903434463676514099e+01 1.002391945715645249e+01
4.974704272000374239e+00 -1.475269226402897260e+01
-9.294908715147215617e+01 1.582389598822918408e+01
5.766396810827339436e+01 4.029359087401801709e+00
-1.187387372681699276e+02 1.152865679528664344e+01
-2.859495121750921953e+01 5.514663415158832294e+01
-8.619603077142387804e+01 1.689624882239407455e+01
-1.222353309593756734e+02 -6.975320536238952229e+01
-5.999729350033232578e+01 2.329359329996612615e+01
-1.136650438985467986e+02 -1.090960590869034341e+01
-3.419110868661530844e+01 -4.547535828694863891e-02
-1.527570886277439115e+02 -1.851071905277300189e+01
4.503321771381653349e+01 -1.800597592851553586e+01
-1.647466116032975663e+02 1.143510593315234480e+01
4.752483429734612486e+01 3.680979194254985032e+01
-7.292978567020780645e+01 1.945539733019556294e+01
-5.502905608106521385e+01 -6.238207348502410987e+00
-1.457390553766693699e+02 1.111793990649423414e+00
7.752135039591131260e+00 2.988707526396106484e+00
-1.140379714360411469e+02 -4.189610331896609097e+01
-1.383562282377288355e+01 -4.917101232412285583e+00
-1.665532706761448196e+02 -2.220346984840199056e+01
7.050784514825332394e+01 2.279739604462499791e+00
-7.422627088594862244e+01 -3.402272455524595074e+01
-8.967803949219350557e+01 -8.920262128942942681e+00
5.229120295009379049e+01 1.945975087076968890e+01
-1.236716087461905573e+02 -1.669319276922418993e+01
-3.216536459449724106e+01 -3.052774062800495258e+01
3.313238059274239333e+01 -7.054869128150818014e+00
-1.645978588993072265e+02 -5.544201087138232253e+01
-4.887399719039999724e+01 1.823937571764332688e+01
-5.142244997986670541e+01 5.462501944538944088e+01
-5.312689128653858006e+01 6.301695775846888381e+01
-3.009762486566603457e+01 -7.332003698063642716e+00
-7.054227660392666621e+01 4.063439849091000156e+01
-8.252046747637610480e+00 -1.890159744081036308e+01
-5.070952592301993178e+01 -1.259047372772639228e+01
-3.646036224506596568e+01 -2.278885452189004823e+01
-1.188056943864875876e+02 -1.221818798831337283e+01
-1.335090911128524738e+02 2.571678445829729043e+01
-7.604956729741824972e+01 -1.080030683752163334e+01
-7.309972040648214886e+01 7.873575090401827126e+00
-1.686526802780790320e+02 -1.952109382267583371e+01
4.174422333393864193e+01 -3.958760544787113389e+01
4.132590759667753844e+01 -2.890425911346283883e+01
-2.895224298497732995e+00 -3.820986966833957865e+01
1.005354467721991796e+02 9.664544118325165689e-01
-7.938186224838446492e+01 -2.330703149276452990e+01
-1.406473831093593674e+01 1.954777091152963209e+01
1.789127682393588215e+00 5.392286198732310964e+00
9.023169660698076200e+01 3.875030928364888183e+01
-1.349053048995475557e+01 -1.323335323578465150e+01
-1.044500826390333827e+02 -3.938349044452633763e+01
-2.317181765893937779e+02 -2.208975662956483177e+01
-3.217849819963878133e+01 6.880156658492654742e+01
-1.240735848849306251e+02 -1.114613600764211299e+01
-6.635039063127376835e+01 3.589969392381213709e+01
-1.022772958609943714e+02 6.090076125531319917e+01
-8.625651551108740023e+01 -9.759389434487431458e+00
