9.662216656832958961e+01 -4.772877743741321410e+01
1.309675200903686765e+01 -1.982907812600968045e+00
-5.599975356888191413e+01 -3.894543036723428742e+01
7.015098075925843091e+01 -4.731994008826952980e-01
5.884149768754677723e+01 -1.062293141888299486e+00
-5.653367197737412653e+01 -1.253948152328424825e+01
-2.913998408617259983e+01 3.636944017795497075e+01
-1.295826480732964683e+02 -1.039902838467070723e+01
-2.834052967162899961e+01 3.537330981181928280e+01
3.969936026157748898e+01 1.772224334424335357e+00
1.944437337795273777e+02 -1.217563215401445476e+01
1.791323093406603562e+01 -7.953548336664462148e-01
9.845859121548021164e+01 5.879347627255840258e+00
4.957442156960593849e+01 8.102887388699139493e+00
6.952009572813101101e+01 2.238266068743363135e+01
-8.340194401782953548e+01 2.595197858850343309e+01
-1.260077664704781455e+02 7.062272978450242711e+00
-1.796392062646883403e+02 -1.354621302045524445e+01
-7.916655452238674506e+00 1.757300380614265123e+01
9.537790509936910155e+01 1.773935669256604797e+01
-6.418712354540234344e+01 7.469283443854495275e+00
1.343512802885867075e+02 1.021921076705169240e-01
1.741440248122994490e+02 -1.891902865844408588e+00
-1.731882618335804978e+02 -5.634383486221605786e+00
9.862329074726366684e+01 1.589829784255422851e+01
-8.581936312483708207e+01 -1.306392983983554856e+00
2.281421800448209183e+02 -1.287364387443031966e+01
1.783939858688606250e+02 4.859828513012730866e+01
-9.733061464174977573e+01 3.639760885681266434e+00
4.146354853536759322e+01 -5.708465452922209415e+00
6.196143585835123702e+01 -5.675019444349149467e+01
-1.425853370155467132e+02 1.783760855283663105e+01
1.388552107820431161e+02 -5.281335170270831547e+00
1.567095038441278518e+02 1.955039328664672027e+01
1.580090038822571330e+02 3.176949013557315382e+01
1.577271051363765082e+02 -7.695530454426656064e+00
3.054244196143324785e+01 2.955413447491217127e+01
1.368691055190633392e+02 2.381919952740134150e+01
5.799924811632146060e+01 1.768736513493297480e+01
6.791505835891750564e+01 2.853866970477578313e+00
2.032944019378802238e+02 -2.114399016383610785e+01
8.279168205505185085e+01 -2.640118936236663494e+00
-1.338769825971608043e+02 -3.164404124305250221e+01
2.038912478193479103e+02 4.380558934813564953e+00
4.520421416272961324e+01 -2.261789802331938493e+00
2.372884839932509315e+00 7.772669976689330795e+00
1.872770754161326749e+02 1.361488915091381635e+01
8.772132214921924742e+01 1.259677250103039370e+01
-1.848857376893405657e+01 -1.610643061590671365e+01
-5.223018641847863108e+01 -5.070539591044055605e+00
1.130666354298100202e+02 -2.521132932763314738e-01
1.133881677659172311e+02 3.290823841629722324e+01
-4.202252554202376089e+00 2.511351047473405274e+01
9.468881440291944784e+01 -8.152993306712927435e+00
3.093690799508239309e+01 -9.459846617888500120e+00
5.860237075725244438e+01 -3.032271202590259307e+01
1.111236250224917228e+02 2.124366915230485020e+01
5.964080781060378911e+01 5.531132857162212701e+01
2.033771701422852018e+01 1.320785929681336590e+01
2.214063878705653465e+01 5.285634136233857028e+00
1.425315061622408450e+02 1.738448748076609007e+01
5.593824187922514568e+01 -9.203798617724228848e+01
4.364192318406168170e+01 6.642958724131873716e+00
1.831041295880654900e+02 -1.415997187227679754e+00
-9.074318707668433603e+01 -9.385674777909752464e+00
1.175405003802225110e+02 1.741477565726877685e+01
1.381171376915359588e+02 2.295635162850248534e+01
3.957564665032239581e+00 2.279306285220037509e+01
7.095464960861276893e+01 3.056034698203368905e+01
3.767622169405555610e+01 3.335777692682186313e+01
-6.487878967580573430e+01 1.310970114974491896e+00
-1.619490922268425948e+01 2.898883329692667132e+01
9.649125274294046051e+01 5.065119967174831572e+01
7.467936052671934988e+01 -2.310551332261226776e+01
7.253880675263782507e+01 2.651145102627382144e+01
7.558628242204834180e+01 -2.177283353108805031e+01
1.103493740149829847e+02 -2.736548842310055019e+00
1.381193189534730834e+02 8.953382785472934202e+00
1.657207392093648366e+02 1.456117352469408388e+01
1.327413172756109248e+02 2.063034766951350463e+01
-3.489584594661162242e+01 2.738433985956497452e+01
5.054993325379855662e+01 3.104503347346145503e+01
1.194911078547048078e+02 -5.940592169576309978e+00
-1.032862272202287812e+02 -1.828901827610921771e+01
4.953205280349818906e+01 1.573798675258588808e+01
9.720110384161678496e+00 2.692114070638259804e+01
3.629805090037338289e+01 -6.244213156352032712e+01
8.055905316937227667e+00 -5.977294017844050344e+00
7.143265035698955323e+00 -3.952104689442217023e+01
1.524890408459558273e+02 6.013377830418852099e+00
-9.259682408266771247e+00 1.233963150807552189e+01
1.004133608123589596e+02 4.128056499163732695e+01
-1.747867604268450066e+02 -4.919618065967822673e+01
3.121628431850362873e+00 -9.526980838961474518e+00
-5.541265799679808168e+01 3.096567971329083591e+01
1.383586012635014129e+02 3.262715713748790591e+01
5.527188797977582624e+01 1.007949935930587237e+01
-8.868343192769067684e+00 -1.236047942988396597e+00
-2.432316633162979969e+00 6.952099783190256233e+01
7.928127038647684088e+00 -9.400597818688231300e+00
6.772626807993447073e+01 7.605338749174554991e-01
1.603420532873781781e+02 -4.239153008961567437e+00
3.610517252531501242e+01 -1.946167881771687291e+01
2.683019844133064069e+01 1.618156421929735345e+01
1.077840882465911960e+02 -5.101346940989641610e+01
5.332914980597692534e+01 -1.732776744881162756e+01
-6.110533506217122834e+01 -1.472879725020665198e+01
2.441267603527004582e+01 2.061560619470943223e+01
5.877483775857039916e+01 -4.121343016255260494e+01
-2.136503433267078833e+01 -8.040678194352416597e+00
6.174162898674839539e+01 8.135690728643947267e+00
-1.441021905527206286e+02 -7.177134965204341022e+00
1.446717595139321020e+02 8.990275663487590663e+00
8.096972934555135737e+01 2.060615653172887463e+01
-1.231154120112942962e+02 -7.278410842325107488e+00
-4.506764874778733798e+01 1.098841859057706039e+01
1.159446982517434463e+02 -3.815121940200034345e+01
-3.951927183678165534e+01 -1.197492688949323814e+01
-1.508221091145704804e+02 1.432702189014815097e+01
1.366719423014611436e+02 9.697825745904125938e+00
4.377535645850319668e+01 2.320467220835372435e-01
-4.762377685197544253e+01 -5.661558655324402167e+00
7.396540512953279745e+01 -3.119859705779183034e+00
2.228993324324479630e+01 -1.225520572439405598e+01
5.312397524333192678e+01 -3.757405314187475476e+00
1.781144330832538003e+01 -2.158728284882760917e+01
1.777459440452536796e+02 -4.167222015520450640e+01
-8.080475336550774657e+00 -1.023582933846434173e+01
8.021167362297914849e+01 6.488869294780604946e+01
4.244348153929210099e+01 -5.494405661744631297e-01
-1.330340991411547336e+01 -1.606319399717480678e+01
1.333396821605688558e+02 1.426656914393393150e+00
-6.356782282772052639e+01 4.403530582175245200e+01
1.137106857303090379e+02 3.294871552016036986e+01
1.588541823447273487e+02 -3.723365361008669439e+00
1.441237618547983246e+01 8.917575497622559411e+00
9.827986015346588999e+01 5.982253834417030625e+00
-4.619065502448808047e+01 -4.206593649391421330e+00
1.172746129260501675e+02 3.864909244734801241e+00
1.172948889960648700e+01 -2.327648331003989490e+00
1.155711262327888988e+02 3.292054684127501218e+01
-2.945374433918206591e+01 2.512781563784944794e+01
-1.749029714167259897e+01 -6.215672833919780871e+00
1.656516231553017349e+02 -2.238532026747233772e+01
4.569245484761794529e+01 2.560290291986686384e+01
-1.334645663232978734e+02 -1.097711604875334679e+01
-1.612202849062003338e+02 1.911989647083232668e+01
5.304308042706449555e+01 -1.310150571489754512e+01
1.572889940435459799e+01 -1.608489368820177390e+01
1.246719334869296745e+02 3.685930168112088978e+01
7.626663982484643611e+00 2.177498041752312830e+01
-7.013447757357797130e+00 -4.777179269618165591e+01
9.634345582788330375e+01 -8.179263837144068461e+00
8.003233315468020237e+01 -3.273814481166495316e+00
3.079748461515411151e+01 1.158340027836294084e+01
1.060769565974641040e+02 -3.563403907433962559e+01
5.681909977560614777e+00 3.206205592548958982e+00
1.615637640299335374e+02 -1.786707298398490806e+01
1.760407216470538003e+02 -9.744325376906990854e+00
5.777895781681716159e+01 -5.909447214786987423e+00
2.469558761209941622e+02 5.280463935043624990e-02
-9.661356903786034067e+00 3.949299040345633838e+00
-2.881032026755841358e+00 -5.532488419810849933e+00
1.350740956146451879e+02 1.709631437380563668e+01
9.453957662308714305e+01 -1.133326787852640116e+01
5.444876251174468962e+01 1.357961654186567912e+01
-1.933447606790747670e+02 -3.581675072270387261e+01
3.361773720422136957e+00 -1.393714068184379862e+01
-1.545211208902793487e+02 -5.329826180182486439e-01
7.838187695085919415e+01 -2.234518762191452179e+00
2.150123595301374024e+01 -4.854439126904082968e+00
-7.825081170974014810e+01 -1.052098483448095401e+01
1.537072117020099427e+02 -1.700677892223986021e+01
8.803472633246007817e+00 3.670865799790439699e+00
1.150389981867925115e+02 -1.880004892913898473e+01
-6.412283677820829553e+01 3.077269101456362677e+01
4.245642044306677576e+01 3.731190770605637752e+00
1.143561573166391128e+02 3.625681118120893132e+01
1.242983408846117896e+02 -2.596399591756727077e+01
1.057044085770965864e+02 -3.547560773642448151e+00
2.589159971036709251e+01 8.192762528044336134e-01
2.212878397127358596e+02 -5.764460153692468225e+00
6.334986096842175129e+01 -4.413027011086816032e+01
8.550102776049072872e+01 7.768037677055700030e+00
5.934324013923909291e+01 -4.466430623906767927e+00
5.043510960662870701e+01 2.432370297344444321e+00
-1.266214412335053510e+02 3.029498500416275419e+01
7.392921697595392061e+01 9.663944356176859429e+00
8.851643651789431999e+01 -1.551604521022387573e+01
1.803704808227928140e+02 -6.781966996628160160e+00
5.340931622911944743e+01 2.471577717720360834e+00
1.001906239164812149e+02 -1.496954472376286205e+01
-1.321558603247547978e+02 2.374655173889479798e+01
7.014974502551578439e+01 3.300001301168595802e+01
-1.086378351018447859e+02 1.820610294452929523e+01
1.629067285058593129e+01 -1.120121833871346873e+01
2.549435051708905497e+00 5.515021383566679702e+01
-4.129768658092798006e+01 6.442947222458299983e+00
-3.771926972013908852e+01 1.744154658271503422e+01
9.335708817244000102e+01 2.591922718807025916e+01
2.180786812092198659e+02 2.669890337259662516e+01
1.438650491953179937e+02 4.367394846838320577e-01
-5.091202013420517858e+01 1.419200574026955941e+01
-1.127223371677018804e+02 -1.749687915297370111e+01
-1.173695478473920986e+02 2.482631354989751404e+00
-3.745123702757171458e+01 2.070968959372053675e+01
-5.443147669564827318e+00 1.800508425519590361e+01
1.107040744811050672e+02 2.004665329068946278e+01
2.531066890447533524e+01 8.721936953900883971e-01
1.446157421153832843e+02 1.005057024376308306e+01
1.649163318832387120e+02 4.468085299423933066e+00
-4.067876665480748954e+01 3.221309799103845961e+01
-1.923209578108792357e+02 2.644979492478411132e+01
-8.101650203774154235e+00 -1.131290199686580245e+01
1.616873710348267679e+01 -1.991202931665679543e+01
1.177100968346823038e+02 -6.582167915917191969e+00
1.014767670920276856e+02 1.346171876337509765e+01
2.473117366105876442e+02 -3.522070870624485650e+01
1.230895737866656106e+02 6.404242566457988062e+01
1.768711196773119809e+01 2.343557379123677720e+01
2.063003278303732770e+02 5.847849529063805818e+01
-7.880140265675063915e+01 -9.252829830211176443e+00
1.987778654421010742e+02 -1.141239187872809646e+00
5.022187501039730506e+01 1.583534379471666576e+01
5.967890484328385270e+01 -2.771028703094591350e+01
6.355428923333582247e+01 1.101542864922538278e+01
-1.071840828010028304e+02 1.300936861868169458e+01
-1.029802110929608716e+01 -8.653541978361689146e+00
1.067199464301062335e+02 -2.391492535253504137e+00
8.149131314405543947e+01 9.039167946214952565e+00
9.325697810892820883e+01 -3.063930698265422592e+01
1.205357129531019389e+01 1.598284217111933714e+01
1.361091953587658843e+01 1.006614676749749293e+01
1.611105954365839921e+01 1.740013809380949894e+01
1.129876906532699365e+02 -1.754999840088931506e+01
8.325764234559827059e+01 3.256407100703866320e+01
9.679964616681694167e+01 1.331957377398337172e+01
-1.782846888142764641e+01 3.388495516324798018e+01
6.214051457314673854e+01 -3.323308503008288284e+01
5.515329837191456619e+01 1.154639509427654431e+01
6.309164306340421291e+01 1.389274589414813743e+00
-7.364839127645444705e+01 1.144141122268943889e+01
8.506790195440755653e+00 -4.027765852289692639e+00
1.565696584765790078e+02 -8.907101479618539486e+01
-1.385000448618620226e+02 -1.326550965467738052e+01
4.836726654878793852e+01 8.762177863667105493e-01
1.528857708027575768e+02 -2.566873356650410898e+01
-1.909816142062281230e+01 6.126747141423670939e+00
1.995459288306610972e+02 7.876108081917029047e+00
1.287343783341253527e+02 -1.156676120798048935e+01
4.901075151890768211e+01 2.255411130536434605e+00
1.510159564856011514e+02 1.077549992761434261e+01
-9.577105067347150680e+01 1.656741813020409282e+01
1.171311215015041114e+02 4.580028109459283314e+01
-1.351403785986706225e+02 -2.131502829058580062e+01
1.630090513665835772e+02 2.145249831449809008e+01
-9.521838735837729217e+00 2.180175271844089480e+01
1.879915135547292238e+01 -2.019307546241065676e+00
-8.045306298830634262e+01 1.186681641393207443e+01
1.733777989346643551e+02 5.163502795773323939e+00
-2.271496667906686540e+01 1.170716210844092053e+01
-2.010157833726446484e+02 2.587623208082025528e+01
1.315899341862128722e+02 -2.236680276762488706e+00
-9.111355614189092123e+00 -1.059090910353105741e+01
1.315433733379802561e+02 -2.408319699962327221e+01
-1.750669598783667311e+02 -3.191431704088063270e+01
2.347142136980756533e+01 2.445541041922411196e+01
-2.973328325020220575e+01 9.227699127372311239e+00
1.082940432291062933e+02 -4.441779930877329008e+01
7.779479911934690506e+01 2.414594226644978470e+00
1.065811579707150258e+02 4.429635358439683479e+00
-2.894030490926940757e+01 -1.651062614808207840e+01
9.547586903440449646e+01 -1.914585930572620498e+01
1.302911646100921530e+02 2.031103212602304708e+01
5.397952573729627801e+01 -1.803738204697726388e+01
2.000688039171705839e+02 -7.693546895124318219e+00
6.140577281026601497e+01 2.520375687540100529e+01
1.986103018970383403e+02 -1.127599738014811059e+01
1.361344418541619632e+02 -3.397036601198656314e+01
1.291380306590349392e+02 -1.052507432461372616e+01
1.063995075879271752e+02 1.000918163941847361e+01
-1.285279149499531854e+02 3.987486433602510516e+01
-1.638150323628503600e+02 -2.990994527833538141e-01
1.388458231134758023e+02 1.594067963922788245e+01
1.212698943014365227e+02 -1.580495850979944628e+01
1.057429665049679244e+02 -2.659534009402225507e+01
9.825975620985362013e+01 -1.110821680189565797e+01
2.665112264350913662e+01 -2.217592351948099250e+01
1.118093051036369445e+02 -7.661242681534552013e+00
9.373688578071101674e+00 -2.265637721003705352e+01
4.885043352933547567e+01 3.409057643796076675e+00
1.109693305366971430e+02 5.431149148743771349e+01
-7.335723202435788792e-01 3.675971189737004874e+00
1.971911978201700038e+02 1.408321198064729707e+01
5.017138001135710823e+01 -3.016061856821606657e+00
1.236741307464289577e+02 -3.175620795120127937e+01
1.024768475701986858e+02 -1.863221310386445451e+00
-1.853883668888844127e+01 -4.275728852336595054e+01
-5.054223349211900995e+01 -1.302784440135770883e+00
2.665424541575603001e+01 -1.359135269654458966e+01
-4.099951696647714527e+01 -2.082239405082775008e+01
-5.375458696912328804e+01 -2.397354658047157017e+01
-1.133549013477357761e+02 -3.360154425715705173e+01
1.454901690622457977e+02 6.935943411449383689e+01
-4.250686818202270700e+01 -9.431768770560230664e+00
-4.803209187307101047e+01 1.370609118680938998e+01
8.389843380519209859e+01 -2.186933293027074754e+01
3.199091784596816268e+01 3.361278495760470975e+01
-5.455825413045079131e+01 -3.357858458249445022e+01
-3.678489965025679709e+01 1.352819801260376664e+01
-4.863404686532139465e+01 -2.081372630867816298e+01
-2.227354610671839552e+01 2.164198458822707494e+01
2.001460247830778627e+01 2.593967039983994027e+01
-3.530044915105160896e+01 -2.198992692708396746e+01
-1.196553640933677620e+01 -1.748256409517924936e+01
-5.658074492942252220e+01 -1.208748040621787867e+00
1.100596945859738618e+01 -3.892076247950506218e+00
2.003389029154854200e+02 -1.192756030434278713e+01
7.774898617619763286e+01 2.912537205796981610e+01
-1.346279811886341804e+02 -8.589300445873066181e+00
2.007524051656615072e+01 1.267588176442394321e+01
1.696918010084237665e+02 -9.335551985755367710e+00
1.596289769987449745e+02 1.632975803257347991e+01
-1.840631949505062792e+01 -5.283627565995350217e+00
3.733737550810666050e+01 -3.733733175689333272e+00
1.783253648075229307e+02 4.094806510923825194e-01
-2.866074730081293964e+01 -9.001084308099652764e-01
2.117324156848097800e+02 -1.104922931202777292e+01
-1.012816724631107377e+02 9.623815930717691813e+00
3.373543353645207787e+01 -8.006677557042925386e+00
-1.261844640493688496e+00 -1.704687244166680316e+01
-1.660150087912502386e+02 -1.796126982304670605e+01
-1.109761668606514817e+01 -3.689029514118606023e+00
4.167548573106294185e+01 -7.879869469075483579e+00
9.909075638219502480e+01 -2.432094443724621247e+00
1.871127807640922924e+02 -2.651370420757251267e+00
1.341940104414062063e+01 6.346813590735461696e-01
5.387901276440116760e+01 1.621439006097733326e+01
5.878775896025604197e+01 9.274682163072093033e+00
6.426033157771136928e+01 -3.415771367981637052e-01
4.631814881648438131e+01 -3.724986500323501559e+01
-1.585905447076730752e+02 -2.140036449932987139e+01
1.431099048638313604e+02 -4.815962280272572116e+01
1.958976509255535916e+02 -1.030277364363712245e+01
-1.812094458621282911e+02 6.295499174852412061e+00
4.991905695526471476e+01 1.888907241456935893e+01
-1.366359712086059730e+01 4.374553866991703188e+01
1.052991327891279525e+02 -2.454978054138620536e+01
2.027372165453404591e+02 -4.822925068198273379e+01
1.063635117879739624e+02 -1.355890667622206225e+00
1.887095457395515723e+02 -1.029822810213033435e+01
-5.000416359949153389e+01 3.019537550820862393e+01
-3.525568630017571081e+01 1.231130129131967976e+01
-7.820087993874653876e+01 6.059551078273234914e+00
1.698892015214532947e+01 5.290357760005328203e+00
1.434544000182413868e+02 -6.308981453232154202e+00
1.484456105304874995e+02 6.102497391568006435e+01
4.421464022162660257e+01 -1.308624820820506507e+01
-6.243092694352368710e+01 -1.126134700634384345e+01
-9.233833273902108374e+01 -9.169155622941220329e+00
1.122271442163927304e+02 2.267348717113219614e+00
-8.520309696068797223e+01 -3.395363676977154199e+01
7.415008483146134211e+01 2.537363968032190442e+00
1.159544759812233394e+02 1.897784422267012161e+01
-3.858160040063155805e+01 -1.668915138801478903e+01
1.465660851796802717e+02 -3.026018544311789515e+00
5.705960081209575918e+01 -1.136734985969632206e+01
1.099400691918541355e+02 1.831585924887242456e+01
5.778835073586377291e+01 -8.209526372921001069e+00
1.961112391000592652e+02 4.640901705570939839e+00
-1.079738148238123614e+02 2.596294026295336366e+01
-6.263624803461121360e+01 3.277412884281695415e+00
2.340940854247528193e+02 -5.883961080863752358e+00
1.435332672737256132e+02 -1.154044395840176307e+01
1.787888600957517440e+02 2.504641096309235238e+01
1.275608375239665975e+02 5.805016170258817887e+00
-1.702304550580895750e+02 2.128520719738435574e+01
-2.100922344892315863e+01 1.428872055480366399e+01
-1.168923902767363359e+02 1.044499690743664111e+01
1.288766629866015023e+02 1.982463012346008213e+01
1.904414742380578787e+02 4.292114712883233096e+00
8.913389505645062627e+01 -1.143382034715113882e+01
1.636911783636499536e+02 -1.093632690297509669e+01
-1.192949925668683733e+02 1.898371634103373040e+01
-9.674490875699858350e+01 -8.613061898844703856e-01
1.464651725088469050e+02 1.516837320227880781e+01
1.518189084259474271e+02 -1.196728751190349271e+01
7.965045648141280310e+01 5.347310901640562886e-01
1.846723365134122830e+01 2.312646492822924671e+01
-1.311029047515123693e+02 -6.984702978306737009e+01
7.836921457343484576e+01 1.631966041489306463e+01
1.027140636758872461e+02 3.207986061626117191e+01
-9.085995090250982287e+01 6.529115162279728679e+01
-1.878867737812879568e+01 -2.575489504884983294e+00
9.267463804774860137e+01 -2.607715745973448307e+01
1.859533757516412891e+02 -3.040245215140716439e+01
1.773905419609691876e+02 9.441472536992186804e+00
1.118263533013702755e+02 -9.787853926060737564e+00
-6.214942601464068161e+01 5.444233904416455161e+00
1.954645046039484555e+02 -2.360457065290403733e+01
-1.436028937058012502e+02 -5.829517741620046323e+00
4.609129997653604249e+01 -3.379995139134445736e+01
-1.440979226995789588e+02 5.292811229063795864e+00
-8.754068415740557896e+01 -1.973691328968309833e+01
-5.931624308616620311e+01 1.971569502078788716e+01
7.621037970984433230e+01 2.562084756829683130e+01
6.495744092825007954e+01 1.975847706182862495e+01
-1.937886307692694743e+02 1.102475995522769736e+01
-1.127745080141663863e+02 1.372750375377715715e+00
-1.410456666489875204e+02 -1.921190745585630566e+01
-6.483561711374206027e+01 2.370650615909454828e+01
-2.197831943473960337e+01 1.733489355916402985e+01
1.478021657101959931e+02 1.320077702919170548e+01
-9.752734765154360730e+01 -7.678131500148806410e+00
6.162651983294369984e+01 -1.911076735378064484e+01
-3.391118074331182441e+01 -3.160001440578063736e+01
1.086091369750627962e+02 -1.342307049049989409e+01
1.198130469478847857e+02 -4.396942315434463922e+01
8.045993411388970173e+00 -2.799615125673847071e+00
-2.304893360325650420e+01 -2.532372093694356607e+01
-7.927727839466477633e+01 -6.472026710850938613e+00
3.662876347967171142e+01 4.370172807087345745e+01
-1.965116189476608932e+00 1.245194051609720454e+01
1.870263423111388477e+02 -9.887632845232339207e+00
2.498074672587070566e+01 -2.503644648579627230e+01
1.903362408522438542e+01 2.366477747282451460e+01
-6.706863528511193806e+01 4.022203179700882814e+00
1.386887481971829459e+02 3.290171754272699189e+01
-2.222237246789992682e+00 -3.929277402086925264e+01
-1.137186346498157263e+02 1.422716556823589151e+01
-1.329905790948150752e+02 -1.497543244716635025e+00
1.592765701395855444e+02 1.868128597937984736e+01
1.246644917352288662e+00 -1.929825857215208629e+01
1.746811408271308608e+02 2.194919595042891913e+01
-7.532132550325559173e+00 -3.306395968934904506e+00
2.049978119189924541e+02 3.977399725907147143e+01
9.805357208272607750e+01 1.095537842502333348e+01
-1.683734848439639507e+02 -5.811273142469366881e+00
1.239305843574308739e+02 3.437563568070385145e+01
-7.889093440209676089e+01 3.547007014379147005e+00
2.557592821820334450e+01 -1.520183984266633637e+01
1.651097211905602364e+02 7.788016489360898298e-01
6.198367231704739311e+01 1.631634499403282135e+01
-4.920126658980090184e+01 8.916148851399825048e+00
6.490853983032343422e+01 -1.186713677970387870e+01
1.707915536631917917e+02 -5.663748982475127747e+01
1.283200539912419629e+02 3.533144616269176908e+01
3.041662938948986650e+00 -1.408382520909850300e+01
-4.913335270389723775e+01 7.628706378323495407e+00
-1.389278819494494144e+02 3.991570258826049411e+01
-6.605368775369605316e+01 7.373127701862583372e+00
2.033017274067202322e+02 3.598971190927250063e+01
-5.948753967204862647e+01 -5.935240323681693297e+00
1.038777043935316016e+02 2.925082430395908872e+01
-7.302071469169983686e+01 2.984434484762168793e+01
1.610206000546616565e+02 -4.131220079411281887e+00
-1.555416793085745155e+02 -3.348152673822838921e+01
1.895650964319984553e+02 -4.981308434723154477e+01
3.137034274661398925e+01 -1.925043466998257102e+01
-7.586156619400449586e+01 -3.061567778590289990e+01
3.286394343155930642e+01 -2.605708035036439796e+01
-6.362229350506889425e+00 2.595333580176763189e+00
-5.397495044908779072e+00 1.032622132704096884e+01
8.683168301984363069e+00 -1.061137548896890870e+01
1.155820640429175512e+02 -4.648596944886290494e+00
1.235563196638891270e+02 4.617618424731138482e+00
6.396491736774915005e+00 1.389535816833839554e+01
1.102779340474481558e+02 2.428088199013684445e+00
1.933337746727815798e+01 -2.224515822054071168e-01
-9.128336904479105840e+01 1.347942461564948147e+01
1.194960567919213901e+02 -1.029993072894655581e+00
-8.807526463897754354e+01 -2.534972585966793446e+01
-9.110605821211723310e+01 7.700072698375373115e+00
1.678617256909554323e+00 -5.425617177188644114e+00
1.098936970803342064e+02 -4.555745947377834781e+00
-2.133363354086915464e+00 6.994872370426428176e+00
1.502742633008381290e+02 1.898876583872129942e+01
-1.619691205011578745e+02 -4.273984839027643545e+01
9.952824545429207603e+01 -6.803611781708522876e+00
-7.112589278170219131e+01 -2.980204429344308537e+01
-7.454549077226427301e+01 2.288961027239864521e+01
1.441182397794378289e+02 1.120042448597635065e+01
9.327647125913728132e+01 3.993023626859969255e+01
-1.540926127132822998e+01 1.098464608614059301e+01
-9.777567451482847005e+00 4.794646974979323240e+00
1.578273404987381241e+02 1.219308649170687175e+01
-7.524844095016091217e+01 -1.471385850344934632e+01
2.004927385985799617e+02 1.213252702972781094e+00
1.153945614353715996e+02 8.443492597905334351e-01
1.039040725696282266e+02 3.832480948933498155e+01
9.229453533025667866e+01 8.944040546407554970e+00
-7.059357907597497217e+01 3.166243433950231179e+01
-5.387999401067992977e+01 2.084553953144185345e-01
-3.006256531837442481e+01 3.847388757362542488e+00
-6.481035999861974517e+01 -6.903140572662090335e+01
-1.037198374857508298e+02 -9.718397289093838154e+00
-1.368256510682581109e+02 2.371025885825567059e+01
1.211851943312851354e+01 -4.630492357959382410e+00
1.563009044961598590e+02 -1.375046260512135099e+01
1.082701292339256582e+02 -3.084801294977747577e-01
-2.742838521011141228e+00 -1.444403227604972351e+01
-1.926928482972267602e+02 1.035233964996455924e+01
1.374031180774495908e+02 1.999622813530442356e+00
-1.047612215428816853e+02 -1.354478520121588048e+01
-1.147010607766285091e+02 1.147110435187900457e+00
-9.995153723238229304e+01 -4.126804357078655272e+01
1.633589478930869916e+02 -5.292295101711410155e+00
1.001623207236401925e+01 -1.582345163536061605e+01
1.274979012806435605e+02 -2.384699732538198003e+00
1.571973044178670875e+02 -3.396190506481740812e+00
7.092350268297023774e+01 -8.200719388853313419e+00
-8.274836503652342401e+01 -2.307481823054430281e-01
-1.139807337786356243e+02 -7.383947022985633879e+00
1.894186622749295452e+02 -1.274729927435246069e+01
1.066419354304526053e+02 -2.643609127254191904e+01
-3.380318246846512409e+01 1.638872786612011190e+00
1.903241220947154773e+02 -2.747600734601647332e+01
3.797191242684126422e+01 2.031104218064940525e+01
-1.499691915708557985e+02 -3.883565110230824757e+01
-1.576944008327025415e+02 6.609911244045020950e+00
1.281625456316547798e+02 -1.926195368926941498e+01
2.019886272246626220e+02 -2.898410852760080303e+01
-9.881058626441825865e+00 7.797379040860867860e-01
-1.578966577095664547e+02 1.066417530100250133e+01
6.857050808184854418e+01 6.264527388324894197e+00
1.239211882605881669e+02 -1.278011827932392563e+01
1.309081447404932774e+01 -1.131180875941706576e+00
4.279043276978931942e+01 9.463884927197048214e+00
-1.143678466413671799e+02 1.432924006992185184e+01
-8.534417522267150957e+01 3.726897787014906527e+01
7.285075751177288339e+01 -3.730403051232486433e+01
8.413279346675167858e+01 -3.897899084570957484e+01
-3.255073263432738617e+00 -9.786120079201238164e-01
-1.201183042418763876e+02 -1.869230054212562919e+01
1.713697921590072326e+02 9.516510884557018102e+00
6.702164482399558665e+01 -2.255576943478903029e+00
1.083415907129797517e+02 2.883064696806461313e+01
-2.668799350918986235e+01 6.913121669533912161e+00
-8.257872562429868424e+01 -9.449430705352325433e+00
-1.332665117917046871e+02 -2.600409023105495709e+00
5.723254100648679810e+01 7.268806292163938920e+00
1.215636922293718243e+02 1.628616272843616031e+01
-1.751390575351771783e+00 1.854920831455870456e+01
-1.022440990096144731e+02 1.852394528296883180e+01
7.126093693527367634e+01 9.567344467896589322e+00
2.903276139020036339e+01 1.847631024297871294e+00
1.703692658340805224e+02 1.372571801108445477e+01
1.151633192877844749e+02 7.030150605915483908e+00
-5.802572140406004308e+01 5.861163106229145114e+01
-1.788204670687159705e+02 -3.326123526996503266e+00
2.187980694205220900e+01 -1.765442282359038373e+01
7.082180353008418194e+01 3.317086386785491214e+01
-4.388649426771704753e+01 -1.387608908311942457e+01
-9.902252195523750800e+01 1.053380362303879991e+01
2.988640729077244540e+00 3.022878787824734559e+01
5.013601354626252515e+01 -5.700697042253255908e+00
-9.819970474185268472e+01 2.798335565002446046e+01
2.416001144056586725e+01 2.691441189545227175e+01
-8.164343235470731486e+01 -7.566901214499675454e+00
1.667956842638861588e+02 1.551390309693808334e+01
1.154683055834096056e-01 -5.798498690125399868e-01
1.005679305879974272e+01 1.582610397402162139e-01
1.759074215302594624e+01 -3.893000501008503811e+00
2.051145406663787014e+02 -1.124831369501937850e+01
-1.286877690249485973e+01 -1.494438413254418130e+01
-8.822840104326719768e+01 7.037664645532282748e+01
1.187078859274146510e+02 3.744858023863555729e+01
1.344559634307864826e+02 3.165131334948072528e+00
2.109978034167053806e+02 2.158973512083428048e+01
1.041669844033862091e+02 1.217682018369271368e+01
-2.925765857601469122e+01 1.477740457864065604e+01
4.719946221499613515e+00 9.911206472262019673e+00
-5.931405122078252390e+01 -5.029608635725256960e+00
-9.304207264565373237e+01 -3.392831869385652954e-01
1.831125848457087670e+02 4.049557843661794609e-01
-1.570155368293657716e+02 -2.969381128152837590e+01
1.044107905178886853e+02 1.145828373689593604e+01
9.604626741282490343e+01 -1.231673859090034462e+01
-9.386064037605482469e+00 -8.734588510358603841e+00
1.470651245563596490e+02 1.302453650761094650e+01
2.862487386637703679e+01 6.166167777911123693e+00
-4.337379948897766724e+01 -2.436675313025743961e+01
-1.852918766555350150e+00 -4.447457875494794166e+01
7.459378894008700911e+01 1.236356418402512425e+01
1.153902562252046948e+02 1.763833819489589061e+01
2.817463287728785559e+01 -1.072866435068231361e+01
1.110568466144543009e+02 1.766541490798825720e+01
1.406577000268396205e+02 1.655402299764023155e+01
-7.190660748707463767e+01 -2.591738478588115058e+01
-1.678502907047100621e+02 -1.905263889946663403e+00
1.883230152476935189e+02 2.725847389970830648e+01
-1.977916457304911830e+02 -2.869892981750371330e+00
-3.676490211554501286e+01 2.713092144077743573e+00
1.444595994568328763e+02 -1.165475594446251684e+01
1.153569719600285914e+01 -2.268839678480908972e+01
1.858592909879524768e+01 -3.595320083964298696e+00
7.498010078794217748e+01 1.537652660977687091e+01
8.852491727952720169e+01 1.070444185068189569e+01
8.501124722646572707e+01 3.316728353258559991e+01
9.413575370701498457e+01 -1.600979043394015378e+01
5.522603726476050134e+00 5.961440692171912303e+00
-8.973909062478058729e+01 -1.590494048552184125e+00
-1.628695912165862580e+02 4.479465898314109751e+01
1.323091346967733273e+02 2.858800496553043402e+01
1.678220073148615086e+02 -1.107337720153305582e+01
4.431341629529768511e+00 4.212734804377447517e+01
1.000936313841127685e+02 7.357699331162973699e+00
4.758923639214719259e+01 7.364546473364430135e+00
2.265498792735939659e+01 2.026872063312973538e+00
2.051846565822269852e+01 2.243779014274124606e+01
2.100264744578384750e+02 -1.880060217853991134e+01
2.056351877694489474e+02 -3.704591308448070830e+00
-1.113062090293048243e+02 7.635976847792600886e+00
-5.607111008791658691e+01 2.043447947693542233e+01
-9.803618275031044504e+01 -2.068014986730464599e+01
9.428031891293592537e+01 -1.840335631634026115e+01
1.663874577227082625e+02 1.307847411471177068e+01
1.312770643656839979e+02 -7.049038891432684473e+00
1.786111175064071688e+02 -1.714917186396140991e+01
1.882149376909561340e+02 1.427216408160374606e+01
1.436226476892201731e+02 4.260080063915646065e+01
3.667955284570551555e+01 6.876142482761441244e+00
1.770310247617855453e+02 -1.385260426937106715e+01
1.032249879014350995e+02 -6.460461299625643861e+00
1.642386689678181995e+02 -1.098938513939351935e+01
2.578950962086391741e+01 1.438668007153932926e+01
9.054807921386828440e+00 -1.148960476806590236e+01
-1.670856845308947669e+01 3.961679705459146561e+01
-4.095561063966679427e+01 -4.338735099525939631e+01
7.177244258181654857e+01 -6.494757680118804721e+00
3.170412314736704573e+01 -7.058919458753825538e+00
1.138642334053835441e+02 3.245176130802806824e+01
-6.841576252043795137e+01 1.426505344259118679e+01
1.911232859428637880e+02 7.165247192417036892e-01
1.667605276871928766e+02 -4.317493084289642269e+01
-2.394933970625613284e+01 -9.474251610797121970e+00
2.409881010016160019e+02 -1.483994038916444147e+01
-1.717934278912457842e+02 5.488513913971218905e+00
1.505200016006645001e+02 -7.016151334075472867e+00
1.190890868455136200e+02 3.557970348620025902e+01
1.337800247150520079e+02 -2.929528014650476742e+00
-3.796031673451315669e+01 9.430629638002708148e+00
5.444981013062373165e+01 1.240364413327433368e+01
1.380669766369522904e+02 6.388351318391251255e+00
-2.120535940717557821e+01 -7.831115028972290837e+00
-8.125959603688053789e+01 -1.346611837713250459e+01
2.648884051969979581e+01 8.001894490063701681e+00
2.387137059532797068e+01 1.231587722901853610e+01
5.370789334654769220e+01 1.146886292975397303e+01
-5.457441274188923330e+01 2.537146306464622114e+01
-1.047774372132402121e+01 -6.902627130025928537e+00
-6.385840475822885054e+01 8.388242373843244337e+00
-7.068375292337107396e+01 2.394613968030186868e+01
-8.835984994757933464e+01 -1.057679577934608650e+00
1.414706591836592224e+02 2.537521325787877657e+01
-1.596604673715449394e+02 2.708616034810638951e+01
1.837814732596052636e+02 6.205771426769044474e+00
-1.478789428933545480e+02 1.205150740644536711e+01
7.349540863798860357e+01 2.555960322439251442e+01
-2.080156721256711094e+01 -2.372662747497189528e+01
-1.615129391726004542e+02 -5.470668803328191387e+00
2.107786435590059426e+01 -1.472289140685863629e+01
-1.146130667489391186e+02 -3.029656756786748417e+01
4.118684835914840647e+01 2.506127466676104087e-01
1.526994394373721491e+02 -2.778873438477653668e+00
7.350932880157876070e+01 9.224214375030930668e+00
1.658728153606775493e+02 -1.337611786576908024e+01
-7.565088454725396616e+01 2.357934564736336558e+00
-1.399841092097950401e+01 -1.112858666973671795e+01
-6.447247875970292341e+01 -1.900948109068158587e+01
8.664960942992806281e+01 2.219645924763634071e+01
1.766098859863721202e+02 8.521689926798998727e+00
1.089357829575542951e+02 -1.540078921308636417e+01
-1.792027037461022019e+02 1.714009935741611557e+01
-6.010782398381891767e+01 -1.823281616265196092e+01
7.683468068538316231e+01 -4.328215981177391924e+00
-8.893270536641428237e+01 1.107134786095267032e+01
-3.459180880732107255e+01 -3.027275312465663504e+01
1.778981372836286425e+02 3.169069884845412854e+00
1.705536028991478474e+02 -7.530896289514544151e+01
1.093974087603144341e+02 -5.870785459023200481e+00
-6.581198672006750883e+01 -8.426431989230467323e+00
1.588056633712819519e+02 -4.232583572816205897e-01
1.198502167147658355e+02 4.857561311189005915e-01
9.430932971932541875e+01 9.565635658707806854e+00
-1.016148610960752308e+02 5.703486788019998421e+00
-7.514098649797966267e+00 5.530657995784488357e+00
1.168448498538582783e+02 9.324481065848605255e+00
1.757865457420453197e+02 6.974097525711852263e+00
7.874819469865076371e+01 1.054028869811136460e+01
-2.778198229714708845e+01 2.340510369794451151e+01
2.037444746988271049e+02 5.184183969364735844e+01
8.400737769487420792e+00 -4.427031279289035837e+01
1.089380388474824173e+02 2.215891692304874283e+01
1.726615289291864315e+02 -2.867767637038594941e+00
-1.825586814341685340e+02 -1.778232407931077930e+01
3.738233851314952005e+01 -1.884113296287698969e+00
1.335696298274446008e+02 9.460088137795857222e+00
-5.704273089796409124e+01 2.497381543681237659e+01
-4.328812551950151999e+01 1.510820053372839700e-02
7.497970587709087908e+01 1.036633469497742377e+00
1.707820103877397457e+02 5.381992273532498317e+00
-3.764133248550013633e+01 -2.601454953605906084e+01
1.813954276475216787e+01 5.751232608033628679e+01
1.457138212755913003e+02 5.596009393827643841e+00
-7.787273982771559133e+01 -8.859264075891191137e-01
1.909005406920923065e+02 -2.846404418560567962e+01
1.862132281577998754e+02 1.631084842770288290e+01
7.276092986998558843e+01 1.085458885974411558e+01
1.488526662253462121e+02 -1.989973240311806890e+01
1.646063597616100651e+02 2.247177388441411594e+01
5.752703368576536036e+01 -6.374813831303248968e+00
1.813775237094897079e+02 -1.943428705460122785e+01
5.361029233679318651e+01 -1.084753046573321811e+01
-1.374061961986814140e+02 -2.199144966216283237e+01
5.602410652344554620e+01 3.685444086667052233e+01
6.803028649295256081e+00 1.270404995462082454e+01
-8.752102578192338456e+01 -3.018556411738105183e+01
-5.508272234777369647e+01 -3.063976483568196230e+01
-9.903080896868227967e+01 -2.348053307171432635e+01
7.120753385389136270e+01 -4.933553487703933094e+00
5.695998038017897613e+01 2.839999540011873336e+01
7.254387302380051494e+01 -4.698079082194350065e+01
6.432362505639591177e+01 -5.112165906342697852e+00
-1.061301966412237334e+02 -1.462204798114456317e+01
1.922116585082283891e+01 -4.575799456187136904e+00
8.183710105735443108e+01 3.244734773619968138e+01
1.543309992572440876e+02 -2.169230162759239633e+01
-1.547065244720008934e+02 2.843008749749244402e+01
1.903809182711622583e+01 -9.506966928104199965e+00
6.314391847024234750e+01 -3.250375735103412467e+01
-7.414403974948203313e+01 2.372321038445243602e+01
1.916118176595125533e+02 -8.298273568570738723e-01
-7.839077729642298209e+01 -9.158912357939195559e+00
6.549812200092900127e+01 1.169177883798753648e+01
7.796113813408359405e+00 -1.051833615741347394e+01
1.555230164986304828e+02 -1.961969459468653554e+01
4.646323286812282127e+00 1.292117173772567718e+01
1.121312651825388258e+02 2.356483866749932687e+01
-1.666645884321818016e+02 1.052538411998789414e+01
1.997695048035770640e+02 1.160814117701066683e+00
-8.900481074221097799e+01 3.584087133672884562e+01
2.039413268461447615e+02 1.086290527820141705e+01
2.280558083962615612e+01 -2.747856766548191665e+00
1.200904014802812867e+02 2.268444531163293920e+00
1.304110621504731427e+01 -1.260896256963652995e+01
1.387341134055357657e+02 -5.874966680228494198e+01
1.962374437813947736e+02 -2.380803574909959153e+01
1.226697458263813090e+01 9.236553143191789772e+00
-1.763306318718277339e+02 2.330350548288562251e+01
3.251092290182722877e+01 -6.707427694382266381e+00
-7.999303928120995977e+01 -5.196176118764378460e-01
2.073021779197895000e+02 -3.126394362802476223e+01
-1.869901845672762022e+02 -9.785909980153382648e+00
1.632581302217189148e+02 3.693698698133320857e+00
1.740628193712266523e+02 -3.322792554018369482e-01
3.216063487912621355e+01 1.364981726195409983e+01
1.021420824347544709e+02 2.224698916734833176e+01
3.217979728030041287e+01 1.610051007373318299e+01
2.234573666919274226e-01 6.781327226975577993e+00
-1.556009182352649312e+01 1.396563652581959403e+01
2.005174878281906459e+01 -8.847647604833314361e+00
1.363986938885273617e+02 -9.289587154104816946e-01
-5.434868425465214870e+01 3.631414293831780782e+01
1.432284533468534562e+02 8.481409957540956057e+00
1.089986198373989481e+02 -3.577686069704869709e+01
1.543486192161518886e+02 -5.996124257206946417e+00
1.207715018926522390e+02 1.591153537591889666e+01
1.407339822009348325e+02 -1.442293781480855586e+01
-8.099242232699720034e+01 -1.013487439216841857e+01
6.308756499553635422e+01 2.638012076945315254e+00
-1.724175035881745899e+01 -1.689207809458740073e+01
1.146785424072852777e+02 -9.361473746475187596e+00
-1.627594646772551243e+02 1.712199368289336476e+01
-1.377107255647916304e+02 -2.392762610296857062e+01
1.260649050175698278e+02 -8.315777732467207528e+00
3.960076954885276024e+01 -2.421383524580603019e+00
1.406099077535398978e+00 3.176560962015966538e+01
1.856834994301402446e+02 -2.007171118500486173e+01
1.752551861266388471e+02 1.742601159351953699e+00
9.878479116514846226e+01 -4.323452553074580607e+01
4.263522589893649695e+01 1.376794332735923021e+01
8.319588174421427595e+01 -8.822884887321819747e+00
1.011121758710052916e+02 7.439888384297906221e+00
7.018262540699380736e+01 2.654638620745844779e+00
-5.331619354280240941e+01 -2.854218255439467100e+01
-3.251218660626745560e+01 -2.888036764484012764e+01
1.941688607603227865e+02 -2.219917503226085032e+01
6.191988899343284913e+01 5.033641542952888237e+00
-5.097574074400851885e+01 -6.812684406420127736e+00
1.274607565339303505e+01 -2.313364516335934340e+01
-9.449634541372954288e+01 -2.360797162340752209e+01
1.547886293247149858e+01 -3.040432206047489672e+01
-1.589907994010885162e+01 -3.000184921560184037e+01
7.259925450083078147e+01 1.953282376361298489e+01
-2.171539449434827063e+01 -2.158383984641441544e-01
-1.262332066201852996e+02 -1.006362018582200424e+00
1.141187720506703300e+02 -4.229965889445893801e+00
-1.101319724679208889e+02 -2.565643400803043406e+01
4.213677919055430010e+01 3.300415735500798142e+00
1.959501794218895725e+02 -5.227632391424727842e+01
1.067164891244630383e+02 5.138152204533334988e+00
6.704138900571948056e+01 1.360514801118283224e+01
1.757376981922437835e+02 8.941983800373607849e+00
1.945477053256178976e+02 -3.931107822432587273e+00
-5.507241186496002427e+01 5.256453767059181104e+00
6.621866896846209727e+01 -1.923027851164166435e+01
-3.343918058381051139e+01 2.065479939453254143e+00
-3.598037096201290197e+00 1.185087768820524090e+01
8.983677664044046196e+01 -5.445839892731997978e+00
-8.701024629667388410e+01 -1.231624033898055259e+01
-8.939062632000687358e+01 -1.642189046821751219e+01
-1.028119512497403463e+02 1.168160816991697537e+01
4.199763109825822482e+01 2.903169434910262936e+01
1.477708789240078033e+02 3.623500276988578861e+01
4.218917819095000965e+01 1.427710459581109648e+00
1.912987535198310809e+02 -1.252364315125770622e+00
1.218216619533488227e+02 -3.337529145709879685e+01
-7.286087574773297604e+01 2.092626246318156191e+01
1.055055848606386064e+02 1.053782792351293018e+01
-1.849652997654550859e+02 -3.768578233592611326e+01
1.537534555558565899e+02 -8.411777265712705898e+00
8.959798494287674941e+01 2.159637235592435189e+01
2.190270996684848726e+01 -3.985021018595493736e+00
-4.122381653415315128e+01 -4.091246666672994081e+00
1.652418625766536024e+02 -6.192365592232079052e+00
-4.684562488828898807e+01 -1.814096410347281818e+01
1.653126507835225709e+02 -1.512490739935230266e+01
1.941511789987755066e+01 9.612669369073104875e+00
1.115230461896852319e+02 1.176916704821383597e+01
2.759579953221797055e+01 -1.375122621282261193e+01
1.284719187677959837e+02 1.252019400683977501e+01
-3.413103000950891186e+01 -5.468599764742805291e+01
8.256322091234227400e+01 -1.136308483053195850e+01
-3.951810636330878168e+01 -1.549708389505358141e+01
-1.059311503892117514e+02 -4.572060948523866131e+01
1.425850052859625521e+02 -1.652598809833234927e+00
2.079497915331098739e+02 -9.368879698872635275e-01
2.830941436355262297e+01 -5.978784560408469062e+00
1.214265981011356956e+02 7.017996739656314098e+00
6.688201281845854851e+01 1.511511471576716303e+01
4.821683402111970551e+00 -5.977045085353702270e+00
-2.555057436111458458e+01 2.232577396238234257e+01
-3.916028210332424209e+01 -2.478018221547832667e+01
2.200172055586853048e+01 -1.043149973130674368e+01
-1.355953301141860834e+01 -3.997754920590746508e+01
1.500640032107096147e+02 -4.684442990791010786e+00
1.872350810712561042e+02 2.274962422853781518e+01
1.456141371563016946e+02 1.609041208334611994e+01
1.020381963359594835e+02 3.364551783015378827e+00
-1.010876158916994996e+02 -3.997725282378625344e+00
-1.084247576024297777e+00 1.191964829399209513e+01
-7.410602496213051893e+00 -3.105881506018257809e+01
5.216498284551084907e+01 1.004891634551056612e+01
1.409206156550317814e+02 -2.974461751489777583e+01
1.194236203875152569e+02 2.284591884032138864e+00
1.289374699858217923e+02 1.839921616523793801e+01
3.290647043529047266e+01 5.308508332689486409e+00
-5.297380673072741075e+01 -4.129380953492507444e+00
5.444111165620238779e+01 1.072452429404258556e+00
1.699868718931409148e+02 -3.168286407039695618e+01
-7.842997470443133068e+01 1.248858268817996553e+01
1.891634525604686701e+02 -8.974357450303918071e+00
1.213233555029901112e+02 -1.835984009063924915e+01
-6.333332086281756546e+01 -1.023392440569123707e+01
6.696484525773894347e+01 1.503306454998600827e+01
-4.447020477726552201e+01 2.675373468314118952e+01
1.427890678059432332e+02 1.380861879554019467e+01
8.258045863372504414e+01 1.368786155055723874e+00
2.098208674430372298e+02 -5.184420614690966822e+00
1.812960014089279923e+02 -6.888226426767744215e+00
1.801824947535019419e+02 1.654959907179834433e+00
1.895189955298941129e+02 1.302666681811276383e+01
-1.091487595791194707e+02 4.767717249975429894e+00
6.268702775343870215e+00 1.371712525933431515e+01
1.606607574468771418e+02 -3.148050913310015986e+01
1.002375717125877053e+01 -1.389236391726545961e+01
-8.064664643267680333e+01 -1.666164086652227638e+01
7.062667460345703319e+01 -1.694666263679504681e+01
-3.860298768349554877e+01 2.214760712564691048e+01
1.670652368808578672e+02 5.578592775783952185e+00
1.382812278097915453e+02 6.953270831752666581e+00
7.620781452325252303e+01 1.822663061726303724e+01
6.170509313178651034e+00 -2.677145347098183237e+01
-8.103780311393326485e+01 2.864072337478419428e+01
1.911642551782223052e+02 -1.360638976209705042e+01
1.962853131531942381e+02 1.110116364450652249e+01
-4.554062645029825518e+01 -1.119811650637544709e+01
-6.675760866914781388e+01 -2.172755259760409530e+01
1.028127603923126543e+02 7.101820336725166882e+00
-1.224445784178139291e+02 1.191572202042802786e+00
-1.274039958987881960e+02 -7.614416563461117171e+00
1.065342281853454836e+02 2.153832819147316258e+01
1.136420602439115157e+02 1.235416815844100213e+01
1.372912997351830882e+02 5.114523121269134442e+00
-1.270638884059963480e+01 2.877077984170313840e+01
1.276423381249164635e+02 -2.029805215338576829e+01
-1.876930468188219834e+02 -6.611360537054091768e-01
-2.056289077548167938e+02 -2.593740319447758225e+01
1.277360466378854511e+02 -7.993051454014016066e+00
-6.637993729793497266e+01 1.838724364985942161e+00
1.754257883424877207e+02 -7.996367744407872902e-01
8.918529399332003038e+01 1.655356367387950201e+01
-2.578643824712041877e+01 -9.592898144513887004e+00
-5.440952040270050105e+01 -2.888056478650623315e+00
2.190933463550883005e+02 -1.770352523140842749e+01
4.135651155806484525e+01 -2.175411555013379328e+01
1.103458284886052780e+02 5.433207904174479352e-02
1.643385381111120012e+02 1.870643472183974199e+00
-3.926781019924603555e+01 1.506585282513901980e+01
-1.179063316269088659e+02 -6.283182771233318675e+01
2.945986769581162434e+01 -8.426816616578047814e+00
2.176485790075975615e+02 1.634314349758199825e+01
-1.285814987563192915e+02 9.175479633450460693e-01
1.907964882479428468e+02 9.660582953384485805e+00
8.705022784400145497e+01 -5.734790245462615843e+01
-1.572978722473751816e+02 2.179754360557487303e+01
3.721528912959485069e+01 1.241904778859079350e+01
1.010972439372205542e+02 -5.955620758282847760e+01
-1.548620253813902821e+02 9.703519763042274704e+00
-2.052670495306183511e+02 1.315417976381402454e+01
2.008429125252024505e+02 1.030725815100856479e+00
3.001883389464113705e+00 8.136180190794885192e+00
5.957576102829307274e+01 -9.676502176876500272e+00
3.607482430539528195e+01 -2.585921642279195853e-02
-4.675843425434018030e+01 -1.021517318188243983e+01
-4.492077752515632483e+01 2.811640912420996230e+01
1.118805184270097328e+02 4.040350646685802793e+00
1.380029909896331901e+02 -1.323589618115798672e+01
9.438634058985316244e+01 -6.012698132988608668e-01
1.763443657455146933e+02 1.044235505747785631e+01
1.228999840968445483e+02 -4.759670944486286359e+00
1.424824979587840517e+02 2.823823383894834649e+01
1.952042815217855320e+02 -1.067308398758170718e+01
1.054621086834992809e+02 -6.771029481824346163e+00
1.037245909760121521e+02 -3.191563205002964754e+00
1.431494570030917259e+02 -1.188759690622706700e+00
-1.943416292694699905e+02 -2.009468133581739124e+01
1.272656893360113344e+02 5.950423893259514152e+00
1.397935713921950729e+01 1.540100918118946360e+01
1.902627464421528316e+02 -5.115961473137857318e+00
-2.162892836368309091e+01 9.026805487468982037e+00
4.322964937135068908e+01 1.974578464527405330e+01
1.402123282563505029e+02 -1.313395869578082520e+00
-4.122146493695358060e+01 -5.358949133388604480e+01
-4.332720491511251737e+01 -2.509845014514086614e+01
-8.479396419842097998e+01 2.531040709172116365e+01
5.467156304661310884e+01 1.975061447468801390e+01
7.625093565628091596e+01 5.105931492428610596e+01
-1.274521819209725777e+02 -9.229417714208052459e+00
1.318365586799729385e+02 -1.022658271752109016e+01
2.077657142212821952e+02 2.082297493358808183e+01
6.621910832009589853e+01 -3.880875714699727919e+00
-3.266736698859794075e+01 2.260139758246373276e+01
1.204954498896844370e+02 7.093600878935589549e+01
1.036438037576255766e+02 -1.666096117878206329e+01
-6.826473114331299996e+01 -1.895848600137252093e+00
1.078101844598745771e+02 -4.391678789493798263e+01
-1.166093502052965505e+02 1.708235043890964633e+01
-1.511985130375248332e+02 -2.614531435357752009e+00
1.747133107674238488e+02 8.902802576070847351e+00
1.435440063825342065e+02 -5.700796116260860025e+00
1.382570276555430553e+02 5.526731965753547193e+00
6.181231665997434988e+01 2.406005096203190519e+01
2.066113788963761522e+02 4.233368321210314633e+01
-4.015974724047583777e+01 -2.021484234909511457e+01
2.126561192602009385e+02 -4.203584875655835873e+01
4.021058363021220572e+01 -2.030729498207039896e+01
-1.166092626179141547e+02 7.292028365296290282e+00
6.621444796710582636e+01 2.417838809437620640e+00
1.373046935495113416e+02 -2.429769098769261859e+01
-3.177822378966838102e+01 2.250292670678579654e+01
1.324582113673800734e+02 3.676632969525567773e+01
9.364481493340456097e+01 3.515371684708356526e+01
3.508494439538645082e+01 -2.692549494705527380e+01
1.679286522825258601e+02 3.099608956961048278e+01
1.218662454887138580e+01 8.492664289237827902e+00
1.604045731393949836e+02 -3.595376448422120674e+00
2.712815426300634769e+01 2.378162283953161449e+01
4.263223441993714147e+01 2.754013391822529400e+01
8.653329402570464879e+01 -6.181515283065047051e+00
2.080651706801979799e+02 -3.597459519076233292e+00
-1.227312396200019293e+02 3.365032344685091914e+01
-1.146729370257767933e+01 -1.287138704565748881e+01
8.690519268973281086e+00 1.841251143968656478e+01
-6.819475953386952938e+01 -1.833677145416003995e+01
-8.930833883418884511e+01 3.185536981905286069e+01
4.496323684846194624e+01 1.600544800013260982e+01
-1.415541489584786632e+02 2.887903614087525739e+01
1.154530274114384980e+02 -5.024332484229289264e+01
4.435383886786808461e+01 2.269688690916233931e+00
-7.042343987528386151e+01 -1.759156510235528970e+01
-6.296079941707073147e+01 -9.331550775414442001e+00
5.866468107250479136e+01 2.480299615599979290e+01
-6.440367742363616799e+01 1.256918318082237462e+01
-3.603066177481919041e+00 -9.146507521263698592e+00
5.926572998990739194e+01 1.077367950455327295e+00
-1.640304708428029201e+01 1.293134574557686545e+00
9.687685490908208408e+01 1.101329171035362542e+01
-1.025813214951774910e+02 -1.233180289654343831e+01
