-4.565073159898573607e+01 -4.876029075915510269e+00
-1.564119622801617382e+01 -9.648458574525188070e+00
-1.735462097353773459e+01 -9.205561485375511666e+00
2.142781328434065813e+02 2.129116460875922101e+01
-2.598820627567681640e+01 2.261248336875677722e+01
1.425076417462625784e+02 3.207478619604857251e+00
8.248593106942666964e+01 1.014661044999316353e+01
6.705954246349699588e+01 -1.874014977285158645e+00
-8.060255625899463894e+01 -4.571179782731024765e+00
1.043078070442455498e+02 -8.266338802292830579e+00
1.566659929364326729e+02 1.159343430417402487e+01
1.510805535203236616e+02 2.437229111816986205e+01
-1.083308334675510594e+02 1.807169101850657356e+01
-3.440442096754898671e+01 1.698028569326312720e+01
-7.700775842112146563e+01 5.633924187797082261e+00
-5.518430184918965153e+01 -2.604849663100300816e+01
-1.493337363551172530e+02 2.657998621669577943e+01
-1.820781932099558187e+00 4.205619430939905357e+01
2.995259097456494857e+01 3.385789136583520431e+00
-8.178829877337824428e+01 -2.023958202237646553e+00
-2.951404717307459347e+00 2.231477204635053013e+01
-6.901427916157200571e+01 1.660339752546107661e+01
2.819178035485234446e+01 3.452266710207148037e+01
1.662390883627661822e+02 2.026382849417543142e+01
5.007750849034052720e+01 3.345825302970909121e+01
1.050317952596451221e+02 6.382847858181881495e-01
-1.505890189813686675e+02 -2.210870102700745576e+01
3.414655206503232954e+00 2.524372162918543694e+01
5.601693813177046621e+01 6.738538304271619950e+01
-1.538295758548094483e+01 -5.250744829095240362e+01
1.176262668315376345e+02 1.356386338770096422e+01
1.359134493615384631e+00 5.905191380255572398e+01
9.128750344726610066e+00 2.379983988135187545e+01
2.928640843958453388e+01 -8.709831096612074219e+00
1.257409654224513815e+02 -1.705501659159945405e+01
-8.630833439401934370e+00 -2.142843853571742585e+01
-4.100238251177705706e+01 -5.183852670434722398e+01
9.330675181222335368e+01 3.089261616289877921e+01
8.156920806015990877e+01 1.313527776923607959e+01
-4.393974699744541113e+01 2.096128280784792253e+01
4.287824952447044780e+01 2.570461982093250697e+01
-4.942826731064770485e+01 4.955338272139572098e+01
-2.344519702774329417e+01 -6.827456583242307031e-02
1.114905395969870483e+02 2.241062607813628915e+01
5.901766757804715269e+01 6.647717520234557753e+00
9.437814808405474309e+01 -1.613638330044964420e+01
-4.255754403436573519e+00 -1.162771637811074621e+00
1.522914566136274459e+02 4.296244508657748540e+00
2.829029806393135971e+01 4.847124659803399283e+01
4.278076613652932991e+01 7.370615044428798779e-01
1.942920217353639600e+02 2.167177979588977621e+00
-4.785307892356707171e+00 2.073044765367870212e+01
6.872856320225317006e+01 -2.441204293738594799e+01
1.131257622710275967e+02 -3.703867617684068136e+00
-4.535611367727368304e+01 2.522634836138493597e+00
2.046806635966372028e+02 -4.933033539859358996e+00
1.304431807062184419e+02 -1.853858599386270356e+01
-4.955967535727808126e+00 -3.323684485721777548e+00
-7.669619310922958277e+01 -1.443523676509947151e+01
5.361531989632037920e+01 -3.248149024115895145e+01
-7.307680207955425544e+01 -9.046417522113056608e-02
1.133566142114030555e+02 -1.774104609330393600e+01
8.177940541456055712e+01 2.312235349185308930e+00
3.806549892476096630e+01 -2.133783111572887847e+01
5.635315671047084862e+00 -1.758170297984752750e+01
-1.143252324939029734e+02 -1.178313917785404463e+01
4.471759078774518770e+01 2.748608405606397298e+01
-5.134492216420805022e+01 1.295951274484114180e+01
-7.398274652689281083e+01 -2.777675314097450254e+01
9.981037066359388632e+01 -1.332469121950991031e+01
7.564759505524726535e+01 -2.261685831000708902e+01
1.128356554882206666e+02 -1.554462635495778144e+01
1.437474056556355038e+02 -2.589353326684593526e+01
1.343284543532885955e+01 -2.467133268004558388e+01
1.835847944989150093e+01 3.006742712852565091e+01
1.193456138391341312e+02 2.357111598253088403e+01
-5.655267930971796631e+01 7.465188723566264173e+00
-6.802077658801585436e+00 1.733431117195721427e+01
1.477410765551536826e+02 -1.881392200009108606e+01
1.208252194791304532e+02 5.113431802417627736e+00
6.017967473660140598e+01 5.951617474931105711e-01
-1.253402200706525775e+02 1.052689497880397163e+01
2.054897047477129313e+00 1.473277170044463880e+01
6.753747888615509964e+01 2.789747682799323769e+01
-4.452798792096585601e+01 3.321904038085934019e+01
7.237378386228989768e+01 2.032918568880369037e+01
5.316017276082368426e+01 -1.458204217219306642e+01
5.358908315595920158e+01 -3.287244439250878969e+01
-1.976004981435276520e+01 2.171191331358975063e+01
-2.029859334906846300e+02 -5.037081759111003976e+01
1.106010076213397326e+02 -1.032704756235724375e+01
-1.079718666099848292e+02 1.607273564329032922e+01
-5.097996097681658512e+01 1.541751164521255824e+01
-9.250045498013220069e+00 -3.040935756875782658e+01
3.762845533254046870e+01 -4.224826296411237081e+01
8.326586915109017184e+01 -6.110324936584030198e+00
4.725915347229031482e+01 1.249125412910434285e+01
2.690974749750333928e+01 6.165657658462583290e-01
8.326934790312496659e+01 -2.789906530089572101e+01
1.019758543203489722e+02 -2.354249667641571975e+01
8.977724804578114970e+01 2.934757865877038796e+01
1.096976120361737372e+02 -1.531841805698392101e+01
2.328311523191307586e+01 -2.269503256892480447e+00
1.206835590110973158e+02 1.432964391880360822e+01
-3.544166194662138736e+01 -2.571896865381599007e+00
-4.569724184957448898e+01 -2.103425374891239130e+01
-2.035627848048136812e+01 -8.402997212429816898e+00
4.634800021140708282e+01 -3.223658503730472091e+01
8.980799474680939909e+01 1.475037957990172455e+00
-2.878975988604944192e+01 2.222969677097468377e+01
7.956920170663690328e+01 3.358610774226117979e+00
4.095584628376798264e+01 2.010706532423341031e+01
-6.691450511575420990e+01 -2.681200564040622325e+01
-1.697374632765905034e+01 -2.806559465285068278e+00
-1.203607220625951015e+02 1.750711609275274228e+01
3.254500192340719167e+01 -2.661532713268124795e+01
-1.368776016665635495e+02 -1.960698625209388268e+01
1.076649465870614932e+02 3.518669953438443088e+01
-3.025660226574672862e+01 -9.185606058208181324e+00
2.165936820847519151e+00 -3.602547033466502402e+00
4.364427563113632402e+01 6.043949424883223287e+00
4.874299862284809137e+01 -1.420389049520271385e+01
1.199308010916730893e+02 8.972302940945619198e+00
-2.709374247385712309e+01 1.740864359386153737e+01
1.542860038860457053e+02 -1.684626796290417872e+01
8.434769032475875861e+01 -4.233883906869186120e+01
9.908409328238613512e+01 -4.056305083783265530e+01
5.906127079183074002e+00 4.065979459613278379e+01
-1.499123887505222683e+02 -1.447911388468517480e+01
3.350647063936698089e+01 -8.998142405463116944e+00
3.737121053972183660e+01 2.220057187489025097e+01
-3.639925853495974195e+01 2.132641945513966064e+01
-3.468412500935108511e+01 -8.416676455445829319e+00
1.010126608325022772e+02 -2.797728883804102118e+00
1.822001774168459320e+01 -6.081125320346691865e+01
-1.723673251129829609e+01 3.537923762285726781e+01
-5.559673251213143175e+01 3.645637105799886513e+01
-8.609160482223931865e+01 -2.319642644120536090e+01
4.660940749988112941e+01 1.585732208915972663e+00
3.099300107251807290e+01 2.184176240503042266e+01
-1.178275346621071833e+02 -3.612274772157960712e+01
-1.009033851299549056e+01 4.996782761483566482e+00
1.621745877941243634e+02 4.123414097126253175e+00
2.654232266218370739e+01 4.812982024902252576e+00
5.532285817864649857e+01 -2.366619046171297036e+00
1.648478092412581191e+02 8.025593679415242931e+00
-2.048960947190987838e+02 2.241715720440609161e+01
9.440701724424413044e+01 2.712892193454594292e+01
-3.964914305456125021e+01 -1.813736715182789894e+01
-5.531638343280950165e-01 6.137095071848738037e+00
-1.533115565912985119e+02 -9.955371207259748612e-02
7.381895013157318886e+01 3.702909958389418676e+01
-1.845779041420158251e+01 -1.479519185154683569e+01
1.990810969170658140e+01 -6.105183758072912914e-01
1.286586181656972769e+02 2.867922617050760437e+01
-7.370876554115454837e+01 -4.207771796009811993e+01
-4.005501772336638844e+00 3.484708013647077252e+01
1.201005422361619566e+02 -1.046471405024128920e+01
6.715287319523793030e+01 -1.059719898298132534e+01
1.586500269682703390e+02 6.102958123938432955e+00
8.896262555841553876e+01 -1.005183801486227768e+00
3.692649640417684509e+01 -1.058562269875634598e+01
-9.347028592139745129e+00 9.781333774594232366e+00
-1.530337754853596834e+02 2.577749512321588554e+00
1.650430791928875962e+01 -5.438649331403999554e+01
9.792702732676725930e+01 -1.535944687379054763e+01
1.162767439538740319e+02 -1.706875967241601444e+01
2.208514007595648110e+01 1.092787303868690962e+01
-4.851152947348649036e+01 1.673865656432253957e+01
-1.052667924642657766e+02 2.112292590789449065e+01
-6.208034571094881926e+01 -1.433861942140269896e+01
9.652474250799858169e+01 -7.377140680293751807e+00
7.921972190754328835e+01 3.409801711866807139e+00
-6.807802528092230432e+01 -9.484193548916117322e+00
4.332080515213530703e+01 1.255160523980429943e+01
-8.097736186690180205e+01 4.335570443588336786e+01
2.604212995696774868e+01 3.513903575063109130e+00
-2.059132652542552648e+02 -5.924701403012244683e-01
-2.151634788276126997e+01 9.407892136821707774e-02
1.166052250229797806e+02 -2.272507395112795336e+01
6.824525362706570775e+01 -4.006321646444782836e+00
1.212583682461958432e+02 -2.745027012490455220e+01
-1.854277663139214027e+01 -4.833844881948641814e-01
6.660336765806432879e+01 3.844830750919022044e+00
-4.499659283381483732e+01 -3.944185003477227447e-01
2.144999908791029952e+01 -6.556123169123780903e-01
-2.250569132189751631e+00 -2.464857752694421755e+00
9.157622001862232253e+01 9.483031373598008074e+00
1.194297869745569152e+01 3.683718146339408861e+00
1.200420810920301165e+02 2.409974296781925673e+01
-6.107851474383932810e+01 -3.450732880788116574e+00
-1.778698327243841391e+02 6.140341972402678650e+00
-7.604339675838270196e+00 2.405977830752147995e+01
-1.248551265707783529e+02 -3.778429308575067580e+01
1.490871340648282910e+02 -8.700424469156448737e+00
3.175598093682370049e+01 1.144854496172148295e+01
5.343106844021749069e+00 -3.246614490709489331e+01
1.312160203837511290e+02 1.028013201421139833e+01
-6.875251443159547193e+01 8.129081517434546100e+00
8.521643975503079105e+01 9.776213841869228816e+00
5.585772442444004326e+01 3.062539299828031858e+01
1.027598007769959736e+02 -2.429242313279253551e+01
7.304806767913255783e+01 5.496492719599151755e+00
-7.064372382272401296e+01 3.499769939727787715e+01
-6.982945040569373418e+01 -2.892424467506657493e+01
4.309753084130262124e+01 3.462711611866560446e+01
7.222421616724143689e+01 2.992762053936708355e+01
5.211271716326548642e+01 1.040531064581051268e+01
1.095011395558622809e+02 -1.645970559535311040e+01
9.945925599962031072e+00 -1.660869915620502013e+01
-4.882535628102588277e+01 -2.618465776974827630e+00
8.074230379923014311e+01 -1.543752984585361787e+01
7.873109893171297813e+01 7.685019120249127589e+00
1.016923647465612959e+02 2.833347540515922347e+01
1.058464453523475868e+02 1.562289884870623169e+01
1.184378187973783696e+02 -9.216775807278333232e+00
-5.803596794424785088e+01 -9.974301255345720207e+00
8.243882521090017690e+01 -1.853496013110489216e+01
1.048223606822844545e+02 2.153458991811397549e+00
-1.103064170819603795e+01 4.123955923709559102e+01
-6.542230409598337815e+01 -4.414527446707786140e+01
-4.385928736842521403e+01 1.110649030405793880e+01
2.959567306072408144e+01 -3.848892665334198426e+01
1.229747528077024867e+02 7.278341449710341138e+00
7.391987687015023312e+01 3.558236120047786955e+01
-3.397716380461367436e+01 -6.310947441475309283e+00
-1.941985050713376637e+01 1.680549198656229848e+01
-8.671551565855230592e+01 -1.084372157730445352e+01
1.414031977272570089e+02 -4.032165745607266416e+01
4.205474701502522805e+01 -3.024296417812177040e+01
-4.253014907590363691e+01 -9.051759957173654669e+00
6.773587205438644787e+01 -1.363906816751215878e+01
-5.297586826969300944e+01 1.791897711014033590e+01
-5.774796383626308938e+01 -7.173778268840460726e+01
-1.103563054487254362e+02 5.542679771565328650e+01
8.615346964589168977e+01 -9.938336449382067173e+00
3.137987154389471911e+01 4.675430529331705110e+00
1.072477592188923978e+02 5.521963052287277574e-01
9.204909015648075865e+01 4.157690497263040186e+01
5.041138039232853174e+01 8.408473055304924060e+00
1.690750159563643962e+01 -2.278093940824909325e+01
1.135353399278043298e+02 -2.454987344167510521e+00
1.668361499721042662e+01 -1.427152804610567927e+01
1.060934644492030685e+02 5.759987973206083467e+01
5.451779500076732177e+01 1.739154115102940423e+01
1.151033127508573557e+02 3.767284282808857654e+01
1.363615746985994406e+02 -1.572680723305369455e+01
1.084788899250385157e+02 -1.884244893398985932e+00
8.888114584708560528e+01 -1.324478143970469368e+01
-2.921902552357740390e+01 2.945228489035937969e+01
6.575633654959341357e+01 8.015407605546293723e+00
9.467959655646816941e+01 2.012480150776066878e+01
3.740208877107545682e+00 -3.674378629791197337e+00
-9.410072755310899595e+01 1.427356583461107320e+01
-5.762208521743692557e+01 -1.967505366623766960e+01
1.469064743101399415e+02 -1.291647503117577145e+01
-7.898980753759961715e+01 1.918207377501754962e+01
3.223836708718893362e+01 -3.674970163419097879e+00
1.579505447994021949e+01 2.780925038396544480e+01
-5.108994964747046197e+01 -1.772880764505579165e+01
1.691774943118588794e+02 -4.371795440470532812e-01
3.871621430847675782e+01 -1.489273281041315222e+01
3.737289371224632362e+01 -5.614369263428788059e+00
-2.547124367858508620e+01 -1.058615338069222211e+01
5.265973167152002077e+01 2.743776482961959218e+01
-4.431047961603108121e+01 -1.872130595601076308e+01
3.852518062829565082e+01 3.461891896941504143e+01
1.252424561010162165e+02 -4.692138422595380831e+00
1.205022703025933311e+02 -2.379892752866396677e+01
-2.712313579133832775e+01 3.876916871800757747e+01
4.878246211241327046e+01 7.141422315751144723e+00
1.078881599322354248e+02 -2.433917780180659562e+01
9.808370795212631776e+01 -1.781507039561508066e+01
2.707361008795392365e+01 -2.200296595959865087e+01
3.190857746349414725e+01 3.014321878214937556e+01
-1.078339004080086028e+02 2.595253918040585006e+01
1.506816801640923416e+02 -2.117086194921563447e+01
2.032512284463225427e+01 -1.105616950561811862e+01
8.103455656230551085e+01 3.262623670827617506e+00
-3.090701844001543108e+01 2.040654062929309021e+01
-2.764891878592071706e+01 7.147526705821287685e+00
6.169591139341370933e+01 1.607508605573132909e+00
2.629952121697205669e+01 -9.527175740353975186e+00
5.023496343923950036e+01 1.735588888569245114e+01
-1.437014102179711550e+01 -9.659703099065978904e+00
1.099732531591806008e+02 2.575063987071932736e-01
1.551795544125627657e+02 3.064082298110224034e+00
-4.914272686717686867e+01 -7.863389126796697326e+00
-1.336114435589554006e+01 2.084832937305446166e+01
5.947736996210604588e+01 3.158107234595447466e+01
7.733732485305760918e+01 -5.147939044282091592e-01
-6.974507251274791031e+01 8.293307406615280541e+00
1.215258238100664840e+02 -2.083094520771798486e+01
1.844769548042594565e+01 -8.570046611348310250e+00
4.397866265879842729e+01 1.570554777523829415e+01
-1.053534348137508943e+02 -9.659085950464033843e+00
3.550716631756221631e+01 -6.113357001379044142e+00
-1.152748244155485224e+01 -5.389881524462436602e+01
-1.062446311808091366e+02 1.225974789786766772e+00
-1.966366222539270625e+00 3.259717237202011564e+00
-5.013416521140896975e+01 4.347323177581665021e+01
9.754783792634117390e+01 2.987009621333524656e+00
-1.018598537896417184e+02 -4.338819911111894356e+01
-7.472708301298827394e+01 3.507552773820980008e+01
1.964100564834538787e+01 1.677822295640637051e+01
1.432245265462769908e+02 1.776122430508304362e+01
1.875531807079812836e+02 -1.984590377399064565e+01
-9.371410083869132279e+01 -2.563257231220255861e+01
1.396678437082711923e+02 -9.826607077381110500e+00
8.699000525405375583e+01 3.714234132531890253e+01
-1.776075548694429926e+02 -3.491316975945203183e+00
5.498406435057991359e+01 -5.801414425762907889e+00
1.490127842134632985e+01 -1.659790578308603326e+00
-1.522394960317985158e+00 2.839494844768448445e+01
1.311065329295633433e+02 -1.301170739607760574e+01
4.721751209501859847e+01 2.406523836531719240e+01
2.476326903982171501e+01 7.150722250425703308e+00
1.389633038667333835e+02 -7.785541301685516835e+00
1.343617928177823160e+02 9.124216035217505905e+00
-3.381218825571649234e+01 1.353809405929665388e+01
4.832704190930484600e+01 1.304398179500996413e+01
-3.697577330291362330e+01 2.839180788791710341e+01
1.285602970659850186e+01 2.631508968834438633e+01
2.028046704785163570e+02 -5.736932903546525964e+00
1.121812889756550646e+02 -2.990935058963956550e+01
-9.832313278757810693e+00 1.401482233536605371e+01
-1.651128452017409032e+01 2.525466680064990044e+01
-4.081634530961338925e+01 -2.133508745298740905e+01
8.945212255145539970e+00 3.825421511574308653e+01
2.056686477062042115e+02 3.328789080968796554e+01
5.838816166327400481e+01 -4.440500833134763070e+01
4.210845538138698174e+01 2.432008247759843300e+01
-3.176988915664523105e+01 -1.621777818753802336e+01
5.579326218114530178e+01 5.083952473106071679e+00
4.882381985829339754e+01 -5.151575403630692662e+00
-9.797468462996769745e+01 -4.754178245047359042e+01
-1.968458849019409911e+02 6.895527086698534092e+00
2.520791502337544898e+01 -7.560467669376984112e+00
-8.861531452036074086e+01 -1.877890183939874191e+01
5.614251330077341606e+01 9.972234279798104950e+00
1.129290475403912097e+02 -1.827320071823270942e+00
-7.954684018638361387e+00 5.854374917577445103e+00
1.588232378755529908e+02 -4.374687970725239694e+01
1.047537018042884966e+02 2.499097136835699828e+01
2.000616408405824700e+02 8.976638500465223558e+01
5.933162609303500545e+01 -2.981011571529445803e+01
5.894449395117562496e+00 -4.683191982212063209e+01
-7.176673298658103306e+01 -7.814443666966739421e+00
8.804417733851933292e+01 4.563198694978585657e+00
9.581911181001045463e+01 -3.258127611099001797e+01
2.967286401748710034e+01 2.266639958654817377e+01
5.887786452251042846e+01 -8.054731643930333362e+00
1.723984209981351512e+02 -3.072513515277505824e+00
5.673144340175847589e+01 -6.360466996236185722e+00
3.268270967010965933e+01 -7.351767783282798518e+01
7.012121836275588294e+01 -7.791538542372638432e+00
-3.091434634642109813e+01 3.690170519654358272e-01
7.552470745705483068e+01 -7.878326716982583022e+00
-2.409351093440840685e+01 -2.088667167025476701e+01
1.626317990695436890e+02 -1.867015361598773282e+01
-9.702337522566661221e+01 2.135442820340007231e+01
-2.042932039569014790e+01 1.505452445678869644e+01
6.689982096816207502e+01 6.538174981031366428e+01
8.415979052206647282e+01 -2.706886988496198043e+01
8.141152317871464561e+01 -1.834025069750518355e+01
-6.411031925879018445e+01 8.326063496972349043e+00
1.573309452182923565e+02 -2.464718465782213386e+01
1.876716204854409966e+02 -1.321890834842144535e+01
1.564322034771235792e+02 -1.282252930530147950e+01
-2.943146231344728747e+00 -2.056832720617397570e+01
-1.766972548565548706e+01 -3.422790101624304526e+01
2.407948255931437131e+01 3.556689957020142145e+01
-2.278382865449072980e+01 -6.295884955962921303e+00
6.940617950392496027e+01 -7.787280354046886011e-01
7.220153088344190451e+01 -2.156851172737492561e+01
7.108500429677364707e+01 7.061919103915949236e+00
-6.405199271178221920e+01 -2.445080944611153839e+01
1.300597448145983890e+02 1.598205798251660781e+01
9.296362359221619442e+01 -3.496599524288697580e+01
2.076279950911349559e+01 -3.463973397963140144e+01
2.669486420248092884e+01 1.261331875384273360e+01
-4.715107102223104363e+01 -9.713038623722468401e+00
7.077936357690330738e+01 -2.398993455451265788e+01
1.791659421734223088e+02 -9.397275527143452933e+00
-1.870311421531066287e+01 -3.339383418488409205e+01
-8.021795612680928400e+01 -1.791500679387373784e+00
2.690366385727929455e+01 -2.954132844705851468e+01
3.037911920032269464e+01 8.019805853477659952e+00
2.955730838844975672e+00 1.396287536542520025e+00
1.651400326872457569e+01 2.530248823182981255e+01
-6.000972242498820464e+01 7.100486432628613009e+00
2.531222185672716396e+00 2.243974877272233570e+01
1.258335273751386865e+02 -2.011113179894440961e+01
9.566783908386312874e+01 9.478819315557736047e+00
1.299942061925507346e+02 -7.171499635241384674e+00
1.274794835429047453e+02 3.547513060846291477e+00
8.907008536500691775e+01 -1.645633158615661840e+00
-3.029138387149994571e+01 2.318389725895074349e+01
1.527132659792725065e+02 -3.563743813045881392e+00
1.568262191386544302e+01 -2.790130503916438443e+01
-1.574272432703255831e+01 1.883087814328416432e+00
3.083140943617737761e+01 8.139784034166282822e+00
4.665120983386878351e+01 9.475626242256860010e+00
5.438588288234524981e+01 -2.986355693055028837e+01
4.649660036907552474e+00 -3.698419798736527042e+01
8.402013035367498617e+01 2.583883191976046589e+01
6.281886680149968427e+00 1.762687637801543517e+01
-6.061830901941585381e+01 3.439342213554937899e+01
8.422023648392342920e+01 5.061754237533453704e+01
1.741379512430557668e+02 2.193190289482580990e+00
1.217479912711091998e+02 2.115624374191493473e+01
4.334806871043950594e+01 1.539360022162436170e+00
-4.929582790911066326e+01 -2.594002561484461467e+01
1.685164320481145239e+02 8.673942769009256537e+00
-1.199229746815432662e+01 -1.793840634819772006e+01
5.786505842061018257e+01 -2.605258158463296114e-01
1.205564878176188870e+02 -1.954497173675962074e+01
1.575002674742670763e+02 7.849956816135574833e-01
9.401261091203471665e+01 -1.144253091044364901e+01
1.692943418560485114e+01 1.349467025211997218e+01
6.887831334194704880e+01 1.989059946834314729e+01
1.148811409115178606e+02 2.426688769907760346e+01
-4.380605866295630335e+01 3.471266680453651077e+01
1.124273049850239516e+02 9.167893791022519778e+00
-1.860547698900473890e+00 2.570962937792172998e+00
1.154168732373418749e+02 7.102093475968926484e+00
1.661347902333777711e+02 7.581181933565432018e+01
2.817528396331701046e+01 3.785221328576741229e+01
4.476923963300133380e+01 1.917897339813918833e+01
5.173484705022980634e+00 1.344839247913698799e+01
7.726149553951798055e+01 -4.738169707433368849e+00
-4.795002818048827464e+01 2.372161133345385053e+01
-1.008037861497775225e+02 1.036681901081117907e+01
5.996596271927975152e+01 4.213131254065881137e+01
1.274826123951372239e+02 -1.822808723147403853e+01
-1.205880570211903375e+02 -1.530191680272819355e+01
1.676071802519580558e+02 -1.239754808815492737e+01
-1.047482708371503008e+02 9.263553337118416664e+00
-1.026414059630018585e+02 -2.787335142982777292e+00
9.578550533246954046e+01 -3.081161626630326111e+01
-3.131770107923577484e+01 1.206835283376739021e+01
1.512802049905528179e+02 3.920117375543943794e+00
8.160153134018223398e+01 3.841505664387872088e+01
-5.112682396239770810e+01 1.156460868978798473e+01
-6.203341949821408008e+01 -1.859611928707806427e+01
2.787861020703818937e+01 -3.092926706732969677e+01
-6.640921416145368994e+01 6.092797128206395030e+01
1.167988597755958864e+02 2.747319036189624697e+01
1.713745679499465382e+02 -2.217626091279445433e+01
8.697655109215759239e+00 -1.874872107801671817e+01
-4.381900762341900446e+01 -7.661868527060407530e+01
-4.326507448725609351e+01 4.069415156847264115e+01
1.307755217207661644e+02 -2.859919127842309550e+01
-1.020426822684468604e+01 -1.974856890324426129e+00
-9.428490888448969542e+01 5.591622757739854066e+00
-1.707781637661906871e+01 6.475202917196417829e+00
9.793529457035056396e+01 -4.516398938709299316e+00
6.782510860854709733e+01 1.252773140079810510e+01
-8.350868624313123689e+01 -1.754009773744433431e+01
9.975239080177861695e+01 -4.148329653325179578e+01
4.115692919632195412e+01 8.173141476729874455e+00
-4.655691547847627731e+01 -1.958715116394411737e+01
5.001107723940572924e+01 9.097154722403729465e+00
-2.747946730931038317e+01 4.945169334131003680e+00
1.892071769953721798e+02 -1.433759436731776304e+00
5.686401369371319703e+01 -9.345601029002102322e+00
8.543028778683002145e+01 5.257330645993886975e+01
-3.492711802061887738e+01 8.500599175068414226e+00
1.358075374087959801e+02 -1.328444059075961370e+01
-2.894722692141916198e+01 3.389297244191753578e+01
-8.799587992311838036e+01 -6.382834220972873673e+00
-2.417549709514327461e+01 -4.756015572955493376e+00
-1.263076708463118614e+01 -2.021619416163604299e+01
1.727909128466512101e+01 -1.192233319245291057e+01
-4.175352340231464510e+00 4.104130762311879010e+01
-1.110555864355009561e+02 5.997489443582500357e+00
1.041641636907071415e+02 -2.877407260618068108e+01
1.507736123096596828e+02 -7.949022871723060213e+00
6.834148339147106732e+00 -6.439680861332604422e+00
-1.691368655709946154e+02 3.533813610596046040e-01
1.002687177396064442e+02 -2.478945871609309393e+01
-1.364401199179180679e+01 7.999671907155550876e+00
1.896928699375705776e+02 1.896938021151960285e+01
1.245825824626354716e+01 -2.752913140473816966e+01
-6.852579984885355202e+01 -1.007320973648334217e+01
1.745624061970101195e+02 7.376418332536514022e+00
-1.334152026289732795e+01 5.459183666759052755e+00
6.211773732998809550e+01 -1.352456865067821212e+01
9.363720128854234304e+01 -9.867972825527090208e+00
-1.091083125157072971e+02 -2.836109702910829355e+01
-1.138439530439053442e+02 1.002621488753644208e+01
2.162011449924386568e+02 6.721978348908275613e+00
5.453492345429643251e+01 1.897180567179702493e+01
-7.372383379539674308e+01 -1.370626753697942490e+01
4.083537530139551563e+01 -2.958730385027194387e+01
1.225209395334572378e+02 4.902007095209237164e+00
1.205207840780087736e+02 -1.490671218449475965e+01
8.456931742512577443e+01 -1.375579291144413396e+01
-1.777655789033224565e+01 3.833306239827221162e+01
-5.535709538773137872e+00 4.447551329976577961e+01
1.650215649054608491e+02 -2.604161566744041778e+01
6.104606667576809542e+01 -1.544161637148245392e+00
1.535394639503602718e+02 3.521633148341075881e+00
-1.023548459373308219e+02 -4.544178858471422444e+00
6.366389938745178512e+01 2.159554581881114288e+01
3.889484165593793819e+01 -2.119171912060634000e+01
1.609755877881987729e+01 3.074792897455422036e+01
7.889852102724243821e+01 7.329454785606168699e-01
1.452598177446282364e+02 -9.737475602316198575e+00
5.605277042120212627e+01 -2.612114357250574770e+01
1.811006877897606415e+01 6.636202991123333561e+00
1.620549909090528047e+02 4.364961076186910560e+01
1.415602053387895580e+02 4.551274061836921447e+01
1.991825378046581463e+01 -1.501694436525877130e+01
1.588628599407707895e+02 -2.196574216992687312e+01
-1.721724089411564407e+01 -8.337465067581581124e+00
3.615775694069350266e+01 -5.347546424223813766e+00
-6.423890281032889504e+01 1.117782616555026642e+01
-2.315535070412551377e+01 2.607722276704441100e+01
5.647769580328152728e+01 -8.375038180513527664e+00
-8.917441636166506669e+01 3.902887895382013994e+01
-6.919394184568035122e+00 1.730760037089768844e+01
-8.553197378037525311e+01 -6.622650381970764499e+01
1.729220968686753963e+02 -1.928898137500687948e+00
1.775355124999905172e+02 -8.133603822812627726e+00
1.903228539244134652e+02 2.917814787271972676e+01
5.478686133132485025e+01 2.767035888956219480e+01
6.683710237016163092e+01 -2.691509530385237170e+01
1.029235797758459370e+02 3.450675910565026783e+01
-2.892220696281202308e+01 4.361223720006986326e+00
-3.115307786687291625e+01 3.277948459392262759e+00
-1.989663636600671381e+01 3.103616786821300977e+01
-8.466726396648650166e+01 -1.389594115424063325e+01
-1.261974690251576448e+02 -1.225947347468573767e+01
-1.078031453428262836e+02 6.847131271396604824e+00
-8.273527793804682062e+01 -1.286389628763359561e+01
1.116906164190288742e+01 2.587100895881980023e+01
3.282986367923672333e+01 3.157982089676401039e+00
-1.939337045251552638e+01 2.328010601861666196e+00
8.207262259035933027e+01 -1.502217214636427478e+01
1.865826811626289938e+01 -1.105567209303147891e+00
1.479205862040923876e+02 -7.060014594375463304e+00
1.074600377943358325e+02 2.314754184673915205e+01
1.003230158666826526e+02 7.668734192216217771e+00
1.506365129557849230e+02 1.977755660400339721e+01
3.244030289316561522e+01 4.089780731833498351e+01
2.681744015222328059e+01 3.182733175267016890e+01
2.198698588485742622e+00 6.057406654420192105e-01
-1.352475318355003253e+02 2.289674662494413582e+01
2.604864139204525841e+01 -2.766453776307818690e-02
4.723027375840912612e+01 3.176506363679269995e+01
5.597501609931205024e+01 2.963118134038165863e+01
-3.729467664987592634e+00 1.330731416791997113e+01
-3.684637866488584734e+01 2.959303730631963347e+01
-2.380422784341935216e+00 -2.487573814303350161e+01
-1.476495211909713703e+02 -2.101073515285393256e+01
-4.352049852781239281e+01 2.437751169805415064e+00
8.491652215888485955e+01 1.042926166324097625e+00
-5.323534629832215614e+01 1.291678893939025663e+01
-2.932990668503864029e+01 2.914616960074707563e+01
1.950798128811739787e+02 -5.158838533361060286e+01
-4.312733503819642777e+01 7.123122025365194787e+00
-2.077039337960203724e+01 1.469985415973968479e+00
-5.970595351819513041e+01 8.570629108575427146e-01
1.116402495252280005e+02 2.524219259221706313e+00
-9.780489917774009712e+01 1.606293429245067017e+01
9.084612158277987248e+01 -6.052847158851730747e+00
-1.645567864248690393e+00 -3.875632448889290771e+01
-2.546999078584335408e+01 1.351485532364876008e+01
-3.483771952527324522e+00 -1.111026315245692508e+01
-4.917190633095629693e+01 1.389560704120289181e+01
1.102591120184158768e+02 -1.248046184917581236e+01
1.449598703199099532e+02 2.418152427475894228e+01
-5.882658594779963224e+00 -1.744307196380814418e+01
8.337223687115427140e+01 2.101336727641949509e-01
7.976057711211068124e+01 1.354742129599728528e+01
1.602350187110336037e+02 -3.249179326232375931e-01
1.250527285555946975e+02 -3.140902203773956458e+01
7.429003616902388529e+00 3.871662259534353279e+00
5.489985158627139583e+01 -1.126183718831236913e+00
5.213268804160746583e+01 2.546214046758809690e+00
7.469946332958954827e+01 -2.941278741316864043e+01
1.019001747055133933e+02 7.671030726014382850e+00
-1.072978674362690299e+01 5.287112135155472714e+01
-1.009240156543675937e+02 5.402600423797239149e-01
-2.605779989816891185e+00 -6.888237564836678928e+00
3.169231697722796426e+01 -3.121283731523551985e-01
1.343080891839653077e+02 5.104317606416734066e+01
-4.422012951109059742e+01 2.893155048648889149e+01
-7.501576761923529091e+01 2.557536474732361853e+01
7.600198500161462789e+01 1.195265421374261194e+01
-9.891829207112911604e+01 -4.087520213480340203e+01
9.444739063047202876e+01 -2.968702031187695312e+01
1.041698628959061068e+01 -1.649631349082268272e+01
-1.112564383696785342e+02 -1.928522426784061494e+01
-6.206914529239276135e+01 -4.195663813541133713e+00
1.090546521054900069e+02 -9.956009922339367435e+00
1.722627632782078422e+02 5.288303316829014555e+00
1.694022212418129243e+02 6.478730704352688718e+00
1.408795837314454786e+02 6.581002343377607922e+00
1.167169035234488916e+02 -1.837675426522790190e+01
-3.147649600094593225e+01 -7.181663424243330596e+00
-6.055333971651930369e+01 1.800416679228661820e+01
4.674399459115490174e+01 7.508874504384515092e+00
7.557009548284565881e+01 1.835048223675556045e+01
1.148269313277520780e+02 7.422871777190628073e+00
6.494453063266503534e+01 1.305664419207804272e+01
1.905918126556580035e+02 -3.102862588495820084e+00
-1.371495315683399951e+02 -9.810929443635723501e+00
-8.081598665056222330e+01 5.322833631539521804e+01
-6.210871261448463798e+01 -2.955641983181056887e+01
8.274083202794550118e+01 -3.914091383789106970e+01
-8.585250526665352311e+01 3.192654358063160913e+01
-5.188446307949331526e+01 -2.301649763019217332e+01
5.715626176322216168e+01 -1.049514216131303890e+01
8.327165157811968754e+01 -1.186490648659664160e+01
4.564199296519674220e+01 -1.533579182801490859e+01
1.429728897472413678e+02 3.886183941743454273e+00
-3.469171101651604516e+01 -7.758217723905178609e+00
-2.750634989946147968e+00 -1.536004479939210654e+01
-6.055605456926641317e+00 2.913111986367954032e+01
5.737842443331547315e+01 4.246348426645855767e+00
1.690240961817711423e+02 1.553992256050372767e+01
7.057819168190904691e+01 1.531585987517609304e+01
-3.538210933067339425e+01 -2.081445957294350890e+01
7.315431740272146044e+01 7.239869387166767423e-01
1.130932024494529564e+01 5.516290761948098087e+00
3.775960349362684987e+00 1.384125552186758945e+01
1.874702259286389676e+02 -2.886036621635858523e+01
1.936339644676784246e+02 -7.976706347565426292e+00
-2.953829869673413455e+01 5.985492044650014165e+00
-1.198052776863120243e+02 -1.865022869507432901e+01
-1.394843660421854814e+01 -3.451994797315043684e+01
-4.962434929835880837e+01 5.994774585049299276e+00
1.276171141577795538e+02 4.598199286088564541e-01
1.738259166833688596e+02 1.199675500246290305e+01
-4.369916808024513699e+01 -1.970373997735699234e+01
-7.935215738973842292e+01 3.236361334688606917e+01
7.177410988361624788e+01 2.899301685560319797e+01
7.051214893227603397e+01 -2.173388811636661089e+01
1.544390930136853024e+00 1.524839658582431845e+01
7.672177702739588767e+01 -1.200864632895229889e+01
5.952840032630115275e+01 -3.459982996938721556e+01
1.870445762296418790e+00 1.040930374885396681e+01
6.747602611252101212e+01 4.468734934991994834e+01
-1.591446203725842423e+01 1.217355292214964813e+01
7.008567775563100177e+00 6.173172512468633882e-02
3.846741134414373420e+01 -1.448613003948149291e+01
-1.824342880962311142e+01 -9.615042085192422316e-01
-7.829742796655247616e+01 4.309352741344834214e+01
5.687231758219133582e+01 2.528148976551941018e+01
-6.305120187922312169e+01 1.557536923884968338e+01
-1.577674065238761330e+02 1.503395748365191054e+01
-4.824603962216009023e+01 3.546058462208717010e+00
-3.789410584020237138e+01 2.509819843737867373e+01
-4.183387147723853872e+01 2.445464579823707396e+01
1.213627122122589839e+02 -1.041354490337094241e+01
-6.297159322331232545e+01 2.020074121404463341e+01
-1.851244146583078631e+01 3.389983376009695348e+01
-3.395764912867186069e+01 -4.941575501366455825e+01
8.044707151288687896e+01 3.352167055909399895e+00
7.321664160625891782e+01 -2.973000475989975300e+01
-6.602557326094836299e+01 -3.997594518005988196e+00
-6.041954248209309952e+01 -1.607938533858900598e+01
8.378969150860707771e+01 -1.826294459999968467e+01
-1.003690894168612147e+02 -1.336425742103938052e+00
-5.736277931763407167e+01 2.619242079571076331e+01
7.353079623952989152e+01 -2.463263083978013857e+00
3.739198844079442097e+01 -6.031766836981531554e+01
1.113674437036427918e+02 -2.297926394925380578e+01
-9.990875888064313415e+01 4.363501864256219420e+01
2.051551209325030456e+01 -2.324895990740280283e+01
-2.025473742199456595e+01 1.184110487729884120e+01
9.804093435366770848e+01 -7.326515469819391058e+00
-8.036587337161392952e+01 5.448097695946777286e+00
-1.512192009089981859e+01 -3.797924139059180249e+01
-1.033414216696678380e+02 -1.100742283219526829e+00
8.467244304807684330e+01 -1.924590469359473133e+01
4.408187670657029145e+01 -2.010758878398535288e+01
9.816692456612322815e+01 -9.816003147384952943e-01
7.233822540599260265e+01 -1.848608518006379953e+01
5.887367450345944775e+01 2.314720672013044211e+00
-7.046754273810263669e+01 3.851821730010600575e+00
-1.416539797843619297e+01 3.194922067216081629e+01
6.694877326583504384e+01 -4.093600109433569401e+01
1.969735027355456936e+01 -2.452519685926403881e+01
1.875668414214078723e+02 2.391071353078763906e+01
1.217047436962942584e+02 -8.516244886740331310e+00
4.469248355048534904e+01 -6.491854677251951422e-01
1.865576402327645766e+01 -1.892560067966713433e+01
1.465953019782437572e+01 1.098505625087731197e+01
-2.757522560397432443e+01 1.155534791204446954e+01
9.063744189421210251e+01 -2.464650921973582598e+01
5.164373579484080778e+01 3.706065624548273263e+01
4.211866757411505802e+01 -2.808860061358238269e+01
-2.241512863337611350e+01 -5.693360705842967384e+00
1.441916116646955572e+02 -2.022278165775087011e+00
-2.849484253683677792e+01 -1.868724341052179483e+01
-2.203593818264268123e+01 4.772834070956626107e+01
1.631908829187397600e+02 8.432302192311723843e+00
-3.178303581759084651e+01 -8.819930448363148656e+00
1.625071146344108897e+01 -4.172590931864218078e+01
-4.988440221194221635e+01 -5.544594462929786971e+01
1.523946242955036610e+02 -6.363606031899963433e+00
1.496864212337418678e+02 9.901456289113502729e-01
3.935720728041849270e+01 -1.068566808229856946e+01
-7.255931098664291312e+01 -3.344696454763864324e+01
1.981672551606141042e+01 -3.411793282635458269e+01
-1.644809712627952081e+01 2.175858341091308645e+01
-1.545043223197697202e+01 6.473169354897184746e+01
1.027276135639227306e+02 2.796609806208588367e+01
7.120018027886860068e+01 -7.014205789253142864e-01
9.302175060106827686e+01 7.942102878883909867e+00
1.038674304803726756e+02 7.195490858645992915e+00
4.524515109735422413e+01 -2.412865719674407661e+00
1.044426990495447143e+02 -6.290993256811220569e+00
1.280632921581657797e+02 2.236632151610674057e+01
-6.523072955282824381e+00 -2.734101246844157274e+01
7.254625313016072141e+01 -7.421917954616032098e+00
7.134835631959384727e+01 -3.683193010881521179e+00
1.844660119181790776e+02 -3.745252678440023075e+00
4.076451460278629213e+01 -1.849168511228284739e+00
-3.605874446664378752e+01 2.151334967699393808e+00
6.103152514866344092e+01 -9.359728627661191069e+00
6.397016553926635396e+01 1.642542714488475397e+01
-8.211835104274378239e+00 8.727335013620303172e+00
9.867651863145910340e+01 4.587583274603596273e+00
6.488167451127112884e+01 1.140076839798959973e+01
1.274536642068191838e+02 3.010423915334853318e-01
1.701595048629845905e+02 9.173160719325979429e+00
5.574697484809689740e+01 1.567805409588731358e+01
-1.638290002434321764e+02 -1.784047990316831545e+01
1.106386066076991028e+02 1.517651336350721003e+01
9.785965804636776966e+01 2.806005440373954229e+01
3.007058332581213023e+01 -9.680931997724751881e+00
2.226452766142712747e+01 1.380289721017779669e+01
1.749500485700770867e+02 -2.467991782032420289e+01
-3.956500145619504138e+01 -3.801780827103848992e+01
-3.717186183483762818e+01 3.139364107862722975e+01
5.360695959040460679e+01 1.242256694563593911e+01
3.029749585957270241e+01 -1.920058865232124035e+01
-2.159765544447127539e+01 2.686823125713287297e+00
-8.596000452078986598e+01 1.847910098384859623e+01
-1.520441119397250986e+02 7.925777181851310083e+00
1.171334399086198808e+01 1.917027743964288433e+01
-1.046582918592102658e+02 1.644301612404264645e+00
1.185884387696310256e+02 2.001842446751200555e+01
5.637596192076601653e+01 5.680304321828288039e+01
1.268828361114162995e+01 -1.883281482353231340e+01
1.379284163495584323e+02 6.966470541929866478e+00
-3.234145458738966994e+01 -4.354513773770296581e+01
-9.051150086548061324e+01 4.626143414522231012e+01
9.458041854871274268e+01 1.284329582932000946e+01
-1.786890292476443776e+01 -5.788092395255677758e+00
9.963871935868334617e+01 -5.195621389385328470e+00
8.344428291729137470e+01 1.874042904928067443e+01
1.810098268088551947e+02 6.944402754560457858e+00
1.386398987367493305e+02 1.747235128385170100e+01
-5.532520220807987954e+01 5.733805837052095455e+00
4.100669450538970295e+01 3.337116578499173869e+01
5.216996683539641566e+01 4.580743552149412778e+01
-9.132264480221213887e+01 4.348138510292387515e+00
8.548600101481095237e+01 -1.692639127868365634e+01
3.632048011994150616e-01 -1.603768263706587760e+01
8.528808450979914824e+01 -1.303074091067598417e+01
4.700356318189723481e+01 1.627825761979529773e+01
-1.034871887336130953e+02 1.737697215864822908e+01
-1.354628785407076350e+02 2.080480765811997301e+01
5.653295158298056577e+01 3.275105621778092058e+00
1.773355690026331786e+02 2.477741973262399000e+01
1.354385194343756496e+02 3.283612703344653272e-01
-1.367995840338281539e+02 3.067498887942016239e+01
1.052538019498350934e+02 -2.482514735475474055e+01
-1.766857744930371865e+01 -8.001944364550313438e+00
-4.828313122917111855e+01 6.007193582648890029e+00
-5.119005209490602226e+01 2.492628900697987504e+01
-4.805551542496273498e+01 -8.062495444416342139e+00
-7.292449250875172595e+01 1.279658014226199647e+01
-5.655807444832877451e+01 1.383666761370801801e+01
5.082829014826683789e+01 -8.642925657704921605e+00
5.170009194590170409e+01 -3.584001890432463000e+01
-2.395481966158384424e+01 2.347068883968568898e+01
-3.705860377081798163e+01 -1.047312209927014059e+01
-3.079957232119609856e+01 -3.804000091635906955e+01
1.255743678437293767e+02 -2.460562128577557317e+01
-1.315647257204798670e+01 -3.291449027162978069e+01
1.536064546784228071e+02 -3.914712220577234891e+00
1.520487008742529333e+01 -7.928133291336063593e-01
-5.141212435323930130e+00 3.007074996293987112e+01
-2.819513046255357835e+01 -6.761249695392746339e+00
-5.626287254276059002e+01 -4.633902319735029529e+00
-1.545325158977365376e+01 2.647883111678864410e+01
1.820493591103783615e+01 -1.723520273192946206e+01
8.324691355977850549e+01 -2.181575729475772718e+01
4.538273269910134644e+01 1.110157445486926342e+01
1.124661464456922886e+02 1.605804674968350554e+00
4.673186519614271361e+01 -4.118136949504383182e+01
7.993184972035885494e+01 -2.631039919219879408e+01
6.568794541715820401e+01 -1.358790769487161221e+01
1.745924082899325356e+02 -9.137451641682867276e+00
2.384975726252011086e+01 -1.984347867107056462e+00
1.053162081189186523e+02 -2.564635774299159721e+01
-1.819323798304791850e+00 -7.408115437147428040e+00
7.451496319315134542e+01 3.600214286923941742e+00
-1.855210599335572965e+02 -1.978725156895903226e+01
-3.648172996365107679e+01 8.408051750073068931e+00
5.409837539415557472e+01 1.207099392944137151e+01
-2.735706030328225680e+01 -1.343708435137384427e+01
7.497771412960136672e+01 7.991172807275225054e+00
2.115218195228633391e+01 -2.389474932947700125e+01
1.153672934953044091e+02 3.419365594144421205e-01
1.264420835644146024e+02 -5.956715886468419985e-01
7.848180412932261873e+00 -1.094531307430175282e+01
-1.229456916448472015e+02 1.970258915571536562e+01
-3.600338331310714324e+01 1.230060551777397926e+00
9.619213014189897137e+01 -2.343788233604120919e+00
-2.545520441540964640e+01 4.880611665189692872e+01
8.002600885656394780e+01 -6.997223002717761986e+00
-8.552522417321617354e+01 5.215214090958792958e+00
9.870745041214767923e+01 -2.818961401961584912e+01
1.592828469164982437e+02 5.018534462731537360e+00
3.894965570732590265e+01 1.443619334566069412e+01
-4.278999664553771254e+01 1.316141871083405235e+01
7.017553818686393186e+01 4.112825831513957553e+01
-4.333070213734923293e+00 -1.277484996186720068e+01
1.104560504933024419e+02 1.820214950608428239e+01
1.233494382056032634e+01 3.938485346323713276e+00
6.074710498058811936e+01 -1.821470949906623815e+01
6.793413774142744899e+01 -1.872937356115122398e+01
-1.092297016724315029e+02 2.606441553384622623e+01
1.144149186124261206e+02 3.940279950668485043e+01
-9.578578380786932200e+01 -6.047560585262219846e+00
1.054674790440778196e+02 -2.819969471023228635e+01
8.599593128818686694e+01 1.740292223997917631e+01
3.369125355627391372e+01 1.412883111427205662e+01
3.570994422203457930e+01 -8.553796481248845396e+00
-1.850769431427099221e+01 -5.226565478805358822e+00
1.674152915211966430e+01 1.741483877144645831e+01
1.208082214412790734e+01 1.584858114612843316e+01
8.262184934015945714e+01 -2.559977864845022211e+01
1.194859081051770175e+02 1.493881280878065709e+01
-1.809491076413679522e+01 -1.005688421021582712e+01
1.610523249127991363e+01 -7.345032501263749625e-01
3.745389812885268555e+01 1.264280181320777530e+01
-7.645525113767070025e+01 5.103624738091885149e+01
4.500799818075573455e+01 1.458556194484994428e+01
7.628107366960820457e+01 2.302180947946832035e+01
1.402626019968795958e+02 -3.952388478320636445e+00
1.321419239882890508e+02 -1.828488878697716657e+01
-1.088712347625418033e+02 2.283029289346656654e+01
1.990051068460449457e+01 -9.627265570154699859e+00
1.279672803345894216e+01 -1.155844994378965573e+01
-1.249880329261843848e+01 2.738902998391260724e+01
4.680156760940098337e+01 9.803492312544346277e-01
3.606922311578966855e+01 -6.152950541058671519e+01
4.583676332268736076e+01 1.405362567569846810e+01
3.988645860471302740e+01 -1.296584998224107643e+01
-1.295549885875960250e+01 9.321069737298900648e+00
1.507252797313902875e+02 3.679638306059085551e+01
8.348122962330192465e+00 5.350399290720734058e+01
7.041554405765414515e+01 1.233686558447358195e+01
1.667371887097743421e+00 -1.555114979412491927e+01
-3.554974848906457652e+01 -5.663050028870176611e+00
2.591700763987710232e+01 4.220965216506585449e+01
4.493651843103098997e+01 8.165457786266866691e+00
-8.915556918095283834e+01 -3.425174048425748907e+01
-1.533945924269111458e+02 1.214808836808982662e+01
-6.827909501837329742e+01 1.108375411615893569e+01
5.373570007244023117e+01 3.384556410962507034e+00
1.226952882163831333e+02 -1.399440111221477778e+01
-2.854046218679898317e+01 -1.224035143411127358e+01
1.141644485452434594e+02 9.173915341959814285e+00
6.205073323264411300e+01 -9.961747003673337986e+00
1.022061210272572538e+02 2.556439682492548382e+00
1.178216515331427985e+02 -1.461860836118572138e+01
-4.713680989874596605e+01 3.320554701524295638e+01
2.884434903012824591e+01 8.308983755207080435e+00
-1.607860221695553449e+01 4.981677157358618047e+01
2.312579559816768082e+01 -7.186478825912390178e+00
-6.680645415224637418e+01 -3.113584137258783713e+01
1.611734954540415856e+02 3.354171363637578196e+01
1.743105942716463233e+02 1.256639750849700299e+01
-2.446042674922737969e+00 3.108896137024862938e+01
9.553682429860667469e+01 2.399459717443767559e+01
-1.531438140927631331e+01 -3.787689560869858241e+01
4.014452838688335135e+01 -2.460118544799452778e+01
-4.206361012150128431e+01 1.492914364220403911e+01
-1.141787573203506554e+02 -2.747090084994078296e+01
4.274910365225522924e+01 2.560214945861743274e+01
1.085042886141485354e+02 -2.821954961975034237e+01
-1.532869942380437465e+02 -2.282650489760145263e+01
-9.002932306375564053e+01 -1.482179464313582251e+01
6.948278859126550344e+01 2.212327778803564016e+01
9.453427373794684740e+01 -1.161643396101618109e+01
1.288604910868209288e+02 -8.296090914090505919e+00
1.382286124894658315e+02 2.932156363654775788e+01
-6.250822229938533425e+00 1.069218232741399355e+01
5.019581921821992410e+01 -5.622081879197108378e+01
1.288497361626299664e+02 -4.454364979768286048e+00
-9.394106784234685392e+01 3.339622743674581784e+01
-8.131518586039371144e+01 3.830823924479378917e+01
1.321055731543619061e+02 -1.943148733437219633e+01
-1.314594229892592203e+01 -1.238837312235521892e+01
8.949825706384910973e+01 -1.009011855401043789e+01
1.947472170409012904e+02 3.831146945530903025e+01
5.806933811718061378e+01 -4.341921496248648538e+00
3.833237824440858788e+01 -1.867099548867313885e+01
3.833612428878640088e+01 7.611524952562738200e+00
1.263224737268765523e+02 3.123590976556231880e+01
1.945809891065385600e+01 1.393369077834239178e+01
1.377949737392316365e+02 -1.919678474162779835e+01
-5.610374373220336253e+01 2.132948140052854669e+01
6.309721778210775511e+01 6.572296560928295506e+00
4.902795738132707726e+01 7.798522291111024352e+00
-9.417268164141118447e+00 2.494731141086318971e+01
-1.548936960575871638e+02 3.489430258113729622e+01
1.206190729070399499e+02 -2.927439421143843035e+01
-2.710220599803879793e+01 -7.651315145847250143e+00
-6.638392398506358916e+01 -2.479433042816320665e+01
5.530811929362831592e+01 3.377288332077859057e+00
-5.760768685096847008e+01 8.755043204503296650e+00
-1.675398758575360034e+02 -1.767655262362562496e+01
6.459419849859189355e+01 4.676349425291682849e+00
1.696048226606459082e+02 -1.802447447230816380e+01
1.544988734351307471e+02 3.210941601363442288e+01
1.312466799003691449e+02 -9.485553991945295804e-01
-2.969151523916438506e+01 2.715350325165010759e+01
-1.067108260932455437e+02 -3.283526761683297934e+01
1.522587822742610797e+02 2.152107814526685203e+01
-3.051606229453319230e+01 -2.374861091358724607e+01
-3.319539825903029140e+01 -1.377143815446413377e+01
8.570654129142222644e+01 -3.329580515202024582e+00
6.268344355448090255e+01 -7.013673100243492442e+00
3.091262082161016522e+01 1.689241854571787727e+01
5.012604562993474389e+01 2.185320259222073602e+01
4.124027263768282836e+01 -9.330087893782387454e+00
6.714596641359612761e+01 1.629810635696178522e+01
-1.130327786529769867e+02 -2.580737560028212485e+01
-2.349116869564516463e+01 -4.054483934289000757e+01
-3.776538544131187791e+01 1.206733932389971109e+01
1.681346903211660617e+02 -5.099363166291063898e+00
1.208858085777986275e+02 2.209660857944395040e+00
-1.507372097924823429e+01 2.235006195575861554e+01
9.317137547132965381e+01 -1.000497579356104261e+01
-8.686503629938178506e+01 -2.887770870091548403e+01
2.068703433613579445e+00 -1.673344358666259168e+01
1.199699026829107567e+02 -1.798933510829873583e+01
2.902866439153581268e+01 -1.740562988201983785e+01
-8.779827207334876960e+01 8.514954845016536211e+00
1.498184949389519538e+01 3.149643990724318598e+01
4.588878043030777576e+01 -2.530332676581553741e+01
-7.164560555274974263e+01 1.044094702124573359e+01
1.454275656858083039e+02 3.499562478053199754e+01
5.342032710759036718e+01 1.561902487125316519e+01
8.602587169249741095e+00 1.445235589978488555e+00
-8.569961532683652194e+01 -1.127664178966154562e+00
3.726418037699716734e+01 9.463256872295145783e+00
-1.726674089312810523e+01 7.176178779683489495e+01
6.557183070956824622e+01 -1.119134384523426817e+01
-2.289829397552166768e+01 -6.705293314172153352e+00
-3.859446400781337871e+01 2.726011883751105813e+01
1.317701986022347853e+02 1.937016604844404577e-01
-5.117688303552463935e+01 -9.058477135334275232e+00
5.273852292828510002e+01 -3.420139522688897316e+00
1.836094293460793097e+02 5.769730319481605108e+01
5.215668597407464802e+01 2.452868420861818421e+01
3.212550967649078615e+01 -2.636390973713985630e+01
1.381485477400369462e+02 3.140067084331729319e+01
1.824652048465326857e+02 1.058370107392502035e+01
1.572916994316351236e+02 4.031570203243763362e-01
-7.821369323784371375e+01 3.825344609822697350e+01
-8.723452241752593039e+00 -1.378719139263948712e+01
-1.006362699996587224e+02 3.062808485615789067e+01
7.818075545383716474e+01 1.672000100970495728e-01
8.861027354542311230e+01 -2.371605016834861601e+01
-2.667317556084848107e+00 6.088736192030459904e+00
-3.476104292723090339e+01 2.073860215298087439e+01
5.194513445757834091e+01 -3.201601949540935266e+01
1.577005516591343870e+01 1.264395828541109168e+01
8.670526773361616790e+01 4.141697698129330973e+01
-4.930024794926993792e+01 4.458815231899379228e+00
-3.367681451020552164e+00 -2.112161714865560214e+01
-3.647210437033334784e+01 -1.569594741901536139e+01
1.692520642472952659e+02 2.163974630243356145e+01
-9.806429409916754025e+01 2.135223794349244386e+01
-5.474304513257576588e+01 3.448874723298336775e+00
6.686985589159326082e+01 3.960909779469573788e+00
1.348514143828995486e+02 5.635940011997830013e+00
2.474836094382026452e+00 -7.033973474370491807e+00
1.544749120497173465e+02 -6.299166632370709173e+00
-2.229726519017261044e+00 4.529468963728857034e+01
9.860935956777161948e+01 -2.751778459866429927e+01
1.486191279420485785e+02 1.959007503680372864e+01
6.526962199278094090e+01 -3.640310317755828695e+00
3.991740464663990196e+01 3.795689472370636253e+01
-1.120427682678181469e+02 2.836942673897615919e+01
1.327564014179083642e+02 -5.988544412697093478e+00
3.307125981933671000e+01 -1.709905568090416139e+01
-2.111371505092424172e+01 -2.428363988276576180e+00
-4.068088335000908939e-01 7.468501083678048325e+00
