-1.394974496931790213e+02 5.083365426797187325e+01
-1.757335891441546494e+02 1.279459343820811235e+01
-1.853997236436082687e+02 -3.213203556081542622e+00
-5.985540201808471750e+01 -7.986633329813231263e+00
-1.958769504701115807e+02 -2.054052203843200974e+00
-1.868735079424186836e+02 1.508933907823279874e+01
-1.537937587082706443e+02 -3.612998086534160080e+01
-2.248969241717200589e+02 1.492122049645395521e+01
1.804516086984111212e+01 1.532542941847627205e+01
-2.136150400334359176e+02 7.284531736624103360e+00
-2.072972400448836936e+02 2.259608506619450896e+00
-6.178457692460609962e+01 -1.162267800104554638e+01
-2.001316205987609749e+02 1.355785782728029609e+01
-1.475641508814965732e+02 -2.727280799878672113e+01
-1.430525635221349887e+02 1.376487440778144666e+01
-2.094722267691096533e+02 2.640471967118909902e+01
-1.341965293684612277e+02 7.908897207169516719e+00
-2.113272734318438495e+02 -6.964446501335112671e+00
-1.691205193835283183e+02 2.413323901298863916e+01
-2.187938111307871907e+02 2.080484290615579468e+01
-1.767276120313422894e+02 -1.851887330633660511e+01
-2.080643662659086033e+02 -2.518668347999991397e+01
-9.299292158049499335e+01 -7.561214225506265052e+01
-1.266506299230033648e+02 1.953954725739294318e+01
-1.568450217479176274e+02 8.074782155000438166e+00
-1.200320071868462435e+02 -1.095245042987554385e+01
-2.264339441411675580e+02 -1.091602631586724215e+01
-1.412835612022139742e+02 3.459648168738412188e+00
5.350292260993818161e+01 3.109901940321396996e+00
-1.678006083887453883e+02 -3.441978957679844076e+00
-1.983917371531130414e+02 -4.295457443451029533e-01
7.661207830380802442e+00 -2.122342377744688235e+01
2.225349204349757315e+01 -1.620141723381755838e+01
-2.024881279588205985e+02 -1.414295698962001957e+01
-1.823380051686918080e+02 8.082800197766113470e+00
-1.029579841295890787e+02 1.610657206091815752e+01
-8.152244486035823456e+01 -1.125930513506226305e+01
8.037937515696785340e+01 2.464348953159269584e+01
5.894311820283382275e+01 -1.978950614167408162e+01
-4.547327159236140659e+01 -3.825358877417637871e+01
1.186230132821367391e+02 -5.647834470260193029e+00
-1.987519991277414420e+02 -1.131222571338142480e+01
3.923593819492661794e+01 1.300906395996707987e+00
1.235653753494121503e+02 3.251443155435077159e+01
-1.757831646715779357e+02 1.827501024848120181e+01
-2.101358351462488940e+02 9.427752258091842918e+00
-1.079133285902804431e+02 2.599722253889422063e+01
-1.826517711467880076e+02 3.689466251675325736e+01
1.089740511563165910e+02 4.667218054902521374e+01
-1.063586010246567923e+02 -7.012990444875478957e+00
-1.995415524036357340e+02 -1.546374186142478990e+01
2.928237569109164440e+01 -6.526270046449496931e+00
5.308256202211862984e+01 1.310230934658086710e+01
-2.056896125692908299e+02 -1.450844538138147755e+01
-1.832087667537954303e+02 5.352212181383139011e+01
-1.884760796676390271e+02 2.303203425983468478e+01
-2.109114657430371551e+02 -2.047157326806153677e+01
-1.663730311040455661e+02 -1.632023513673664894e+01
-7.023449755660229243e+01 -3.032767925440850387e+00
-1.002568495218915530e+02 3.257034911195184179e+01
-1.837137453436300234e+02 3.720770266219261657e+00
1.778029042811173710e+01 1.645325279442110755e+01
-1.728238538397783657e+02 1.082956299846833836e+00
-1.195152372767321083e+02 2.531663323440369595e+01
-1.957144504720151303e+02 1.071776246146361578e+00
3.669987588157595582e+01 1.541201972638543793e+01
-1.328509321001589285e+02 3.014581694483928231e+01
-8.260960419658971432e+01 -1.299518878749236439e+00
-1.848804336450587869e+02 -1.199495220158421027e+01
-1.636179033509579313e+02 -2.474779434046309490e+01
-2.455661151838628200e+02 1.350679418323432657e+01
1.005661914802792154e+02 3.958324320927891105e+00
-1.982549530732965195e+02 1.007365193389532010e+01
-1.996458312875710703e+02 -9.332833158663328632e+00
-2.073784516060666476e+02 1.805461324119603361e+01
-1.846095598146105772e+02 -7.730968706699836446e+01
-3.336963018885789722e+01 -2.936588283278113920e+01
-1.000370197854452670e+02 -8.666814610764809856e+00
-1.024126086792193036e+02 -6.068501547506858884e+00
-2.876390551361425807e+01 -1.782634680715420217e+01
3.409907753748021264e+01 -2.284480001335838750e+01
-9.355119899568755670e+01 2.072277362411552915e+01
-9.300990868012605972e+01 5.289956355674958388e+01
-2.096409464821838640e+02 8.916673642617826800e+00
-7.686445292225860726e+01 -4.015993802399981405e+01
-1.656691447292646728e+02 -4.771449315909181621e+01
-1.535421642153023924e+02 -2.163967017902006162e+01
-1.190370020762892125e+02 -4.916409550031540476e+01
-1.088306597288272712e+02 3.137728263352280056e+00
-2.005668971022644769e+02 -1.039409954551664406e+01
-4.453526738731844148e+01 -1.662411181067422561e+01
-2.006617160943790736e+02 6.006213285458624540e+00
-2.201739173343080722e+02 -4.896220735928027779e+01
4.380277423609954468e+01 -2.964821067221947004e+01
-1.943830161867748245e+02 8.613450090977868001e+01
-8.263674072484717215e+01 -2.047277217727594234e+01
-1.971808613823107521e+02 4.751515394158855266e+00
-2.420571771485048629e+01 -2.144622463195863915e+01
-2.246386489643805930e+02 5.038478288429685392e+01
-1.925828459690215482e+02 -7.768131990527304964e+00
-1.533533778703893802e+02 -1.752162563195481937e+01
-4.321599307706808446e+01 2.126526744105175837e+01
-2.065150669126418279e+02 1.154777546349927242e+01
-2.028241405707560716e+02 -8.429378693199010897e+00
-1.650964665419396340e+02 9.955818357694637299e+00
-2.314970721484773435e+02 6.280849476896898409e+01
-2.108651763758701350e+02 -1.139446740801759184e+01
-1.107382796845216717e+02 5.207423505296377542e+00
4.417003101363172846e+01 2.724818499030498131e+01
-1.713810427291478788e+02 4.176440163707558639e+01
-1.989655054565921262e+02 -3.022727973629828924e+00
-4.433031492996663303e+01 2.688186275119773683e+01
-3.714462411524026919e+01 2.319531434299194217e+01
-1.431460477085576031e+02 2.403016878388129385e+01
-1.223535810501975334e+02 2.080307524278932974e+01
-1.716988088926823082e+02 1.341539342262901080e+01
-2.568189699190931492e+02 -3.198002547154739528e+00
-1.962313753882975789e+02 1.265763929862941595e+01
-1.437714736447521773e+02 -5.801772849631440243e-01
-1.939653225868007098e+02 1.418019711660546278e+01
-1.829689484688423704e+02 2.198697444309809157e+01
-1.647155559546960717e+02 -4.025997192204188835e+00
-1.904462834772007511e+02 1.436308759752475517e+01
-2.253736023696643187e+01 -1.620843294052584582e+01
-1.815940623978065958e+02 1.971621718035073556e+01
-1.933241981045869409e+02 1.293225247135395328e+01
-1.260223117770680830e+02 4.144825703213714796e+00
-7.650636290860906286e+01 -2.126354371678016975e+01
-1.949028035427226087e+02 -2.772448049966070860e-01
-9.182578145356218968e+00 9.929084059685672869e+00
-1.447246905949182292e+02 -1.600188244823425587e-01
-2.087256366139842783e+02 -2.666783767809642924e+01
-6.011693525724629694e+01 4.658447808704707427e+01
-2.080314818388887090e+02 -1.506050907219568202e+01
-2.030348553710397539e+02 -2.456697002357289605e+01
-1.393702999635209778e+02 -3.068683819471197083e+01
-1.706604720470045891e+02 -1.642903441722328139e+01
-1.969339635754493543e+02 1.636237642397357916e+01
-6.195676329317095821e+01 1.028553131424040501e+01
-8.301448813634971202e+01 5.324991743357797702e+01
-2.712093694156678225e+01 -9.861324962313094744e+00
-2.061009729463274596e+02 -2.373651621452755833e+01
-1.795757269647069165e+02 7.424617855503580444e+00
-1.304763637267132594e+02 -2.338300830160238064e+01
-1.891890024892094857e+02 -2.600927971673467454e+00
-1.064956805808897826e+02 -6.699691762945767515e+00
-1.162736636774534418e+02 -4.780276031545176885e+00
-1.912828897219162059e+02 -1.113048473550690431e+01
-2.253772702488021480e+02 2.620448346790138316e+01
-1.951026119959818743e+02 1.591425848391234910e+00
-1.645424607192576332e+02 1.867472487035239381e-01
-2.061016396071908900e+02 -7.976193422107713538e-01
-1.176065603568433886e+02 -2.366028259627925934e+01
-2.162463356013458338e+02 -1.399572280082706932e+01
-2.087380750351789231e+02 1.626770167298678871e+01
-9.571638721980524167e+01 2.310908596356500411e+01
-1.316951562879049789e+02 4.503101837472168967e+01
-1.979122800412478966e+02 -9.725358854509398299e+00
-3.976956604710219523e+01 1.842036175489078165e+00
-1.941562912193224690e+02 1.853573241339714128e+00
1.582212891730043509e+02 -1.648808290649553143e+01
-1.675915764699175270e+02 7.513309804170269501e+00
-2.181053700704995322e+02 9.805896542581550579e-02
-1.554830636719743779e+02 -3.075301246146958434e+00
-2.212829594251054459e+02 -7.637201131806347076e-01
-1.895504776403175811e+02 2.295824184492729625e+00
-1.589104383766243132e+02 -1.127902319218960869e+01
-9.864974592940178866e+01 1.878879885873378797e+01
6.334373912933236284e+01 6.714557829742527240e+00
-1.586936641242193389e+02 5.114715724021522192e+00
-1.934303844672980404e+02 5.243380249226046175e+01
-8.961586983843100995e+01 -2.544145703053731467e+01
-2.076537257462879893e+02 6.776551284272131603e+00
-1.730013496886876112e+02 1.979112300851954132e+01
-1.428047589478320276e+02 -9.253633626153469294e+00
-1.577962648786660225e+02 -1.523342291513268520e+01
-1.515825622287595706e+02 2.118918079324788550e+01
-2.179004945393239439e+02 1.011103991541519243e+01
-1.170902923148479005e+02 2.279295697203811599e+01
-1.774877109702537723e+02 -6.727150126206085190e+01
-1.946173036685467821e+02 -2.214125325273652933e+01
-1.766772537603089859e+02 7.587424478260116345e+00
-1.404233240974959829e+00 7.547470608064099196e+00
-9.936590817171178003e+01 -1.985641650387434609e+01
-1.442278521298267719e+02 1.646370678553010780e+00
-2.859589067306337995e+01 -4.452348361384285802e+00
-2.014524811585355337e+02 2.977548727831834796e+01
-1.638302192425815917e+02 -3.608575154122603124e+01
-2.025106509509520833e+02 -9.000466347954537483e+00
-9.268786629329625271e+01 5.909768581706823731e+00
-7.101573442809277026e+01 -2.126444964095174939e+01
-1.971393508303425222e+02 1.594403497623335220e+00
-2.026655017383478139e+02 -1.041498625023721658e+01
-1.802323690569568839e+02 -2.445791497319914498e+01
-1.180005816480401819e+02 1.780924911187513260e+01
-1.214020734156363517e+02 1.226483584433802676e+01
-1.177701225203928033e+02 5.640486561314721925e+00
1.341078799664681398e+01 -1.302378000497789046e+01
-1.082096495563174727e+02 -2.803376219971076111e+01
-6.706998900447558754e+01 -8.951639169449991940e+00
3.558712781010282544e+00 -1.103229456684760024e+01
-1.903312284882560164e+02 -3.263602206398146688e+00
-2.228198561077990973e+02 1.085334429171079940e+01
-1.828021233858997334e+02 1.923969478461144789e+01
-1.427512816212883422e+02 1.365851378517436743e+01
-1.390057492383787690e+02 -1.072102227991171119e+01
6.618508379065964675e+01 -1.482287825769756040e+01
-2.070334730925080464e+02 9.371324138125590508e+00
-2.640422988912347932e+02 1.058472578015862986e+01
-7.296822058627651586e+01 8.948830730288186430e+00
-1.705105021076509502e+02 1.270213939093801692e+01
-1.729312028415478153e+02 1.757256012636703701e+01
-5.037577181169569229e+01 -1.729545780676213695e+01
-2.344506633255014947e+02 -6.225970992206921295e+00
-1.973049150703927523e+02 1.808682223388977306e+01
-1.707438649802654709e+02 -9.697762897340613364e+00
-1.898975892942957273e+02 -4.055209273011320192e+01
-2.962495980922488670e+00 -5.313596842139153509e+00
-4.479032400757436960e+01 -1.659603872430091442e+01
-2.119827642641181455e+02 1.978489254533974062e+01
-1.132653667055755164e+02 -5.093934577910704142e+00
-1.765998210043123891e+02 2.318986882115847337e+01
-9.250608495155269395e+01 2.719584129593097543e+01
-2.025884566501746349e+02 1.484620628302352685e+01
8.615888911757848234e+01 1.035820425203805684e+01
1.400730703541856492e+01 -1.025094440769810511e+01
-1.698523240873714713e+02 -3.479657930854907733e+01
1.333047456987306418e+02 2.406894428361488636e+01
-2.264231544830218468e+02 1.974563772481356239e+01
-2.626600339455441713e+02 2.504005133055314758e+01
-2.026116950726679704e+02 2.301110323111689127e+01
-2.359373483246547494e+02 -2.941149444504354449e+01
-2.210128127674633447e+02 -8.095175584672393398e+00
-1.533932022487441884e+02 -1.173064548091636539e+01
-1.633723791551412603e+02 -3.737722948744050910e+01
-1.051921077640066642e+02 1.850487661521435356e+01
8.255832071577872355e+00 6.372864827551316225e+00
2.350721278017183380e+01 1.324977365132507146e+01
-1.038133824021401068e+02 6.544298260930391464e+00
-3.379701344560202880e+00 -9.902904349207320323e+00
-2.295807060453440727e+02 -8.330483706175897396e-01
-2.000626904796347105e+02 3.770728773796608380e+01
-2.495968018944022049e+02 -1.896316422747005959e+01
-2.003697443680212587e+02 3.622713711892528554e+00
-1.247993878950625231e+02 1.689666759950270958e+01
-2.015595675352710145e+02 1.362893387311978088e+01
-1.679812040187518392e+02 -1.037928321239697205e+01
-1.569112477318331855e+02 -1.212616016199023505e+01
-4.808775941406743470e+01 -5.378259405736883281e+01
7.546607668843957129e+01 -1.191283295698731592e+01
-3.584262563000483226e+01 2.123985516615475966e+00
-2.064906031218499436e+02 -2.451214242234970087e+00
-1.155151842897558510e+02 -2.714653006747800390e+01
-1.969434441153770479e+02 -1.279555972878303294e+01
-1.735478945937873334e+02 2.667884708999034871e+01
-1.944935379555381587e+02 2.198613456946686195e+00
-1.318305151845480871e+01 -4.598604264361046745e+01
3.419771018117158667e-01 1.023659947857199448e+01
3.719207703190885184e+01 1.646712336816442956e+01
-2.010225346611942712e+02 6.713019358882294618e+00
-7.852533686317616457e+01 4.606759446986456652e+01
-2.014998808304813451e+02 2.217467841610736201e+01
-1.852551361971953270e+02 1.340661736153291095e+01
-1.228951807344378580e+02 4.743425402361739174e+01
-1.631953732636396524e+02 -9.065057952321367907e+00
5.955912272683874242e-01 -4.897316567861959569e-01
-3.730595223066931965e+01 2.241042682953395726e+01
-1.942644864183895947e+02 3.541208408414894038e+00
-8.438124109936541117e+01 -1.844725350249271045e+01
-2.103536044031500296e+02 2.281581044062808061e+01
2.781576069685123542e+01 7.641851726264571987e+00
-2.201502313277269423e+02 1.948094766963151159e+01
-1.409614650246889056e+01 -1.081155625043994917e+01
-2.274388451455400286e+02 -8.859239029898114737e+00
-1.936656184435416321e+02 -2.349730055727147970e+01
-1.963218797820860573e+02 -6.395829321750003515e+00
-1.909968253318285178e+02 -1.387663003706037834e+01
-1.323641108316961663e+02 -2.498568049906700850e+01
-2.059577561393224130e+02 1.123579411285771812e+01
-1.991448032738446443e+02 2.685281658742702415e+00
-1.649019976038333368e+02 -8.578200874174401136e+00
-1.876697204704114768e+02 -1.542586504190608743e+01
-1.238824914316155770e+02 -6.126015865252191217e-01
-2.282487751014901960e+02 -1.339252695325167686e+01
-2.060930238285542089e+02 1.760945213488303551e+01
-1.004168733888340341e+02 -2.252785158612223171e+01
-1.997223183944276741e+02 1.116664154979318724e+01
-1.997085429043211491e+02 -8.457225876411976984e+00
-1.673740522585179917e+02 1.279501246702292860e+01
-2.399849911870319659e+02 -4.243134586235105843e+01
-1.213610657018081298e+02 -3.222561520628015597e+00
-1.720148036132156903e+02 -1.570373948861124092e+01
-1.021646923737714161e+02 -1.753206402119739948e+01
-2.152448283760742243e+02 -3.907889604866270350e+00
-1.831736221867412553e+02 8.751161091442073214e+00
-2.074241578443539709e+02 -2.244288206954911047e+01
-2.499432448250898346e+02 -1.667661693416544821e+01
-1.026716385297726930e+02 1.335755032270776788e+01
-1.659925080284058367e+02 6.760778607077486413e+01
-5.794070892923799931e+01 2.535584039638673204e+01
-1.901259844297850350e+02 -8.924646083970777966e+00
-1.124795587985923788e+02 3.315501256257932461e+00
-1.628145678324608525e+02 -1.881677936615519542e+01
-1.687656543130682678e+02 -4.105801394932400150e+00
-1.809696938807464619e+02 2.186946813974317294e+01
-1.863003579540711314e+02 7.631386784957565617e-01
1.592655374242464950e+00 4.389454487150097606e+01
9.291235989564985687e+01 9.530292485954491966e+00
-1.513285341293601789e+02 -3.130396151747029165e+01
-1.972156951201933452e+02 1.464487490141074311e+01
-1.109319528809373594e+02 -2.717136155792269392e+01
-1.935067748844811319e+02 -7.939265933089482807e+00
-2.127414690844032634e+02 -2.786722275180898478e+01
-2.661209916110375957e+02 5.462190145685572418e+01
1.659000657253077691e+02 3.074005286969650896e+01
-1.882191552413434863e+02 1.019065908938451237e+01
-2.027014883334562683e+02 6.700647227209509005e+00
1.044756314204887957e+02 -1.128527524056251785e+01
-4.401778994162643954e+01 5.043765887267576353e+00
-1.646317322787122350e+02 -2.664280255952282683e+00
-1.818299992879300930e+02 5.028991947525367934e+00
-1.716509737002168094e+02 4.526545623200495250e+00
-1.571165005095990921e+02 1.206197693923911807e+01
-2.573396458190924463e+01 -3.043930015251056220e-01
-1.479897240365982327e+02 2.618281711715228965e+01
-7.198612954585543378e+01 -3.659526311240578877e+01
-2.213505291496645668e+02 -5.056397233071567143e+01
-2.115859697100129324e+02 3.424753451250735026e+01
-1.777964172759577366e+02 -4.660764800415290843e+00
-1.677588766162089939e+02 -5.602146173002138596e+01
-1.121365770429496820e+02 -3.528680595186180380e+00
-2.266979234426172525e+02 -2.039951842365827162e+01
-7.203074040348391804e+01 7.857419998828062546e+01
-1.909045141569224882e+02 3.777206945231147728e+01
7.145227225124030213e+01 7.596074871743582868e+00
-8.048104517545490921e+01 1.860177322701055758e+01
-4.057800157606310876e+01 -6.167321587025107021e+00
-2.090747951721173195e+02 -1.400702734719008369e+01
-2.034093898506039295e+02 1.901124333394573895e+01
-6.006089582816623818e+01 2.335647901486745504e+00
-1.759635470700506232e+02 -2.151281935267795831e+01
-1.974486578262530259e+02 1.707486603392520763e+01
-2.143530048431904902e+02 1.199491584946340339e+01
-1.755637331477332737e+02 5.217327238201799133e+01
-1.774061670453213537e+02 3.851608317525958114e+00
-2.118433755097854032e+02 2.091262481374906912e+01
9.198220833472871050e+01 -2.225740414842997339e+01
-1.991993770904714722e+02 -1.103275992815935425e+01
-6.687632295987197040e+01 -4.164763124416692364e+01
-3.769540752927738936e+01 2.601221406618386212e+01
-1.296396703434473920e+02 1.083105200673633561e+01
-1.718449460792889738e+02 5.612866095638455732e+00
-8.364250889679946965e+01 -1.188975678737316954e+01
1.112536490450925925e-01 7.874388864929971810e+00
-2.202127970911603256e+02 1.068590176686185877e+01
-2.269018383462376676e+01 1.079553838049150372e+01
-1.834252341382580767e+02 1.752023482870730575e+01
-1.639822133287206327e+02 3.310422880110419896e+01
1.518656745421149594e+02 -3.039614810365752362e+01
-2.018973346553363513e+02 -3.220780130112613904e+01
-1.593592457428217983e+02 5.334262762918952916e+01
-2.081111953001605741e+02 -4.434992641803017221e+01
-2.685297335996824017e+02 -2.351681739515590053e+01
-2.039538371530138363e+02 2.475243839876345220e+00
-8.733193051195571854e+01 1.457265205688208454e+01
4.169851888049017674e+01 -3.393639585197891773e+00
2.095414740235205997e+01 2.500766278407400733e+01
-1.265749536106531110e+02 -5.657772933858241871e+00
-7.526870196443856287e+01 1.050045274262002692e+01
-2.094622195189168394e+02 3.532331393590117585e+01
-1.013311914012801829e+01 -5.438150350386555809e-01
-2.184458024014710418e+02 -1.847043794184493137e+01
-2.353588266441641110e+02 -2.479857133706006778e+01
-2.100791709156882519e+02 2.102423002381768669e+01
-1.717231619068528232e+02 -2.890120034645027047e+01
-2.061107602353498578e+02 6.030883005772807337e+00
-2.004820651980056141e+02 -3.925777329686087391e+00
-6.619976235686898747e+01 3.829306111200665885e+00
-2.157103168739748185e+02 2.791427060321296594e+01
-8.751990745033289443e+00 -2.367526285895577942e+01
4.212992899126322044e+01 1.382051717568557336e+01
-1.495155971838567268e+02 -3.116701513662406775e+00
-2.082498205658913193e+01 -1.127739114682841404e+01
-8.497478431468037741e+01 9.111399105000304033e+00
-1.574968878715215794e+02 8.508880360921260433e+00
-1.338448104410163353e+02 -5.324861504509458854e+01
-2.147355272485830824e+02 -8.043125840454582232e+00
-1.993611974905855106e+02 5.595395211055071982e+00
-1.741249394833905342e+02 -5.017576392699345966e+00
-4.906818391066833129e+01 -6.984797900520031355e+00
-1.865455043960395187e+02 2.668186626891674518e+00
-2.336549613347992249e+02 -1.976773963792751587e+01
-1.635069433639663146e+02 -8.668675876629983179e+00
1.173529870634520134e-01 -3.154754063465615843e+01
-1.795987898595417960e+02 -4.243411465524489756e+01
-2.798484189552858936e+01 -4.432852949302852785e+00
-1.731832204947899925e+02 -2.282047937819600136e+01
-4.891377534681387118e+01 1.758325165195321915e+01
-1.836023175825536953e+02 2.398248371670274537e+01
-7.769688779460996386e+01 -3.511928910050389163e+01
1.240533466366463671e+02 -8.978485467732348013e+00
-7.589781261986172467e+01 1.722857491396791829e+01
-2.059008511554472989e+02 4.102504815836223173e+01
-2.248796071692503631e+02 1.703178952979586924e+01
-2.326179722622254928e+02 3.001271729038805347e+01
-1.292292461915348554e+02 2.290145642548628757e+01
-1.976312133883007789e+02 -1.360506235349587456e+01
-1.974304046720718873e+02 9.728523347301853974e+00
-1.539514147252690748e+02 7.121150659493314095e+01
-1.705643187241955161e+02 1.227375685205632649e+01
3.737932588977495385e+01 5.796961881909621361e+00
-2.100348767560843726e+02 3.680801624237225678e+00
-1.827876284492791399e+02 1.722644047171335302e+01
-2.509394312115720425e+02 -2.189447427957997849e+00
2.256678149018626911e+01 1.608268198794734616e+01
-1.978516376270685555e+02 -6.213644256878854577e+00
5.596050158953835840e+00 4.335968102277412584e+00
-1.683450575164611962e+02 2.093517947406762403e+01
-2.120043805100231111e+02 1.188171208370262022e+01
-7.020655097099870545e+01 4.657729582845772320e+00
-1.479262968235170383e+01 -1.213713891929107369e+01
-1.985363285822866146e+02 5.237029551561806784e+01
-1.677545755625644475e+01 -3.225859637645058342e+01
-1.271086042942218768e+02 -1.554649672374128322e+01
-1.435310261465903636e+02 1.657685816449043337e+00
-1.876311348450569199e+02 2.184267220570978552e+01
1.766239272342699849e+02 4.210113946969334719e+00
-2.034666897919065605e+02 -2.867093563099560427e+01
-2.212688137097392485e+02 -3.374377222590995018e+01
2.436542578985070762e+01 2.463727297509545977e+01
6.662297084234241140e+01 -2.084086010430150537e+01
-1.855608641643364649e+02 1.277995947470211391e+01
-1.638648119870224207e+02 2.033863555441138971e+01
-9.196090113148314060e+01 -2.979350343766092379e+01
-2.293434383137262103e+02 3.120246072976410323e-01
-2.272446672288856462e+02 -3.240889029534985610e+01
-1.996949432281924430e+02 -4.093772174542509390e+01
1.406772097066278207e+02 2.139190134235724372e+01
-1.619190161405644233e+02 -1.474667309158767381e+01
-1.882674983099047665e+02 2.345838881243799534e+01
-1.948508365323219209e+02 3.330793012587041524e+00
-5.937939267576759761e+01 -4.566386349892268015e+01
-1.793361317563107207e+02 -3.606342009004244620e+00
-3.825268955444575170e+01 4.127486792157281315e+01
-1.856093049499185383e+02 -1.649310773138597597e+01
-1.933234897959617626e+02 9.739545587448072084e+00
-1.138196602864736775e+02 -9.886939906074662332e+00
1.105671734461079438e+02 9.922781909730929994e-01
-1.567249683790296046e+02 -2.200455901569256412e+01
-1.619571033186101374e+02 -5.286026449635762070e+00
-1.844843979100898252e+02 -3.408178237549280709e+01
-1.917421004764302381e+02 4.309888189589106133e+00
-1.946276882253741860e+02 2.781899423137110361e+01
1.964006659602880944e+01 5.275920283477554307e+01
-4.899002198201593927e+01 1.613696538781099576e+01
-1.953639285039725166e+02 -2.071472818906594071e+01
-2.223138085407273934e+02 8.489094648894844397e+01
1.082478116674211179e+02 6.465228236299141784e+00
-1.865124722317642068e+02 -1.675913191371179067e+01
-2.049694318290729029e+02 -3.993594554042648781e+01
6.972833774402535312e+01 3.401128982172840765e+00
-1.895168484733152638e+02 7.062849891580371775e+01
-2.282261466501544689e+01 -4.814196782768427596e+01
-1.735022083845087764e+02 -2.790621467505034659e+01
-1.979349777877273482e+02 3.254873639090848059e+01
-1.248302829146353758e+02 -6.606063139573906540e+01
2.138056813424367064e+01 2.414857761436559969e+01
-6.166919397556058158e+01 1.139375595181399081e+00
3.853340376945179457e+01 2.182337291173482896e+01
-1.848573270448073345e+02 1.321971796824550616e+01
-1.737858640826212024e+02 4.189985245194061747e+01
-5.627461186331262155e+01 -2.756024352011464451e+00
-1.065687996021983963e+02 -1.069448134397312167e+01
-2.093098069338824132e+02 2.450974313211937528e+01
-2.669724971841959515e+01 -3.254258101556350624e+01
-1.816435849488290728e+02 -1.047431850416862886e+01
-1.670514183857822559e+02 2.126264426100646432e+01
-2.370905258866534382e+02 -4.397230376371276606e+01
-1.068754516175310272e+02 2.528859084049268624e+00
-2.099289045888669989e+02 -1.136039710424732085e+01
-1.513556158016211270e+02 -1.094605390684022339e+01
-2.365843516094111578e+02 6.282031119080789594e+00
-1.967901869122933931e+02 -5.009549510481908996e+00
7.868265517570343093e+01 7.727109527209970352e+00
-1.461063648359227329e+02 1.839026299968218936e+01
4.940604249630117550e+01 -9.106475575259937116e+00
-1.846387657263563256e+02 1.978855104222171590e+01
-2.009894277372394242e+02 -1.475974212476907432e+01
-4.491646397574962890e+01 -1.386616899330944896e+01
-1.979019025519862680e+02 3.534206293885760175e+01
-1.870319031906643943e+02 2.655795116841797920e+01
-2.020131194426838306e+02 -2.116249552717994575e+01
-8.148774118994981563e+01 1.061051291838775334e+01
-1.366660876329344489e+02 -3.591967450850807353e+01
-2.186479451822873159e+02 3.701935727651542862e+01
-2.393693455860647390e+01 -5.353140234042589896e+01
8.023622410530551008e+01 -9.820264609260657807e+00
-1.637114555319974727e+02 -7.426148536178390103e+00
-1.422194370117578615e+02 -7.124827679903109612e+00
-8.847629590382750564e+01 -2.487164991406859826e+01
-1.840551386219559333e+02 -1.150100087455735043e+01
-1.797559527672889601e+02 1.305249894876592620e+01
-1.021303773326367974e+02 2.933549601060199574e+00
-1.172320648113390718e+02 1.007770247151849574e+01
-4.278278919223132704e+01 -2.374455464897908996e+01
-1.605839764708819928e+02 2.513137679538274494e+00
-1.181540581301856179e+02 -3.784224294636641162e+01
-1.721472787494351167e+02 9.612704691593471296e+00
-1.864018168951946279e+02 -2.802623816134638801e+01
-1.793610157921419841e+02 -1.531451076572630932e+01
-1.964178825598292804e+02 -2.253640575479121821e+01
-2.103070408969887239e+02 4.555069834746005597e+01
-6.668634938169259385e+01 -1.044388103359968056e+01
-1.963409139850144527e+02 -2.016521479283261797e+01
-1.929128492666861803e+02 -9.067559127670631325e-01
-1.878349482910888639e+02 2.066048174157881334e+00
-7.002101067370651322e+01 9.081430506015982118e+00
-1.241895688890959946e+02 -2.951581319984645457e+00
-1.439821567027640867e+02 -1.854058372943248401e+01
-1.514691695082069600e+02 -2.768353145076738464e+00
-4.403766931533377260e+01 1.438164141153363662e+00
-7.053867760490994954e+01 3.305660030533917393e+01
-1.429831706287125996e+02 1.179457499711779178e+01
-1.549404196276034327e+02 -3.574356295642387238e+01
-1.109060373143403666e+02 -2.308737601254934901e+01
-1.980893724951979493e+02 -1.304838109058687046e+01
-1.978769601071338968e+02 -5.269425634744701270e+00
-1.842657349505694526e+02 1.829788093891260914e+01
1.574595568857920735e+00 3.973900616822767518e+00
-2.056667209339173610e+02 -9.208268526181925040e+00
-1.504494657932688995e+02 -2.562907722589984871e+01
-2.255785758469538678e+02 -2.771356991561067407e+00
-1.708755763094998770e+02 4.704329201933918903e+00
1.484674457763121236e+00 -8.695826384572070467e+00
-1.748440878179462743e+02 2.667103687670214640e+01
-2.256186908861371023e+02 -2.338998758321901050e+01
-2.269035457835435068e+02 -4.656349064725233688e+00
-1.636469715879281068e+02 1.171472633945644404e+01
-1.977510840252347464e+02 2.696060720463850480e+00
-1.071212807111685379e+02 -1.987154309178171374e+01
1.495854935064586471e+02 -3.219387093135448197e+01
-1.943137884877710917e+02 7.340078438688336426e+00
-1.159166996671307857e+02 -3.948113977731040780e+00
6.877146459125521361e+00 1.340508258956836229e+01
-2.133360461538111110e+02 -9.141524027161632704e-01
-1.198950566416146017e+02 1.158786778037028675e+01
-2.074537331885937022e+02 1.602969973897520051e-01
3.435181579093644189e+01 4.608136464610850247e-01
1.351733323354753793e+02 1.124575662368980922e+01
-1.498298510366680034e+02 4.218721672405707501e+00
-1.005478400960369783e+02 -5.286606291571874117e+00
-1.451973058309470730e+02 -8.807513619330674004e+00
6.810100994111895067e-01 2.016862844237252705e+00
-1.537775870915722010e+02 -5.524910863589278520e-01
-1.146538827743398485e+02 3.806558386499740010e+01
7.963670346373551467e+01 2.172458624755790169e+01
-1.479074260785437787e+02 4.870562460175372976e+00
-1.846855973874673680e+02 3.124319442061149488e+01
4.715810394517337301e+01 -1.693399039355703906e+01
-2.200950475144441612e+02 -2.280811857968116385e+01
-1.987268096008012606e+02 2.851583579423682124e+01
-5.851910715026238563e+01 3.424409688065318136e+01
-2.109916227834147548e+02 6.401281570626590423e+00
-1.865395475025556493e+02 1.779932392596812463e+00
-1.313603341852333699e+02 2.507496018568264873e+00
-2.021983424777892822e+02 4.148737391161609889e-01
-1.479840300519710183e+02 -7.755301344942899355e+00
-1.949054555099694142e+02 3.151490693141786537e+01
-4.985292470511098628e+01 2.240435247786131612e+01
-1.536071683546647115e+01 3.956869720965888604e+01
-1.678038511953517968e+02 7.416494263977304602e-01
-1.580111078114709358e+02 -3.108477039316484536e+01
5.579283049737016853e+01 -3.277281931441797358e+00
-2.722281003004372906e+02 3.660715550410502317e+01
-2.077759568921125606e+02 1.505947962385955030e+01
-7.885115280732640031e+01 9.285401607556725168e+00
-1.484587178196541402e+02 -1.098388659576915671e+01
-1.901228196167749331e+02 1.565922158684412047e+01
-1.573985546252478400e+02 2.952297680803924251e+01
-1.324248028176747027e+02 3.445212907263689317e+01
-1.840585869583371448e+02 -1.128765472856334284e+01
-2.160284900042508696e+02 1.449528153297582911e+01
-6.797681831220153015e+01 -4.282504574615256132e+00
-1.325151818759801756e+02 -2.911214679514771930e+01
1.785927310110902511e+01 -4.026494015920390268e+01
-1.973144669491762784e+02 -6.183586216542152236e+00
-1.500084272066063988e+02 -4.241351859966956539e+01
-8.845546449275069278e+01 -2.333055200655269701e+01
-4.965812411528744974e+01 -3.092322280655408662e+01
1.537692568935748625e+02 -5.466302645655741088e+00
-1.939183922003268492e+02 1.988993726014628294e+01
-2.159758198766272699e+02 -1.706482612555998557e+01
-1.609125933888587099e+02 -2.058745333971222280e+01
-2.011393570425787232e+02 3.608039021666246526e+01
-1.003724154204212482e+02 -1.972034789342994543e+01
-1.801044920456280636e+02 -1.780373684120186795e+01
-1.881769987478772634e+02 6.293659393837693727e+01
4.574631498861634782e+01 -2.792048543446936648e+01
-9.169960608904295896e+01 4.591223685646876440e+00
-1.928493450191772354e+02 4.129284022760235651e+00
-2.402592240160795996e+02 2.098637525365063539e+00
-1.912901386899089005e+02 2.421070241774436482e+01
9.018702042700439847e+01 -5.616024535566254805e+00
-1.850181862070909631e+02 -8.278167869793302103e+00
-1.795240540364483763e+02 2.739426916413669755e+00
-2.129927938842085098e+02 2.227113468720981615e+01
4.996483078058227534e+01 7.605786721065928191e+01
-2.053916257446648217e+02 -3.750304015594011275e+00
7.914003460042857796e+01 -1.972208617105055684e+00
-2.130140636258602456e+02 6.259916592131746782e+00
-1.952479107215168597e+01 -1.697290125781307779e+01
-1.808463367122885757e+02 2.442800771870158272e+01
-2.121634024257773206e+02 9.486372533936364704e+00
-1.950949487328070120e+02 2.783485458328958551e+00
-1.633658915769282771e+02 -8.407374584754915503e+00
-1.894675848849028341e+02 2.660154882860359038e+01
3.728891388462811651e+00 -2.856818760579417926e+01
-1.889400415440900645e+02 6.965826991219467246e+00
-1.218791197866718790e+02 2.144590962323365702e+01
-1.883187203633178513e+02 -4.889190014820503194e+01
-5.750225026320748611e+01 -1.170136879892671544e+01
-5.633106909018858488e+01 -1.640092574229856837e+01
-1.741555620603088244e+02 1.020924004040885613e+01
-1.994157502900761472e+02 4.632501389177139828e+00
-2.381602094895270909e+02 -2.504876402461642826e+01
-6.038928082613974624e+01 4.285907472324069545e+00
-2.015652798741123206e+02 -1.000050452157912417e+01
-1.813127713788520055e+02 -2.928876371729555217e+01
-1.344150834424416416e+02 2.784080875539064337e+01
-1.464018551760154878e+02 -3.199112446643395913e+01
-1.669650050744128578e+02 -1.024018530141694328e+01
-2.150537836343575862e+02 3.690151756722774401e+00
-1.359560724597220549e+01 -2.278870498584878490e+01
-1.308518784387657945e+02 2.780478285873673272e+01
-1.736066555033908685e+02 2.834585342532608010e+01
-1.956327291872079286e+02 -4.150233897389626669e+00
-1.890240183476277025e+02 8.465849565847410219e+00
-1.326321164722338324e+02 1.248459778481960392e+01
-1.357199541198773716e+02 2.479836588301584044e+01
-2.104023439409992022e+02 -2.034395240670079019e+01
-2.239807077211700346e+02 -3.969100810436898996e+01
-2.046620782566178889e+02 -6.866009370611766371e+01
-1.284439114598326626e+02 -5.371558508545535737e+00
-1.809421362383515657e+02 -4.453962052809417038e+00
-2.075443763608084851e+02 7.355308978474735859e+00
-1.896652203681477999e+02 4.684882296404908608e+00
-2.218652537322618628e+02 -1.152388063042648270e+01
-1.150133053989772591e+01 -2.266567713237786563e+01
8.777907387919286464e+01 -1.991694447380780986e+01
-1.675123739517827630e+02 1.409498766377955015e+01
-1.269435685709926389e+02 -3.124807159875734541e+01
-2.138212954897760767e+02 -2.991611844573732171e+01
-2.088538609307428260e+02 1.921841894429320741e+00
-6.476813877583974488e+01 -5.362235798936846543e+00
1.325754520580227052e+02 -5.430770775735219047e+01
-5.539596902288105440e+01 -2.276908849504601307e+01
-2.068348705522552109e+02 2.122488216566252583e-01
-1.789834192360157772e+02 -3.559398119597613430e+01
-1.281904301535970205e+02 2.557519864953992439e+01
-1.254541476831558668e+02 1.694291340011620761e+01
1.054086086217430420e+02 -1.385436650476320608e+01
-2.011020808315757904e+02 -3.569468886876970615e+00
-1.492855270266576611e+02 1.022937986633944796e+01
-1.048205357914729419e+01 2.091207145259413380e+01
1.840439469589945816e+02 -3.118659158261765185e+01
-2.046431864653522723e+02 -9.369511027541095771e+00
8.968721326701066232e+01 2.245540059470611638e+01
-2.070685343124891062e+02 -3.110429388187274924e+01
-1.974202442366447485e+02 -6.066926106031780286e-01
-1.293929931918752061e+02 -3.484497984498062806e+01
-2.058729381473036995e+02 -2.174321631873702287e+01
-2.011668233956154381e+02 -1.161700239391870326e+01
-2.106028393936334169e+02 -2.873181251969978689e+01
-1.906029437600298593e+02 -2.471531763983921692e+01
-1.588338535342176385e+02 -9.281965478357214749e+00
-1.404271970925026949e+02 8.846022054001046797e+00
-2.238398091249380286e+02 3.673002049104916011e+01
-2.081452821503033306e+02 2.242040435159448464e+01
-2.351859131988354932e+02 1.875355755824958726e+00
2.615130090018777498e+00 1.419320068717941830e+01
7.920580602440486473e+01 -4.866621618019168238e+01
-2.081655271024945080e+02 1.369881854396265375e+01
-2.274346935817143276e+02 -1.571842984553163980e+01
-1.788582712727469186e+02 -1.884930529103640140e+01
-1.610387925120172952e+02 1.294884472771306250e+01
-1.778896745536301012e+02 -4.954664057072459116e+01
-2.379878373874679767e+02 2.812114561938583179e+01
2.136750707044835451e+02 2.805594780845815706e+01
-9.940864184415271154e+01 2.567802510682257022e+01
-2.082240763126239642e+02 1.119862379592345647e+01
-2.125735746240081312e+02 4.986768987492234118e+01
-2.090430327528032137e+02 1.850859080499555942e+00
-1.970883697868254671e+02 -1.554077327071762049e+01
-2.496168823181565131e+02 2.685012892447177890e+01
-1.473906616048377600e+02 -3.372524825790834768e+01
-1.134284217984920105e+02 1.428793512588163672e+01
7.260951184944104853e+01 -1.462154642701320562e+00
-1.759376926437066402e+01 -1.926507845717449641e+01
-2.056865164161333155e+02 3.294190622251364609e+00
-2.627248477590367202e+02 -1.713700709302771585e+01
-1.646164426620162828e+02 -9.064740897268080966e-01
-9.555838891599702833e+01 2.821119607332589396e+01
-1.376541927085288251e+02 -1.476914253661693976e+01
-1.836318071173265878e+02 -9.275007625398572486e+00
-1.435067885911019516e+02 6.187574417122742254e+00
-2.016537198773448551e+02 9.164044170465169614e+00
-1.085322249485493842e+02 1.661544383257827207e+01
-1.752378353289073232e+02 -1.776352512100416448e-01
3.133867287398683033e+01 -1.325640713210849420e+01
-2.304633428516258959e+02 -9.104759658052029181e+01
-1.801960764472810865e+02 -6.605993843380709052e+00
-1.312256798683856687e+02 -1.327253530882236410e+00
7.323912803633119495e+01 2.225624452535070219e+01
-1.478039716149557421e+02 5.766259887572073950e+01
-2.099391176597620188e+02 1.154544318891574584e+01
-2.344392047234140648e+02 -8.684595708944489734e-02
-2.077563559486192730e+02 -2.062168753706455959e+01
-4.413070224679475473e+01 1.646635369699917462e+01
-1.829677504631584952e+02 -7.975880775144279511e+00
-1.574076875748996827e+02 1.729497191487377705e+01
-1.387692827143070531e+02 -8.352370650121420326e+00
-2.058423418096014856e+01 -2.699448522786741123e+01
6.452572041320792096e+01 1.614658097399586545e+00
-1.903668894999785834e+02 -1.371645779045982838e+00
-2.009621594075728979e+02 7.605371922749523605e+01
-1.588813337677791822e+02 -8.911567839495353027e+00
-2.535059627623379299e+02 -2.026660470042424222e+01
-1.768500913951577616e+02 1.914651184642688619e+01
-1.192661417210553907e+02 3.135080335144530395e+01
-7.692071066240215771e+01 -1.797803074728113071e+00
-1.346998628807309615e+02 -1.320164061698587865e+01
-2.074996922242871733e+02 -4.670650650131670467e+00
-2.137671939932394025e+02 -6.551371308075525235e+01
-1.355558029419828188e+02 -1.152605465952224328e+01
-2.138573888108735161e+02 1.403075652300760368e+01
-1.425913172190676903e+02 2.111652470872846976e+01
-1.952988263015739676e+02 -7.655424704903222910e+00
-1.972914645901348933e+02 1.770667954107349473e+01
-1.808273964516370995e+02 -6.648207085289037366e+01
4.825868912573567115e+01 1.514313326373830648e+01
-1.974251352529542203e+02 -8.703343449281985000e-01
-2.229420923851782277e+02 1.139497515194455701e+01
-2.480254865781250260e+02 4.542066894491440365e+01
-1.880474027937967207e+02 3.612899210268641781e+01
-1.300271536882927990e+02 6.176976788791953332e+00
-2.407013952569014066e+02 -3.923934859845315515e+01
-1.964711666337530005e+02 8.581442919710404738e+00
-1.938470906687138040e+02 -2.178046625406160075e+01
-2.003383810848432347e+02 9.859530568079936330e+00
-1.653062440326602314e+02 -7.063874181781393702e+00
-2.663458303836357572e+02 -7.525814638063470952e+00
-1.092276212675428866e+02 7.784515062237522542e+00
-9.227147693232197412e+01 1.288768299403306727e+01
-1.775767774848399654e+02 4.522161623143510667e+00
-1.639848530073345856e+01 2.490794156146196592e+00
-1.849156464873412062e+02 -8.723936034626525782e+00
-1.685427359720087566e+02 -3.832163158013181459e+01
-2.046509299884912991e+02 1.258518119779935773e+01
-1.743088869485283681e+02 2.454635969179210520e+01
-1.987763104917652583e+02 -8.501653578567363923e+00
-2.142014055614445738e+02 -1.719525294781555402e+01
-1.434111454721079895e+02 -3.643233829081750486e+01
-2.002519723083040617e+02 1.118797520822824154e+01
-7.603940704695021680e+01 2.190230046329802960e+01
-2.002271101636659125e+02 2.352093107571280939e+01
2.689415718330633709e+01 2.222617617904343135e+01
-1.136918859041031453e+02 -7.090787302485088617e+01
3.087226692363430658e+01 2.608352418023924812e+01
-1.448418339711335179e+01 -3.158277772963222318e+01
-8.426798723855706896e+01 -2.835162313484825169e+00
-5.126801451039052893e+01 1.045220553320472945e+01
3.993510464373230207e+01 -2.053792358945096552e+01
-8.775936312962797103e+01 1.424805606234203026e+01
-7.572155359778409434e+01 -1.439278482254644764e+01
-1.279014293702455518e+02 1.085567357030968599e-01
-1.883499006132769580e+02 -1.339801499306836696e+01
-1.739412041484491169e+02 4.010218294278062956e+01
-1.616007581416066898e+02 2.742155997083381891e+01
-8.338636606284536867e+01 -9.407079060636629464e+00
-6.597310768893952115e+01 5.474536112567433577e+01
-1.935121637730136115e+02 4.417336764536097604e+01
-1.225232559162708412e+02 -2.825425573018898362e+01
-7.528092398122119278e+01 2.265846052751771111e+01
-1.953676911804464282e+02 1.506050022930769572e+01
-4.024740317301520065e+01 -5.827784906166545653e+00
-1.918743947278020698e+02 3.188698412622083112e+01
-1.658449503785682566e+02 7.930905456538785536e+00
1.221438327209701491e+01 2.754451959705279407e+01
2.474444839333053636e+01 1.656195848694339645e+01
-1.395691969953439298e+02 1.333765435114031916e+01
-8.923346147830126540e+01 6.685016269792430421e+01
-7.692064532541375854e+01 1.394769389854356056e+01
-1.089436476671271521e+02 1.027592669375465384e+01
-1.650684713976455669e+02 3.966830350062338084e+00
-1.898283398472808301e+02 -2.587055702037508453e+01
1.278752737553406860e+02 -1.633155343650752656e+01
-1.144131173809944073e+02 -2.090713036156765980e+01
-1.633240757469012578e+02 -1.856664897566027506e+01
-2.011034028700219096e+02 1.611937482825336998e+00
-1.909836988263590456e+02 2.506114325810743448e+00
-1.760572055743654403e+02 2.505276754430878050e+00
-1.934398363152374429e+02 5.851622002909943276e+00
-1.818926299280873309e+02 1.985016253587509283e+01
-1.358627793744477401e+02 -3.622942728064497131e-01
-4.689485499336492325e+01 -6.345820593369295892e+01
-2.178591983524606235e+02 7.831911469682077964e+00
-2.005429272452771556e+02 2.509474233029624557e+01
-2.100697032181627435e+02 -1.037845246075427141e+01
-1.427465641965199836e+02 -2.121353950983063186e+01
5.691298769617270636e+01 2.666919301945220511e+01
-1.966822938867515234e+02 5.424611682154207415e+01
8.306188648956985787e+01 -4.289153522085320702e+01
-2.019402012706071616e+02 4.358942029554305719e+01
2.597692751115702947e+01 -5.894351605156447960e+00
-1.891649201171804293e+02 -4.153760896104337519e+00
-4.461382470798194610e+00 1.508000244154814951e+01
-1.497008319585084735e+02 2.595409026513683326e+00
-1.939028304693235611e+02 -3.700069621571955025e+01
-8.592457772065210975e+01 4.085586903798945002e+01
-6.272036102640561950e+01 5.321054531879257254e+00
3.545280632129370701e+01 1.855002493909121952e+01
-1.132996082644002200e+02 3.768313007019441585e+01
-1.315451692383930151e+02 1.476690251208167837e+01
-1.809008151078404296e+02 4.497774183915359103e+00
-2.044112160063850752e+02 -6.920402916162787577e+00
4.780129839835093009e+01 8.686476697514967649e-01
-2.419045391618441272e+02 -1.430297435677698559e+01
6.919667667700235825e+01 -3.315184381050852558e+00
-1.621969463940069716e+02 -1.032168369177042422e+01
-2.032336167912449980e+02 -1.672904506947082837e+01
-1.900166101481344469e+02 5.967986091065954213e+01
-1.016830214617214239e+02 -1.303865121061756582e+01
-2.217551264847320454e+02 -1.196757575124463707e-01
-2.065603631871892958e+02 -1.690032752555658035e+01
-1.773702117836835725e+02 2.390372676654943618e+01
-1.274106350851475895e+02 -5.720344266079679940e+00
-1.045679253628656653e+02 -7.190510814459567968e+00
-5.350105143637124883e+01 -9.833514631044700138e+01
-2.182132821413762542e+02 -4.390635263622078455e+00
-1.970805236581986151e+02 -2.636286464799216134e+01
-1.873150781480719331e+02 -2.280129628658265162e+01
-1.837808851620676478e+02 1.784997573244767599e+00
-1.168155806363403428e+02 -5.960416778908107283e+00
-1.901013574026395929e+02 5.127710479693182322e+01
-6.082790920535815360e+01 1.359675789794854772e+01
-8.151938602307221515e+01 1.386606193866922965e+01
-1.443388563025548592e+02 -1.991128600628687551e+01
-2.972923096870528248e+00 -1.896857305933762916e+01
-2.535054654136863803e+02 2.418170885641293122e+00
-1.938040799335587963e+02 1.139777580981651361e+01
-1.957371404583300034e+02 1.022638871060133248e+01
6.580457978800681929e+01 -2.011803680144894457e+01
-1.481059076082430037e+00 2.250744273724045286e+01
3.217221444885093007e+01 -1.357516856039918274e+01
-6.351223527255238821e+01 3.120611863611270209e+01
-1.609700238441373585e+02 -1.493627398894079406e+01
-7.224074075584444188e+01 4.367224439061585173e+01
-1.986730476913556913e+02 6.358397919092074524e+00
-1.936738834509615685e+02 4.704552085219523150e+01
-1.062694501386740598e+02 -1.572287752464385768e+01
-2.219900710467165652e+02 7.528060618008522997e-01
-1.742057661405126794e+02 -9.437427210073748185e+00
-1.746714295784268245e+02 -2.418740377138145448e+01
-2.044812572188210424e+02 -8.825539541671922450e+00
-6.953091136194345268e+01 -1.377302288848262712e+01
-1.956371239908706059e+02 -2.130121469750383967e-01
-2.663651793624367059e+01 -1.355536087982968851e+01
-1.899406538999622853e+02 -1.238606517582975286e+01
-1.917119771171642242e+02 7.408710721614723660e+00
-1.710780666466233413e+02 1.578660890100441172e+01
-1.247106934112661918e+02 -2.609577714666150072e+01
-3.631247854309980738e+01 1.818696152382008790e+01
-1.149441996177732932e+02 -7.118199187637890279e-01
3.464716734948150645e+01 6.723904837457754802e+00
-1.655018532290064002e+02 -1.494272035182668112e+01
-1.933262355793524705e+02 -3.336836291222034134e+01
-2.052115623341213677e+02 -8.777830268649797318e+00
-2.049050937038056475e+02 -2.996481139260679161e+00
-2.104020290935589230e+02 3.251925994110129636e+01
-2.458899603280052872e+02 2.931086079538070432e+00
-2.068840865930077371e+02 1.661910259790287014e+01
-1.898719922812141760e+02 -2.311954468840852428e+01
-1.982105031031075555e+02 9.595674215226179626e+01
-2.541429735749337624e+02 -3.682107841055302089e+00
-1.839659706280445164e+02 3.515237729272217848e+01
6.356442127678296572e+01 2.870766508947949802e+01
1.304070757221996146e+01 1.560740977592263690e+01
-1.970987398664524051e+02 9.785201784949771664e+00
-1.981669855890928034e+02 9.180514020552446652e+01
-1.933449010800081851e+02 -3.698559200479640197e+01
-1.273449637776115679e+02 -2.926033907606374029e+01
3.873329050563864229e+01 9.114427798423667682e+00
-1.970090683815959380e+02 4.332906799473208892e+00
-9.243218089117846148e+01 1.413193628726210171e+01
-1.889527118639030903e+02 1.441727277627257386e+01
-5.162546692920824398e+01 -1.367232755566136682e+01
-1.961056033002799097e+02 -4.773364999874756265e+00
-2.017418987472209153e+02 3.007955196513258489e+00
-1.062045596966275554e+02 4.634655045272172202e+00
-1.932275119106392367e+02 -3.217489882642773580e+00
3.066162411786767095e+01 -1.991386366057066226e+01
-2.319897445745753259e+02 -5.188008423013850567e+00
1.360662965762923093e+01 -3.840008861921319294e+01
9.564977724892497690e+01 3.338486027587441729e+00
-8.020625781853347291e+01 -6.389317774024676488e+00
-9.688947253027136242e+01 3.310893775682264817e+01
-1.886474923197052931e+02 1.374227796058834272e+01
9.822687801590886636e+01 -7.586862246198535331e+00
-2.441424417558965274e+02 -5.775162150925029181e+01
-1.871822322430691941e+02 5.761583369466248428e+01
-1.143565345931602337e+02 -5.903057267294047961e+01
-4.127535258550301478e+01 3.947495609738526667e+01
5.696494579760951638e+01 -1.504840475030646907e+01
-1.676219112285474750e+02 4.019995432887019859e+01
-1.850594447639253701e+02 1.143102503569904194e+01
-1.933749126950024504e+02 -1.016024358626542146e+01
-8.668796611939447416e+01 5.695881156743782014e+01
-1.543959970265585184e+02 -3.507954777362314758e+01
-2.185510254157018721e+02 1.510878064772852358e+00
-1.630366380902100047e+02 -1.222272389647705459e+01
1.294612626069849455e+02 1.932458000999294967e+01
-2.859215718466930412e+02 -3.967703370859232592e+01
-1.878691560451829332e+02 -2.958870052480742530e+01
-1.397683429018286176e+02 -5.208492105196982358e+00
-1.932854824632461828e+02 4.711595031285999369e+01
-2.436131409192278952e+01 -1.861980656455268601e+01
-1.877835906182366159e+02 -9.433401593021843112e+00
-2.569799685413564703e+02 6.851299768030576054e+00
-2.108873124426363574e+02 -1.151616961524879734e+01
2.860339678920845330e+01 -4.655445276000168775e+00
-2.899906051272242635e+01 1.684650011611059384e+01
-2.226438105739142657e+02 7.707712784432830810e-01
-2.224130131105695227e+02 1.772588663278063947e+01
5.063666560596654165e+01 -2.696497345340689122e+01
-1.409639426799477633e+02 1.285429780967771585e+01
-1.818912598324505439e+02 -2.604658065603407024e+01
-1.975456079145633908e+02 -1.432386509646582873e+00
-1.774319477727163417e+02 6.075032855760199801e+00
-1.445332137925619520e+02 3.436950560862686643e+01
2.427601198837579943e+01 -1.212952304718371366e+01
4.451466491933651071e+01 -2.357730557014810913e+01
-1.931155216474582801e+02 2.337559737875446331e+01
-5.970353764359256132e+01 -9.830385923894469968e+00
-1.891705169393260348e+02 -8.137377379544558087e-01
-1.802718305745105738e+02 -4.458262703739137578e+00
-2.166743054027706989e+02 -1.056771580057597149e+01
-6.035386825068111705e+01 -1.106627034783175034e+01
9.972931326809211328e+01 7.936544733331055035e+00
9.577189680407688854e+01 -1.881735827616016010e+01
-1.182901152536442595e+02 -1.465553067090076311e+01
-1.935780583268847863e+02 -2.621569663041666232e+01
-1.964660675180210205e+02 1.351413729645329731e+01
-1.681489466633429970e+02 2.805796210255156353e+01
2.859053820464324858e+01 -1.980267315296520891e+01
-1.229324355347288673e+02 -3.838927188908501376e-01
-1.725288308731198867e+02 -1.057740014200272505e+01
-1.718698156576213592e+02 3.793948826247698491e+01
3.941211501319295962e+01 -3.033106142079813594e+01
-1.188069876978811834e+02 1.565648399464942742e+01
-2.182021680395323529e+02 -4.586029699434452489e+00
-2.103899634086126582e+02 -9.931497755684121742e+00
-2.013206729969948583e+02 -1.250291119588102795e-01
-1.150558906846154912e+02 1.528483486489793286e+01
-1.708216757504085308e+02 -1.564954703205406794e+01
-1.994110563396819487e+02 7.730770889827077497e+00
-2.224862786065953060e+02 -1.518182212390129138e+01
-1.648190285618544237e+02 -4.592844266764604555e+00
-2.337070991355538183e+02 3.031137563339835950e+01
-4.246650367936861414e+01 -8.866584065184712760e-01
-1.946317001728322680e+02 2.439079419702379425e+01
-1.770102533589722782e+02 -7.304335469150613847e+01
-2.047785683910980481e+02 -3.374476301120392652e+00
-2.205195680286498998e+02 4.333501764509891530e+01
-1.770459695671752343e+02 -4.408983799020092853e+00
-1.839945869471751791e+02 -3.413977052552504432e+01
-2.355559086964033781e+02 -7.382998070778717725e+00
-2.020074555179252798e+02 3.187468000777623445e+01
-1.619065499762698437e+02 -4.371755800459327546e+00
-1.192436416541012676e+02 1.466142761248754667e+01
-1.795629396203116528e+02 -2.571855067468788292e+01
-1.877632027165358579e+02 7.658035268526699468e+00
-2.445775296212096066e+02 -3.501665160931884913e+01
-2.266131740900704301e+02 1.153488371444136007e+01
-1.726211581029553486e+02 1.498753020894884536e+01
-1.853935546165697303e+02 3.496360752025427132e+01
-1.909337587451609863e+02 1.613694766312843498e+01
-1.335025653343880947e+02 7.163352037154843366e+00
1.069486686210259023e+02 -3.502075290867608004e+01
-1.769665969039472770e+02 1.389500791423703774e+01
-1.804759731922844139e+02 5.415907489099156180e+01
-1.773742252913436630e+02 -5.236143231653212382e+00
-3.577920740511638797e+01 -1.611536487744617663e+00
-1.756145450297080686e+02 1.845581889877958659e+01
-2.068557375808975962e+02 2.421446576210153978e+01
-2.051139615476927531e+02 -3.072278914059522492e+01
-1.756974242257925596e+02 -1.084651664293024176e+01
-1.897229139896874130e+02 2.531845237408510485e+01
4.134854592791641181e+01 6.383929944099713261e-01
-1.086150694624804629e+02 -3.207979551768095661e+01
-2.022305454475832676e+02 8.175624139112233735e+00
